# TEY data for sample bare Si BNL 1
# time(s)	normalized_TEY
0.000000e+00	1.815203e-06
1.112160e-01	1.902509e-06
2.184620e-01	1.825072e-06
3.266920e-01	1.804575e-06
4.349240e-01	1.832664e-06
5.421670e-01	1.856958e-06
6.503930e-01	1.891881e-06
7.596310e-01	1.840256e-06
8.678740e-01	1.849366e-06
9.760950e-01	1.837219e-06
1.082334e+00	1.853162e-06
1.192577e+00	1.822795e-06
1.299805e+00	1.843292e-06
1.408585e+00	1.815962e-06
1.515872e+00	1.897954e-06
1.628791e+00	1.809129e-06
1.736424e+00	1.834942e-06
1.843110e+00	1.846330e-06
1.951579e+00	1.838738e-06
2.059341e+00	1.882771e-06
2.166335e+00	1.831146e-06
2.274562e+00	1.846330e-06
2.382829e+00	1.863031e-06
2.493283e+00	1.812166e-06
2.600899e+00	1.863791e-06
2.741249e+00	1.815962e-06
2.851477e+00	1.838738e-06
2.958952e+00	1.876697e-06
3.068600e+00	1.863791e-06
3.175860e+00	1.866827e-06
3.284164e+00	1.859236e-06
3.395638e+00	1.824313e-06
3.504299e+00	1.869864e-06
3.612507e+00	1.870623e-06
3.722889e+00	1.860754e-06
3.831752e+00	1.845570e-06
3.938635e+00	1.863031e-06
4.046792e+00	1.850126e-06
4.155355e+00	1.828109e-06
4.262456e+00	1.873660e-06
4.369371e+00	1.826590e-06
4.476092e+00	1.849366e-06
4.583497e+00	1.847848e-06
4.690570e+00	1.865309e-06
4.798634e+00	1.819758e-06
4.909373e+00	1.858476e-06
5.019006e+00	1.853922e-06
5.128774e+00	1.818239e-06
5.236023e+00	1.845570e-06
5.346433e+00	1.834182e-06
5.454097e+00	1.869864e-06
5.562502e+00	1.832664e-06
5.671779e+00	1.846330e-06
5.779384e+00	1.839496e-06
5.888279e+00	1.826590e-06
5.996395e+00	1.845570e-06
6.105752e+00	1.857717e-06
6.212837e+00	1.859236e-06
6.320516e+00	1.866827e-06
6.435368e+00	1.843292e-06
6.542745e+00	1.863791e-06
6.651312e+00	1.850126e-06
6.758309e+00	1.841774e-06
6.868014e+00	1.842534e-06
6.976256e+00	1.856958e-06
7.083475e+00	1.844052e-06
7.191076e+00	1.862272e-06
7.300297e+00	1.861513e-06
7.407933e+00	1.869105e-06
7.517581e+00	1.889603e-06
7.628819e+00	1.813685e-06
7.737511e+00	1.897954e-06
7.846906e+00	1.847848e-06
7.957230e+00	1.885047e-06
8.067213e+00	1.855440e-06
8.177472e+00	1.872901e-06
8.285881e+00	1.884289e-06
8.392799e+00	1.889603e-06
8.500590e+00	1.889603e-06
8.608872e+00	1.853922e-06
8.717009e+00	1.844810e-06
8.827324e+00	1.867587e-06
8.936010e+00	1.890363e-06
9.043331e+00	1.830386e-06
9.153647e+00	1.879733e-06
9.262219e+00	1.861513e-06
9.369965e+00	1.878215e-06
9.477292e+00	1.905546e-06
9.584776e+00	1.861513e-06
9.694515e+00	1.859236e-06
9.804276e+00	1.850884e-06
9.912098e+00	1.856958e-06
1.002135e+01	1.863031e-06
1.012791e+01	1.865309e-06
1.023558e+01	1.843292e-06
1.034326e+01	1.877455e-06
1.045435e+01	1.840256e-06
1.056127e+01	1.818999e-06
1.066859e+01	1.869105e-06
1.077454e+01	1.848606e-06
1.088289e+01	1.889603e-06
1.099069e+01	1.874419e-06
1.109767e+01	1.864550e-06
1.120689e+01	1.828868e-06
1.131496e+01	1.854680e-06
1.142268e+01	1.907823e-06
1.153039e+01	1.865309e-06
1.163862e+01	1.888843e-06
1.174659e+01	1.856199e-06
1.185651e+01	1.859995e-06
1.196375e+01	1.833423e-06
1.207242e+01	1.817481e-06
1.218309e+01	1.875937e-06
1.229217e+01	1.802297e-06
1.240274e+01	1.838738e-06
1.251123e+01	1.893399e-06
1.262266e+01	1.847088e-06
1.273333e+01	1.878215e-06
1.284190e+01	1.842534e-06
1.294927e+01	1.788631e-06
1.305831e+01	1.876697e-06
1.316476e+01	1.854680e-06
1.327575e+01	1.863791e-06
1.338460e+01	1.878215e-06
1.349368e+01	1.860754e-06
1.360198e+01	1.878215e-06
1.371035e+01	1.863791e-06
1.381909e+01	1.855440e-06
1.392659e+01	1.872141e-06
1.403735e+01	1.846330e-06
1.414635e+01	1.856199e-06
1.425416e+01	1.859236e-06
1.436265e+01	1.866827e-06
1.447263e+01	1.840256e-06
1.458088e+01	1.861513e-06
1.468917e+01	1.849366e-06
1.479677e+01	1.870623e-06
1.490558e+01	1.853922e-06
1.501552e+01	1.853162e-06
1.512248e+01	1.886567e-06
1.523039e+01	1.845570e-06
1.533808e+01	1.878975e-06
1.544651e+01	1.864550e-06
1.555376e+01	1.866827e-06
1.566068e+01	1.859236e-06
1.577054e+01	1.853162e-06
1.587914e+01	1.858476e-06
1.598741e+01	1.875179e-06
1.609629e+01	1.884289e-06
1.620373e+01	1.878215e-06
1.631206e+01	1.862272e-06
1.642080e+01	1.840256e-06
1.653051e+01	1.838738e-06
1.664025e+01	1.869864e-06
1.674748e+01	1.833423e-06
1.685705e+01	1.825831e-06
1.696440e+01	1.826590e-06
1.707385e+01	1.850884e-06
1.718194e+01	1.856958e-06
1.729107e+01	1.846330e-06
1.740091e+01	1.857717e-06
1.750955e+01	1.824313e-06
1.762090e+01	1.857717e-06
1.772881e+01	1.853162e-06
1.783716e+01	1.858476e-06
1.794605e+01	1.885047e-06
1.805438e+01	1.856958e-06
1.816261e+01	1.869105e-06
1.827138e+01	1.856958e-06
1.837958e+01	1.842534e-06
1.848754e+01	1.853922e-06
1.859603e+01	1.854680e-06
1.870430e+01	1.885807e-06
1.881186e+01	1.871383e-06
1.892216e+01	1.877455e-06
1.903206e+01	1.885807e-06
1.914012e+01	1.809129e-06
1.924749e+01	1.870623e-06
1.935777e+01	1.871383e-06
1.946806e+01	1.843292e-06
1.958024e+01	1.862272e-06
1.968949e+01	1.881251e-06
1.979681e+01	1.831146e-06
1.990512e+01	1.841774e-06
2.001346e+01	1.803815e-06
2.011989e+01	1.860754e-06
2.022816e+01	1.834942e-06
2.033738e+01	1.857717e-06
2.044417e+01	1.849366e-06
2.055129e+01	1.803055e-06
2.065879e+01	1.852403e-06
2.076766e+01	1.876697e-06
2.087424e+01	1.824313e-06
2.098352e+01	1.824313e-06
2.109190e+01	1.847088e-06
2.119968e+01	1.832664e-06
2.130740e+01	1.850884e-06
2.141460e+01	1.835700e-06
2.152248e+01	1.871383e-06
2.163186e+01	1.830386e-06
2.174013e+01	1.840256e-06
2.184865e+01	1.859995e-06
2.195636e+01	1.836460e-06
2.206516e+01	1.856958e-06
2.217385e+01	1.838738e-06
2.228338e+01	1.831905e-06
2.239197e+01	1.848606e-06
2.249947e+01	1.861513e-06
2.260771e+01	1.859995e-06
2.271490e+01	1.874419e-06
2.282599e+01	1.841774e-06
2.293374e+01	1.834942e-06
2.304466e+01	1.845570e-06
2.315409e+01	1.858476e-06
2.326357e+01	1.845570e-06
2.337581e+01	1.832664e-06
2.348462e+01	1.825831e-06
2.359355e+01	1.858476e-06
2.370172e+01	1.820517e-06
2.380919e+01	1.885807e-06
2.391754e+01	1.857717e-06
2.402635e+01	1.870623e-06
2.413429e+01	1.844810e-06
2.424262e+01	1.842534e-06
2.435060e+01	1.889603e-06
2.445879e+01	1.850126e-06
2.456743e+01	1.880493e-06
2.467576e+01	1.845570e-06
2.478351e+01	1.839496e-06
2.489226e+01	1.851644e-06
2.500316e+01	1.866827e-06
2.511288e+01	1.850884e-06
2.522054e+01	1.864550e-06
2.532978e+01	1.800779e-06
2.543662e+01	1.880493e-06
2.554424e+01	1.847848e-06
2.565212e+01	1.819758e-06
2.576035e+01	1.863031e-06
2.587063e+01	1.862272e-06
2.597768e+01	1.894917e-06
2.608623e+01	1.843292e-06
2.619425e+01	1.859236e-06
2.630355e+01	1.846330e-06
2.641068e+01	1.880493e-06
2.651750e+01	1.848606e-06
2.662556e+01	1.831146e-06
2.673366e+01	1.837978e-06
2.684197e+01	1.839496e-06
2.694926e+01	1.831905e-06
2.705792e+01	1.834182e-06
2.716485e+01	1.858476e-06
2.727421e+01	1.845570e-06
2.738294e+01	1.881251e-06
2.749167e+01	1.852403e-06
2.760394e+01	1.853922e-06
2.771361e+01	1.869105e-06
2.782160e+01	1.818239e-06
2.792999e+01	1.853922e-06
2.804050e+01	1.854680e-06
2.814873e+01	1.856958e-06
2.825679e+01	1.872141e-06
2.836400e+01	1.837978e-06
2.847337e+01	1.856958e-06
2.858068e+01	1.869105e-06
2.868779e+01	1.842534e-06
2.879509e+01	1.853162e-06
2.890366e+01	1.850126e-06
2.901188e+01	1.836460e-06
2.912011e+01	1.858476e-06
2.922880e+01	1.848606e-06
2.933767e+01	1.861513e-06
2.944436e+01	1.864550e-06
2.955179e+01	1.850126e-06
2.965887e+01	1.834942e-06
2.976515e+01	1.877455e-06
2.987680e+01	1.903268e-06
2.998354e+01	1.856199e-06
3.009170e+01	1.846330e-06
3.019997e+01	1.855440e-06
3.030882e+01	1.831905e-06
3.041750e+01	1.859995e-06
3.052694e+01	1.863031e-06
3.063326e+01	1.850126e-06
3.074159e+01	1.843292e-06
3.084985e+01	1.829627e-06
3.096068e+01	1.880493e-06
3.106807e+01	1.875937e-06
3.117470e+01	1.876697e-06
3.128193e+01	1.840256e-06
3.139068e+01	1.848606e-06
3.149949e+01	1.907064e-06
3.160704e+01	1.873660e-06
3.171534e+01	1.850126e-06
3.182615e+01	1.834942e-06
3.193350e+01	1.857717e-06
3.204014e+01	1.851644e-06
3.214878e+01	1.834942e-06
3.225844e+01	1.857717e-06
3.236676e+01	1.853162e-06
3.247643e+01	1.863791e-06
3.258415e+01	1.853162e-06
3.269338e+01	1.837978e-06
3.280085e+01	1.866068e-06
3.290917e+01	1.859236e-06
3.301795e+01	1.846330e-06
3.312505e+01	1.835700e-06
3.323568e+01	1.850884e-06
3.334514e+01	1.828109e-06
3.345538e+01	1.858476e-06
3.356380e+01	1.872141e-06
3.367372e+01	1.850884e-06
3.378421e+01	1.830386e-06
3.389084e+01	1.813685e-06
3.399772e+01	1.853922e-06
3.410785e+01	1.834942e-06
3.421542e+01	1.829627e-06
3.432531e+01	1.856958e-06
3.443579e+01	1.858476e-06
3.454731e+01	1.871383e-06
3.465545e+01	1.833423e-06
3.476668e+01	1.876697e-06
3.487536e+01	1.830386e-06
3.498437e+01	1.856199e-06
3.509358e+01	1.857717e-06
3.520138e+01	1.860754e-06
3.533257e+01	1.840256e-06
3.543861e+01	1.866068e-06
3.554755e+01	1.841014e-06
3.565677e+01	1.854680e-06
3.576343e+01	1.812925e-06
3.587213e+01	1.810647e-06
3.597977e+01	1.850126e-06
3.608967e+01	1.863031e-06
3.619901e+01	1.855440e-06
3.630770e+01	1.859995e-06
3.641598e+01	1.865309e-06
3.652526e+01	1.859995e-06
3.663262e+01	1.825831e-06
3.673901e+01	1.836460e-06
3.684974e+01	1.883529e-06
3.695837e+01	1.860754e-06
3.706596e+01	1.828868e-06
3.717533e+01	1.831905e-06
3.728457e+01	1.817481e-06
3.739093e+01	1.859995e-06
3.749821e+01	1.864550e-06
3.760783e+01	1.851644e-06
3.771645e+01	1.866827e-06
3.782275e+01	1.846330e-06
3.793063e+01	1.836460e-06
3.804170e+01	1.853922e-06
3.814858e+01	1.914656e-06
3.826161e+01	1.865309e-06
3.837287e+01	1.883529e-06
3.848296e+01	1.888085e-06
3.859159e+01	1.836460e-06
3.869949e+01	1.859236e-06
3.881068e+01	1.835700e-06
3.891811e+01	1.873660e-06
3.902503e+01	1.836460e-06
3.913705e+01	1.847088e-06
3.924654e+01	1.806093e-06
3.935525e+01	1.876697e-06
3.946263e+01	1.835700e-06
3.957229e+01	1.836460e-06
3.968169e+01	1.877455e-06
3.978894e+01	1.844052e-06
3.990070e+01	1.856199e-06
4.000991e+01	1.847848e-06
4.011816e+01	1.831905e-06
4.022703e+01	1.858476e-06
4.033665e+01	1.806093e-06
4.044560e+01	1.825831e-06
4.055386e+01	1.823554e-06
4.066232e+01	1.803055e-06
4.076993e+01	1.855440e-06
4.087911e+01	1.831905e-06
4.098792e+01	1.841014e-06
4.109797e+01	1.863791e-06
4.120645e+01	1.834182e-06
4.131469e+01	1.847088e-06
4.142355e+01	1.811407e-06
4.153285e+01	1.878975e-06
4.163918e+01	1.859995e-06
4.174804e+01	1.871383e-06
4.185683e+01	1.828868e-06
4.196475e+01	1.844052e-06
4.207439e+01	1.840256e-06
4.218162e+01	1.815203e-06
4.229097e+01	1.845570e-06
4.239980e+01	1.840256e-06
4.250690e+01	1.817481e-06
4.261555e+01	1.831905e-06
4.272420e+01	1.826590e-06
4.283239e+01	1.831146e-06
4.294301e+01	1.834942e-06
4.305066e+01	1.845570e-06
4.315943e+01	1.828868e-06
4.326859e+01	1.850884e-06
4.337623e+01	1.835700e-06
4.348529e+01	1.870623e-06
4.359430e+01	1.831905e-06
4.370220e+01	1.807611e-06
4.381142e+01	1.852403e-06
4.392112e+01	1.826590e-06
4.403164e+01	1.840256e-06
4.413894e+01	1.868346e-06
4.424683e+01	1.833423e-06
4.435528e+01	1.861513e-06
4.446471e+01	1.848606e-06
4.457504e+01	1.851644e-06
4.468374e+01	1.837978e-06
4.479255e+01	1.815203e-06
4.490031e+01	1.851644e-06
4.500899e+01	1.856958e-06
4.511752e+01	1.866827e-06
4.522539e+01	1.833423e-06
4.533613e+01	1.841014e-06
4.544352e+01	1.873660e-06
4.555292e+01	1.860754e-06
4.566078e+01	1.849366e-06
4.576935e+01	1.863031e-06
4.587670e+01	1.853922e-06
4.598750e+01	1.858476e-06
4.609692e+01	1.847848e-06
4.620273e+01	1.859236e-06
4.631224e+01	1.854680e-06
4.641860e+01	1.843292e-06
4.652593e+01	1.859995e-06
4.663444e+01	1.872141e-06
4.674177e+01	1.878215e-06
4.685354e+01	1.817481e-06
4.696279e+01	1.851644e-06
4.707124e+01	1.829627e-06
4.717945e+01	1.818999e-06
4.728792e+01	1.846330e-06
4.739559e+01	1.841014e-06
4.750387e+01	1.837219e-06
4.761344e+01	1.870623e-06
4.772101e+01	1.835700e-06
4.783086e+01	1.863031e-06
4.793910e+01	1.899472e-06
4.804848e+01	1.853162e-06
4.815787e+01	1.875179e-06
4.826494e+01	1.911619e-06
4.837507e+01	1.866068e-06
4.848210e+01	1.822035e-06
4.858944e+01	1.865309e-06
4.869870e+01	1.822035e-06
4.881113e+01	1.854680e-06
4.891933e+01	1.844810e-06
4.902775e+01	1.846330e-06
4.913708e+01	1.853922e-06
4.924579e+01	1.832664e-06
4.935417e+01	1.878975e-06
4.946190e+01	1.818239e-06
4.957188e+01	1.830386e-06
4.967943e+01	1.834942e-06
4.978743e+01	1.812925e-06
4.989542e+01	1.841014e-06
5.000442e+01	1.828868e-06
5.011391e+01	1.839496e-06
5.022369e+01	1.807611e-06
5.033089e+01	1.852403e-06
5.044119e+01	1.837978e-06
5.054918e+01	1.815203e-06
5.065875e+01	1.853162e-06
5.076644e+01	1.836460e-06
5.087354e+01	1.828868e-06
5.097987e+01	1.841014e-06
5.108815e+01	1.837219e-06
5.119701e+01	1.850126e-06
5.130886e+01	1.800779e-06
5.141987e+01	1.856199e-06
5.153097e+01	1.844810e-06
5.163738e+01	1.834182e-06
5.174582e+01	1.885047e-06
5.185605e+01	1.846330e-06
5.196449e+01	1.873660e-06
5.207464e+01	1.831146e-06
5.218397e+01	1.827350e-06
5.229063e+01	1.822795e-06
5.239757e+01	1.809889e-06
5.250710e+01	1.828868e-06
5.261446e+01	1.855440e-06
5.272327e+01	1.851644e-06
5.283193e+01	1.853922e-06
5.294126e+01	1.845570e-06
5.304853e+01	1.816721e-06
5.315935e+01	1.854680e-06
5.326720e+01	1.828868e-06
5.337553e+01	1.836460e-06
5.348364e+01	1.832664e-06
5.359052e+01	1.845570e-06
5.369991e+01	1.826590e-06
5.380900e+01	1.833423e-06
5.391823e+01	1.812166e-06
5.402561e+01	1.805333e-06
5.413627e+01	1.850126e-06
5.424583e+01	1.840256e-06
5.435417e+01	1.878975e-06
5.446489e+01	1.841014e-06
5.457343e+01	1.842534e-06
5.468265e+01	1.874419e-06
5.479030e+01	1.869864e-06
5.489759e+01	1.860754e-06
5.500391e+01	1.868346e-06
5.511623e+01	1.837978e-06
5.522641e+01	1.865309e-06
5.533612e+01	1.842534e-06
5.544552e+01	1.855440e-06
5.555397e+01	1.851644e-06
5.566365e+01	1.850884e-06
5.577204e+01	1.825831e-06
5.588168e+01	1.850884e-06
5.599090e+01	1.807611e-06
5.609837e+01	1.824313e-06
5.620576e+01	1.834942e-06
5.632247e+01	1.864550e-06
5.642986e+01	1.835700e-06
5.653811e+01	1.850884e-06
5.664862e+01	1.871383e-06
5.675672e+01	1.841014e-06
5.686503e+01	1.815203e-06
5.697145e+01	1.793945e-06
5.707898e+01	1.879733e-06
5.718822e+01	1.844810e-06
5.729680e+01	1.841014e-06
5.740378e+01	1.844052e-06
5.751197e+01	1.832664e-06
5.761997e+01	1.814443e-06
5.772973e+01	1.864550e-06
5.783672e+01	1.882011e-06
5.794373e+01	1.850126e-06
5.805487e+01	1.834182e-06
5.816320e+01	1.841774e-06
5.827218e+01	1.848606e-06
5.838096e+01	1.869864e-06
5.848998e+01	1.867587e-06
5.859856e+01	1.847088e-06
5.870792e+01	1.853922e-06
5.881627e+01	1.863791e-06
5.892395e+01	1.881251e-06
5.903233e+01	1.834182e-06
5.914203e+01	1.866827e-06
5.924838e+01	1.858476e-06
5.935578e+01	1.869864e-06
5.946586e+01	1.830386e-06
5.957808e+01	1.866827e-06
5.968581e+01	1.848606e-06
5.979359e+01	1.853922e-06
5.990346e+01	1.851644e-06
6.001082e+01	5.479482e-04
6.011809e+01	6.976812e-04
6.022588e+01	6.937236e-04
6.033526e+01	6.912881e-04
6.044423e+01	6.890538e-04
6.055392e+01	6.871513e-04
6.066604e+01	6.856800e-04
6.077429e+01	6.840158e-04
6.088268e+01	6.826767e-04
6.099171e+01	6.814263e-04
6.110101e+01	6.799588e-04
6.120976e+01	6.788967e-04
6.132107e+01	6.776486e-04
6.142973e+01	6.764308e-04
6.153790e+01	6.753794e-04
6.165014e+01	6.743127e-04
6.176043e+01	6.732044e-04
6.186877e+01	6.724163e-04
6.197666e+01	6.714855e-04
6.208357e+01	6.707552e-04
6.219391e+01	6.698131e-04
6.230235e+01	6.692679e-04
6.241557e+01	6.682932e-04
6.252657e+01	6.676403e-04
6.263524e+01	6.671301e-04
6.274348e+01	6.664841e-04
6.285563e+01	6.655313e-04
6.296520e+01	6.653164e-04
6.307376e+01	6.647622e-04
6.318106e+01	6.639241e-04
6.329395e+01	6.636417e-04
6.340147e+01	6.631315e-04
6.350870e+01	6.624156e-04
6.361616e+01	6.623275e-04
6.372630e+01	6.617664e-04
6.383457e+01	6.615228e-04
6.394398e+01	6.612146e-04
6.405482e+01	6.605882e-04
6.417665e+01	6.604743e-04
6.428615e+01	6.600795e-04
6.439472e+01	6.598321e-04
6.450247e+01	6.596127e-04
6.461130e+01	6.593560e-04
6.472039e+01	6.590395e-04
6.482971e+01	6.589233e-04
6.493925e+01	6.586363e-04
6.504798e+01	6.582507e-04
6.515650e+01	6.582417e-04
6.526468e+01	6.580291e-04
6.537363e+01	6.578187e-04
6.548108e+01	6.578718e-04
6.558885e+01	6.577147e-04
6.569786e+01	6.574400e-04
6.580714e+01	6.572265e-04
6.591499e+01	6.571871e-04
6.602321e+01	6.571082e-04
6.613156e+01	6.568948e-04
6.624212e+01	6.568546e-04
6.635165e+01	6.566238e-04
6.646129e+01	6.565616e-04
6.657125e+01	6.563717e-04
6.668165e+01	6.562631e-04
6.678960e+01	6.561971e-04
6.690291e+01	6.559580e-04
6.701238e+01	6.559322e-04
6.712070e+01	6.558760e-04
6.722978e+01	6.557940e-04
6.734350e+01	6.556672e-04
6.745229e+01	6.554790e-04
6.756149e+01	6.553362e-04
6.767046e+01	6.553195e-04
6.778011e+01	6.552656e-04
6.789111e+01	6.551327e-04
6.800067e+01	6.549483e-04
6.811010e+01	6.550402e-04
6.821778e+01	6.550948e-04
6.832615e+01	6.549627e-04
6.843376e+01	6.546780e-04
6.854360e+01	6.546196e-04
6.865103e+01	6.548230e-04
6.876001e+01	6.545663e-04
6.886837e+01	6.545156e-04
6.897600e+01	6.544647e-04
6.908608e+01	6.545209e-04
6.919338e+01	6.544305e-04
6.930277e+01	6.544768e-04
6.941473e+01	6.542757e-04
6.952423e+01	6.542043e-04
6.963327e+01	6.544579e-04
6.974362e+01	6.541246e-04
6.985251e+01	6.540873e-04
6.996131e+01	6.542445e-04
7.006826e+01	6.540100e-04
7.017508e+01	6.541131e-04
7.028321e+01	6.541010e-04
7.039243e+01	6.540100e-04
7.050198e+01	6.540358e-04
7.061046e+01	6.539309e-04
7.072049e+01	6.540623e-04
7.083105e+01	6.537791e-04
7.093985e+01	6.538536e-04
7.105438e+01	6.537192e-04
7.116436e+01	6.538801e-04
7.127195e+01	6.539135e-04
7.138066e+01	6.536166e-04
7.148830e+01	6.536402e-04
7.159716e+01	6.537853e-04
7.170643e+01	6.535848e-04
7.181602e+01	6.535976e-04
7.192580e+01	6.538338e-04
7.203308e+01	6.535468e-04
7.214185e+01	6.537427e-04
7.225179e+01	6.535961e-04
7.236292e+01	6.536197e-04
7.247209e+01	6.535954e-04
7.258033e+01	6.535249e-04
7.268983e+01	6.535233e-04
7.280041e+01	6.536470e-04
7.290793e+01	6.534762e-04
7.301659e+01	6.535696e-04
7.312402e+01	6.535210e-04
7.323186e+01	6.535551e-04
7.334204e+01	6.533745e-04
7.345154e+01	6.536948e-04
7.356078e+01	6.533480e-04
7.366917e+01	6.534740e-04
7.377774e+01	6.536060e-04
7.388748e+01	6.533729e-04
7.399658e+01	6.533616e-04
7.410384e+01	6.535194e-04
7.421132e+01	6.532887e-04
7.431885e+01	6.533859e-04
7.442923e+01	6.466899e-04
7.453823e+01	6.539970e-04
7.464654e+01	6.541382e-04
7.475577e+01	6.541405e-04
7.486479e+01	6.541116e-04
7.497715e+01	6.540539e-04
7.508714e+01	6.541731e-04
7.519545e+01	6.539704e-04
7.530527e+01	6.541367e-04
7.541490e+01	6.541618e-04
7.552244e+01	6.539014e-04
7.563454e+01	6.541799e-04
7.574564e+01	6.539393e-04
7.585602e+01	6.537943e-04
7.596628e+01	6.540426e-04
7.607558e+01	6.538741e-04
7.618585e+01	6.539864e-04
7.629563e+01	6.537381e-04
7.640396e+01	6.539173e-04
7.651187e+01	6.539400e-04
7.662093e+01	6.536789e-04
7.673197e+01	6.538976e-04
7.684136e+01	6.537214e-04
7.695168e+01	6.536774e-04
7.705921e+01	6.538163e-04
7.716841e+01	6.535985e-04
7.727646e+01	6.538065e-04
7.738456e+01	6.536926e-04
7.749278e+01	6.536288e-04
7.760264e+01	6.538307e-04
7.771091e+01	6.536523e-04
7.782184e+01	6.536349e-04
7.793156e+01	6.537230e-04
7.804145e+01	6.533905e-04
7.815192e+01	6.536250e-04
7.826086e+01	6.535718e-04
7.836920e+01	6.533304e-04
7.847813e+01	6.536372e-04
7.858738e+01	6.534709e-04
7.869598e+01	6.534883e-04
7.880534e+01	6.533684e-04
7.891429e+01	6.535498e-04
7.902144e+01	6.533889e-04
7.912968e+01	6.535058e-04
7.923749e+01	6.533540e-04
7.934694e+01	6.533152e-04
7.945665e+01	6.533251e-04
7.956459e+01	6.532887e-04
7.967353e+01	6.531878e-04
7.978267e+01	6.533312e-04
7.989070e+01	6.532196e-04
8.000000e+01	6.532226e-04
8.011368e+01	6.530823e-04
8.022243e+01	6.532151e-04
8.033640e+01	6.531658e-04
8.044528e+01	6.530936e-04
8.055392e+01	6.531255e-04
8.066440e+01	6.531232e-04
8.078127e+01	6.530632e-04
8.089028e+01	6.529880e-04
8.099938e+01	6.531422e-04
8.111024e+01	6.529561e-04
8.121930e+01	6.530131e-04
8.132852e+01	6.529532e-04
8.143660e+01	6.529645e-04
8.154537e+01	6.529319e-04
8.165496e+01	6.528681e-04
8.176593e+01	6.528992e-04
8.187669e+01	6.528347e-04
8.198939e+01	6.528780e-04
8.209886e+01	6.528332e-04
8.220880e+01	6.527239e-04
8.231720e+01	6.528506e-04
8.242678e+01	6.527368e-04
8.253788e+01	6.526472e-04
8.264744e+01	6.527611e-04
8.275606e+01	6.526320e-04
8.286621e+01	6.526904e-04
8.297480e+01	6.527080e-04
8.308429e+01	6.527285e-04
8.319296e+01	6.525834e-04
8.330124e+01	6.527413e-04
8.340966e+01	6.525932e-04
8.352163e+01	6.525523e-04
8.363125e+01	6.525075e-04
8.374125e+01	6.527027e-04
8.385252e+01	6.525728e-04
8.396447e+01	6.524262e-04
8.407400e+01	6.524050e-04
8.418220e+01	6.524635e-04
8.429144e+01	6.523617e-04
8.439895e+01	6.525150e-04
8.450830e+01	6.525219e-04
8.461553e+01	6.523374e-04
8.472597e+01	6.523921e-04
8.483855e+01	6.523898e-04
8.494880e+01	6.523943e-04
8.506076e+01	6.523169e-04
8.517134e+01	6.523344e-04
8.527930e+01	6.523055e-04
8.538808e+01	6.522023e-04
8.549747e+01	6.522152e-04
8.560654e+01	6.521696e-04
8.571426e+01	6.521925e-04
8.582275e+01	6.522502e-04
8.593248e+01	6.521143e-04
8.604130e+01	6.521491e-04
8.615078e+01	6.521559e-04
8.625952e+01	6.521120e-04
8.636910e+01	6.521431e-04
8.647758e+01	6.520801e-04
8.658636e+01	6.520466e-04
8.669494e+01	6.520201e-04
8.680422e+01	6.519829e-04
8.691263e+01	6.519997e-04
8.702032e+01	6.520497e-04
8.712994e+01	6.519722e-04
8.723911e+01	6.519768e-04
8.734809e+01	6.520618e-04
8.745677e+01	6.519631e-04
8.756542e+01	6.518682e-04
8.767363e+01	6.518902e-04
8.778193e+01	6.517779e-04
8.789116e+01	6.517354e-04
8.799919e+01	6.518136e-04
8.810771e+01	6.517779e-04
8.821677e+01	6.516625e-04
8.832729e+01	6.517893e-04
8.843641e+01	6.517179e-04
8.854623e+01	6.516974e-04
8.865256e+01	6.516959e-04
8.876403e+01	6.516625e-04
8.887220e+01	6.515805e-04
8.898063e+01	6.516655e-04
8.908998e+01	6.517080e-04
8.919830e+01	6.515373e-04
8.930616e+01	6.514287e-04
8.941342e+01	6.516261e-04
8.952372e+01	6.515525e-04
8.963271e+01	6.514295e-04
8.974739e+01	6.514978e-04
8.985559e+01	6.515509e-04
8.996379e+01	6.514408e-04
9.007176e+01	6.514446e-04
9.018037e+01	6.515031e-04
9.028885e+01	6.513216e-04
9.039799e+01	6.513824e-04
9.050806e+01	6.514324e-04
9.061599e+01	6.512062e-04
9.072440e+01	6.512883e-04
9.083531e+01	6.512495e-04
9.094460e+01	6.513915e-04
9.105375e+01	6.511394e-04
9.116423e+01	6.514104e-04
9.127483e+01	6.512017e-04
9.138304e+01	6.511705e-04
9.149621e+01	6.513141e-04
9.160395e+01	6.511410e-04
9.171248e+01	6.511311e-04
9.182143e+01	6.510931e-04
9.192887e+01	6.512351e-04
9.203958e+01	6.510841e-04
9.214784e+01	6.511964e-04
9.225617e+01	6.510916e-04
9.236368e+01	6.510187e-04
9.247427e+01	6.510074e-04
9.258306e+01	6.510332e-04
9.269019e+01	6.511114e-04
9.280027e+01	6.510286e-04
9.290933e+01	6.509413e-04
9.301874e+01	6.510339e-04
9.312924e+01	6.508753e-04
9.323745e+01	6.509785e-04
9.334840e+01	6.509633e-04
9.345895e+01	6.509337e-04
9.356825e+01	6.508691e-04
9.367681e+01	6.508175e-04
9.378405e+01	6.508259e-04
9.389289e+01	6.507925e-04
9.400329e+01	6.508358e-04
9.411204e+01	6.508206e-04
9.422138e+01	6.508115e-04
9.432981e+01	6.507568e-04
9.444063e+01	6.507538e-04
9.454823e+01	6.507622e-04
9.465686e+01	6.507713e-04
9.476626e+01	6.507431e-04
9.487605e+01	6.507287e-04
9.498421e+01	6.506323e-04
9.509389e+01	6.507234e-04
9.520644e+01	6.507841e-04
9.531640e+01	6.506809e-04
9.542619e+01	6.506688e-04
9.553589e+01	6.506475e-04
9.564465e+01	6.505921e-04
9.575504e+01	6.505853e-04
9.586527e+01	6.505534e-04
9.597468e+01	6.505404e-04
9.608267e+01	6.505648e-04
9.619141e+01	6.505435e-04
9.630233e+01	6.504456e-04
9.641165e+01	6.504228e-04
9.652290e+01	6.504934e-04
9.663212e+01	6.505291e-04
9.674130e+01	6.503613e-04
9.685151e+01	6.504858e-04
9.696153e+01	6.503264e-04
9.707020e+01	6.504060e-04
9.718115e+01	6.502482e-04
9.728976e+01	6.504417e-04
9.739826e+01	6.502003e-04
9.750828e+01	6.503811e-04
9.761802e+01	6.501700e-04
9.772733e+01	6.503203e-04
9.783871e+01	6.500993e-04
9.794669e+01	6.502778e-04
9.805449e+01	6.501647e-04
9.816444e+01	6.501608e-04
9.827473e+01	6.502641e-04
9.838471e+01	6.499597e-04
9.849384e+01	6.501480e-04
9.860144e+01	6.501813e-04
9.871210e+01	6.499817e-04
9.882143e+01	6.500606e-04
9.893307e+01	6.501608e-04
9.904928e+01	6.500500e-04
9.916137e+01	6.499984e-04
9.926990e+01	6.500637e-04
9.937777e+01	6.499726e-04
9.949015e+01	6.501412e-04
9.959987e+01	6.499665e-04
9.970841e+01	6.500310e-04
9.982070e+01	6.499323e-04
9.992906e+01	6.498656e-04
1.000360e+02	6.500386e-04
1.001447e+02	6.498162e-04
1.002553e+02	6.498716e-04
1.003645e+02	6.437701e-04
1.004736e+02	6.502793e-04
1.005846e+02	6.506953e-04
1.006952e+02	6.507622e-04
1.008083e+02	6.508228e-04
1.009157e+02	6.507439e-04
1.010253e+02	6.506922e-04
1.011354e+02	6.505838e-04
1.012428e+02	6.507834e-04
1.013504e+02	6.507963e-04
1.014615e+02	6.506574e-04
1.015713e+02	6.506922e-04
1.016805e+02	6.506931e-04
1.017923e+02	6.506475e-04
1.019000e+02	6.505959e-04
1.020085e+02	6.506111e-04
1.021161e+02	6.506103e-04
1.022259e+02	6.505525e-04
1.023378e+02	6.507340e-04
1.024468e+02	6.505207e-04
1.025572e+02	6.505503e-04
1.026684e+02	6.505951e-04
1.027764e+02	6.504774e-04
1.028844e+02	6.505093e-04
1.029945e+02	6.505580e-04
1.031067e+02	6.504661e-04
1.032166e+02	6.504273e-04
1.033291e+02	6.502663e-04
1.034386e+02	6.505003e-04
1.035488e+02	6.504622e-04
1.036577e+02	6.504516e-04
1.037661e+02	6.504281e-04
1.038727e+02	6.503756e-04
1.039832e+02	6.504091e-04
1.040913e+02	6.505351e-04
1.041999e+02	6.502694e-04
1.043104e+02	6.502459e-04
1.044240e+02	6.503628e-04
1.045392e+02	6.502542e-04
1.046467e+02	6.503393e-04
1.047563e+02	6.503082e-04
1.048654e+02	6.502414e-04
1.049747e+02	6.502322e-04
1.050833e+02	6.502800e-04
1.051916e+02	6.502611e-04
1.053008e+02	6.502740e-04
1.054086e+02	6.503324e-04
1.055303e+02	6.502102e-04
1.056383e+02	6.502132e-04
1.057477e+02	6.501920e-04
1.058553e+02	6.502550e-04
1.059648e+02	6.501973e-04
1.060760e+02	6.501700e-04
1.061845e+02	6.501639e-04
1.062944e+02	6.500925e-04
1.064019e+02	6.500508e-04
1.065115e+02	6.501099e-04
1.066233e+02	6.501039e-04
1.067313e+02	6.499581e-04
1.068397e+02	6.500865e-04
1.069492e+02	6.499065e-04
1.070580e+02	6.499270e-04
1.071678e+02	6.498868e-04
1.072781e+02	6.499369e-04
1.073874e+02	6.498898e-04
1.074957e+02	6.498898e-04
1.076064e+02	6.498975e-04
1.077178e+02	6.498914e-04
1.078269e+02	6.499969e-04
1.079346e+02	6.498488e-04
1.080441e+02	6.499057e-04
1.081546e+02	6.498671e-04
1.082632e+02	6.498618e-04
1.083715e+02	6.498321e-04
1.084825e+02	6.498458e-04
1.085904e+02	6.498792e-04
1.086985e+02	6.497821e-04
1.088064e+02	6.498200e-04
1.089156e+02	6.497524e-04
1.090241e+02	6.497964e-04
1.091357e+02	6.498154e-04
1.092450e+02	6.497547e-04
1.093546e+02	6.497699e-04
1.094881e+02	6.498116e-04
1.095983e+02	6.498215e-04
1.097080e+02	6.497296e-04
1.098163e+02	6.497023e-04
1.099245e+02	6.496726e-04
1.100335e+02	6.496726e-04
1.101412e+02	6.496264e-04
1.102503e+02	6.496576e-04
1.103593e+02	6.497030e-04
1.104747e+02	6.496264e-04
1.105989e+02	6.496317e-04
1.107114e+02	6.495900e-04
1.108223e+02	6.496590e-04
1.109317e+02	6.495444e-04
1.110417e+02	6.495474e-04
1.111506e+02	6.496598e-04
1.112593e+02	6.495315e-04
1.113683e+02	6.495171e-04
1.114776e+02	6.496294e-04
1.115886e+02	6.495543e-04
1.116980e+02	6.495019e-04
1.118072e+02	6.495748e-04
1.119155e+02	6.495535e-04
1.120272e+02	6.495953e-04
1.121362e+02	6.495618e-04
1.122445e+02	6.495710e-04
1.123521e+02	6.495247e-04
1.124622e+02	6.494836e-04
1.125750e+02	6.495171e-04
1.126814e+02	6.494776e-04
1.127895e+02	6.494078e-04
1.129007e+02	6.494829e-04
1.130077e+02	6.495133e-04
1.131178e+02	6.493986e-04
1.132267e+02	6.494943e-04
1.133372e+02	6.493857e-04
1.134476e+02	6.494450e-04
1.135580e+02	6.493668e-04
1.136685e+02	6.494245e-04
1.137793e+02	6.493333e-04
1.138865e+02	6.494738e-04
1.139967e+02	6.493562e-04
1.141070e+02	6.492749e-04
1.142153e+02	6.492452e-04
1.143259e+02	6.492833e-04
1.144368e+02	6.492575e-04
1.145480e+02	6.492756e-04
1.146573e+02	6.492901e-04
1.147697e+02	6.493045e-04
1.148798e+02	6.492946e-04
1.149904e+02	6.492696e-04
1.150986e+02	6.491412e-04
1.152110e+02	6.492461e-04
1.153200e+02	6.491982e-04
1.154312e+02	6.491573e-04
1.155388e+02	6.491648e-04
1.156485e+02	6.492893e-04
1.157591e+02	6.491641e-04
1.158688e+02	6.491982e-04
1.159766e+02	6.492066e-04
1.160907e+02	6.491109e-04
1.161989e+02	6.491656e-04
1.163073e+02	6.492377e-04
1.164168e+02	6.490699e-04
1.165251e+02	6.490623e-04
1.166372e+02	6.491549e-04
1.167453e+02	6.489735e-04
1.168558e+02	6.490024e-04
1.169642e+02	6.492384e-04
1.170748e+02	6.491011e-04
1.171836e+02	6.490502e-04
1.172930e+02	6.490623e-04
1.174053e+02	6.490806e-04
1.175146e+02	6.490654e-04
1.176236e+02	6.490509e-04
1.177383e+02	6.490646e-04
1.178496e+02	6.490464e-04
1.179579e+02	6.490851e-04
1.180667e+02	6.490114e-04
1.181764e+02	6.489537e-04
1.182858e+02	6.488808e-04
1.183971e+02	6.488497e-04
1.185055e+02	6.489279e-04
1.186144e+02	6.488361e-04
1.187249e+02	6.489052e-04
1.188321e+02	6.488733e-04
1.189393e+02	6.488239e-04
1.190479e+02	6.488315e-04
1.191605e+02	6.489143e-04
1.192720e+02	6.487814e-04
1.193815e+02	6.486356e-04
1.194917e+02	6.487587e-04
1.196014e+02	6.487806e-04
1.197114e+02	6.487579e-04
1.198223e+02	6.487306e-04
1.199331e+02	6.487290e-04
1.200427e+02	6.486850e-04
1.201527e+02	6.488163e-04
1.202620e+02	6.486949e-04
1.203727e+02	6.487101e-04
1.204841e+02	6.487753e-04
1.205933e+02	6.487753e-04
1.207024e+02	6.486986e-04
1.208126e+02	6.486607e-04
1.209231e+02	6.486129e-04
1.210305e+02	6.485484e-04
1.211405e+02	6.486577e-04
1.212599e+02	6.485977e-04
1.213683e+02	6.486303e-04
1.214768e+02	6.485559e-04
1.215887e+02	6.487237e-04
1.216975e+02	6.485134e-04
1.218083e+02	6.486524e-04
1.219187e+02	6.485241e-04
1.220287e+02	6.487147e-04
1.221370e+02	6.486273e-04
1.222471e+02	6.485164e-04
1.223546e+02	6.486850e-04
1.224638e+02	6.485431e-04
1.225743e+02	6.484899e-04
1.226841e+02	6.484481e-04
1.227933e+02	6.486250e-04
1.229020e+02	6.486273e-04
1.230111e+02	6.484338e-04
1.231195e+02	6.483699e-04
1.232311e+02	6.486706e-04
1.233412e+02	6.485605e-04
1.234515e+02	6.483525e-04
1.235626e+02	6.483844e-04
1.236727e+02	6.485514e-04
1.237830e+02	6.485043e-04
1.238940e+02	6.484034e-04
1.240024e+02	6.484147e-04
1.241112e+02	6.485270e-04
1.242207e+02	6.484572e-04
1.243312e+02	6.483752e-04
1.244440e+02	6.485058e-04
1.245529e+02	6.483919e-04
1.246627e+02	6.484208e-04
1.247736e+02	6.484915e-04
1.248818e+02	6.483859e-04
1.249903e+02	6.482758e-04
1.250982e+02	6.483965e-04
1.252075e+02	6.483874e-04
1.253188e+02	6.483137e-04
1.254273e+02	6.483342e-04
1.255359e+02	6.482461e-04
1.256476e+02	6.483351e-04
1.257568e+02	6.483395e-04
1.258641e+02	6.483289e-04
1.259747e+02	6.483358e-04
1.260832e+02	6.482530e-04
1.261928e+02	6.481983e-04
1.263037e+02	6.482052e-04
1.264127e+02	6.482159e-04
1.265216e+02	6.481893e-04
1.266318e+02	6.483009e-04
1.267408e+02	6.482721e-04
1.268498e+02	6.482022e-04
1.269592e+02	6.481392e-04
1.270674e+02	6.482613e-04
1.271766e+02	6.483479e-04
1.272841e+02	6.480412e-04
1.273953e+02	6.483236e-04
1.275050e+02	6.482925e-04
1.276130e+02	6.479934e-04
1.277229e+02	6.481840e-04
1.278321e+02	6.481734e-04
1.279425e+02	6.480936e-04
1.280518e+02	6.482545e-04
1.281609e+02	6.482067e-04
1.282721e+02	6.482203e-04
1.283830e+02	6.481027e-04
1.284927e+02	6.481194e-04
1.286049e+02	6.481626e-04
1.287151e+02	6.480465e-04
1.288239e+02	6.481209e-04
1.289353e+02	6.480716e-04
1.290448e+02	6.480989e-04
1.291531e+02	6.479273e-04
1.292623e+02	6.480571e-04
1.293705e+02	6.480230e-04
1.294790e+02	6.480390e-04
1.295895e+02	6.479266e-04
1.296988e+02	6.480214e-04
1.298091e+02	6.481194e-04
1.299177e+02	6.480952e-04
1.300275e+02	6.480434e-04
1.301388e+02	6.480890e-04
1.302495e+02	6.480632e-04
1.303580e+02	6.479562e-04
1.304652e+02	6.480086e-04
1.305761e+02	6.480207e-04
1.306867e+02	6.479615e-04
1.307978e+02	6.479751e-04
1.309065e+02	6.479736e-04
1.310176e+02	6.479227e-04
1.311274e+02	6.479387e-04
1.312352e+02	6.479236e-04
1.313432e+02	6.480245e-04
1.314505e+02	6.479926e-04
1.315598e+02	6.479956e-04
1.316729e+02	6.479289e-04
1.317807e+02	6.419920e-04
1.318901e+02	6.477262e-04
1.320005e+02	6.484087e-04
1.321088e+02	6.485415e-04
1.322166e+02	6.485294e-04
1.323280e+02	6.484162e-04
1.324367e+02	6.485120e-04
1.325464e+02	6.483882e-04
1.326556e+02	6.484633e-04
1.327647e+02	6.485217e-04
1.328742e+02	6.484702e-04
1.329851e+02	6.483805e-04
1.330984e+02	6.484664e-04
1.332081e+02	6.484611e-04
1.333176e+02	6.482333e-04
1.334263e+02	6.484299e-04
1.335338e+02	6.484853e-04
1.336451e+02	6.484997e-04
1.337526e+02	6.483016e-04
1.338616e+02	6.485111e-04
1.339726e+02	6.483684e-04
1.340821e+02	6.483593e-04
1.341909e+02	6.483434e-04
1.343003e+02	6.483448e-04
1.344111e+02	6.482067e-04
1.345199e+02	6.482477e-04
1.346301e+02	6.482721e-04
1.347392e+02	6.482523e-04
1.348492e+02	6.480906e-04
1.349594e+02	6.483039e-04
1.350679e+02	6.482295e-04
1.351777e+02	6.481270e-04
1.352888e+02	6.482500e-04
1.353984e+02	6.481573e-04
1.355071e+02	6.482090e-04
1.356168e+02	6.481551e-04
1.357289e+02	6.482348e-04
1.358382e+02	6.481734e-04
1.359487e+02	6.481718e-04
1.360608e+02	6.481483e-04
1.361690e+02	6.481065e-04
1.362793e+02	6.482067e-04
1.363892e+02	6.481027e-04
1.364996e+02	6.481635e-04
1.366084e+02	6.480747e-04
1.367180e+02	6.480685e-04
1.368299e+02	6.481536e-04
1.369403e+02	6.481657e-04
1.370535e+02	6.481020e-04
1.371649e+02	6.481262e-04
1.372749e+02	6.480390e-04
1.373829e+02	6.481551e-04
1.374969e+02	6.481642e-04
1.376060e+02	6.481778e-04
1.377151e+02	6.481847e-04
1.378262e+02	6.481695e-04
1.379365e+02	6.480899e-04
1.380458e+02	6.482007e-04
1.381537e+02	6.480458e-04
1.382627e+02	6.481179e-04
1.383702e+02	6.480921e-04
1.384804e+02	6.480337e-04
1.385894e+02	6.480397e-04
1.387000e+02	6.480639e-04
1.388110e+02	6.479714e-04
1.389226e+02	6.481027e-04
1.390338e+02	6.481164e-04
1.391426e+02	6.480412e-04
1.392546e+02	6.480844e-04
1.393660e+02	6.480207e-04
1.394762e+02	6.480405e-04
1.395877e+02	6.480815e-04
1.396966e+02	6.479524e-04
1.398065e+02	6.480853e-04
1.399151e+02	6.479562e-04
1.400239e+02	6.479053e-04
1.401322e+02	6.479174e-04
1.402401e+02	6.479456e-04
1.403505e+02	6.478408e-04
1.404610e+02	6.479562e-04
1.405695e+02	6.480064e-04
1.406794e+02	6.478143e-04
1.407898e+02	6.478734e-04
1.408998e+02	6.479220e-04
1.410098e+02	6.479008e-04
1.411171e+02	6.478597e-04
1.412260e+02	6.479873e-04
1.413341e+02	6.477535e-04
1.414434e+02	6.479334e-04
1.415515e+02	6.479220e-04
1.416600e+02	6.477269e-04
1.417682e+02	6.478734e-04
1.418779e+02	6.478993e-04
1.419852e+02	6.477922e-04
1.420935e+02	6.478074e-04
1.422009e+02	6.478226e-04
1.423080e+02	6.478605e-04
1.424153e+02	6.477504e-04
1.425226e+02	6.479190e-04
1.426347e+02	6.476647e-04
1.427419e+02	6.478416e-04
1.428522e+02	6.476473e-04
1.429597e+02	6.477451e-04
1.430680e+02	6.476927e-04
1.431776e+02	6.476920e-04
1.432860e+02	6.476966e-04
1.433930e+02	6.476305e-04
1.435073e+02	6.477459e-04
1.436127e+02	6.476070e-04
1.437202e+02	6.477459e-04
1.438309e+02	6.475751e-04
1.439405e+02	6.476738e-04
1.440487e+02	6.477277e-04
1.441574e+02	6.475743e-04
1.442653e+02	6.475288e-04
1.443725e+02	6.477497e-04
1.444838e+02	6.475204e-04
1.445922e+02	6.476791e-04
1.446992e+02	6.476510e-04
1.448079e+02	6.475607e-04
1.449166e+02	6.475819e-04
1.450278e+02	6.475417e-04
1.451343e+02	6.474878e-04
1.452430e+02	6.476321e-04
1.453540e+02	6.475409e-04
1.454624e+02	6.475986e-04
1.455712e+02	6.475462e-04
1.456777e+02	6.475690e-04
1.457843e+02	6.476176e-04
1.458955e+02	6.475804e-04
1.460029e+02	6.475759e-04
1.461111e+02	6.475940e-04
1.462208e+02	6.476427e-04
1.463310e+02	6.475713e-04
1.464387e+02	6.475682e-04
1.465469e+02	6.474953e-04
1.466562e+02	6.475045e-04
1.467644e+02	6.475500e-04
1.468742e+02	6.474969e-04
1.469811e+02	6.474680e-04
1.470913e+02	6.475402e-04
1.472007e+02	6.475242e-04
1.473091e+02	6.474620e-04
1.474157e+02	6.474817e-04
1.475269e+02	6.475759e-04
1.476353e+02	6.474239e-04
1.477425e+02	6.474080e-04
1.478497e+02	6.474817e-04
1.479595e+02	6.474855e-04
1.480679e+02	6.473997e-04
1.481774e+02	6.473761e-04
1.482864e+02	6.473876e-04
1.483933e+02	6.474248e-04
1.485007e+02	6.473192e-04
1.486077e+02	6.474232e-04
1.487163e+02	6.473883e-04
1.488253e+02	6.473785e-04
1.489372e+02	6.474111e-04
1.490466e+02	6.473724e-04
1.491662e+02	6.473003e-04
1.492751e+02	6.473155e-04
1.493810e+02	6.474308e-04
1.494886e+02	6.471886e-04
1.495980e+02	6.474255e-04
1.497096e+02	6.473003e-04
1.498182e+02	6.472774e-04
1.499288e+02	6.472540e-04
1.500368e+02	6.473230e-04
1.501447e+02	6.472516e-04
1.502530e+02	6.473556e-04
1.503610e+02	6.472388e-04
1.504713e+02	6.473807e-04
1.505807e+02	6.472783e-04
1.506912e+02	6.472569e-04
1.508010e+02	6.472896e-04
1.509091e+02	6.472031e-04
1.510173e+02	6.472221e-04
1.511271e+02	6.471021e-04
1.512356e+02	6.472175e-04
1.513450e+02	6.472585e-04
1.514540e+02	6.472129e-04
1.515608e+02	6.471302e-04
1.516706e+02	6.472714e-04
1.517792e+02	6.471401e-04
1.518885e+02	6.471166e-04
1.520099e+02	6.471150e-04
1.521193e+02	6.470703e-04
1.522263e+02	6.471469e-04
1.523353e+02	6.470095e-04
1.524439e+02	6.471864e-04
1.525504e+02	6.469912e-04
1.526581e+02	6.472129e-04
1.527672e+02	6.471902e-04
1.528788e+02	6.471089e-04
1.529881e+02	6.471955e-04
1.530990e+02	6.471628e-04
1.532083e+02	6.471142e-04
1.533160e+02	6.470839e-04
1.534279e+02	6.472402e-04
1.535372e+02	6.470923e-04
1.536445e+02	6.410689e-04
1.537528e+02	6.471499e-04
1.538619e+02	6.479319e-04
1.539703e+02	6.480117e-04
1.540791e+02	6.479797e-04
1.541878e+02	6.478788e-04
1.542946e+02	6.479516e-04
1.544010e+02	6.480579e-04
1.545093e+02	6.478826e-04
1.546160e+02	6.479676e-04
1.547239e+02	6.479782e-04
1.548336e+02	6.479205e-04
1.549438e+02	6.479350e-04
1.550525e+02	6.479121e-04
1.551606e+02	6.479236e-04
1.552693e+02	6.479130e-04
1.553779e+02	6.479555e-04
1.554864e+02	6.478909e-04
1.555932e+02	6.478324e-04
1.557025e+02	6.478932e-04
1.558101e+02	6.479077e-04
1.559186e+02	6.478826e-04
1.560270e+02	6.479866e-04
1.561365e+02	6.477982e-04
1.562435e+02	6.479608e-04
1.563548e+02	6.477755e-04
1.564640e+02	6.480117e-04
1.565711e+02	6.477679e-04
1.566812e+02	6.478097e-04
1.567909e+02	6.479266e-04
1.568981e+02	6.477770e-04
1.570073e+02	6.479213e-04
1.571202e+02	6.478696e-04
1.572295e+02	6.478537e-04
1.573358e+02	6.477308e-04
1.574429e+02	6.478431e-04
1.575551e+02	6.477740e-04
1.576633e+02	6.476594e-04
1.577711e+02	6.477542e-04
1.578809e+02	6.477193e-04
1.579899e+02	6.477262e-04
1.581004e+02	6.477929e-04
1.582099e+02	6.477459e-04
1.583188e+02	6.476206e-04
1.584272e+02	6.477156e-04
1.585348e+02	6.476821e-04
1.586476e+02	6.476548e-04
1.587584e+02	6.477253e-04
1.588677e+02	6.476586e-04
1.589772e+02	6.476411e-04
1.590867e+02	6.476321e-04
1.591947e+02	6.476586e-04
1.593020e+02	6.475515e-04
1.594109e+02	6.476867e-04
1.595194e+02	6.476160e-04
1.596273e+02	6.476123e-04
1.597365e+02	6.475690e-04
1.598441e+02	6.476457e-04
1.599534e+02	6.475614e-04
1.600621e+02	6.476442e-04
1.601711e+02	6.475842e-04
1.602790e+02	6.475645e-04
1.603872e+02	6.476191e-04
1.604960e+02	6.475629e-04
1.606046e+02	6.475265e-04
1.607127e+02	6.475129e-04
1.608222e+02	6.475872e-04
1.609306e+02	6.474391e-04
1.610392e+02	6.475470e-04
1.611487e+02	6.475310e-04
1.612590e+02	6.474627e-04
1.613649e+02	6.475849e-04
1.614733e+02	6.475083e-04
1.615807e+02	6.475470e-04
1.616889e+02	6.475614e-04
1.617995e+02	6.474680e-04
1.619077e+02	6.474620e-04
1.620153e+02	6.474810e-04
1.621247e+02	6.475515e-04
1.622326e+02	6.474825e-04
1.623414e+02	6.474969e-04
1.624507e+02	6.475235e-04
1.625579e+02	6.474468e-04
1.626668e+02	6.474142e-04
1.627803e+02	6.474157e-04
1.628876e+02	6.474376e-04
1.629949e+02	6.475045e-04
1.631059e+02	6.472972e-04
1.632181e+02	6.474142e-04
1.633305e+02	6.474490e-04
1.634423e+02	6.474870e-04
1.635523e+02	6.472699e-04
1.636581e+02	6.474475e-04
1.637671e+02	6.475341e-04
1.638763e+02	6.473944e-04
1.639857e+02	6.473382e-04
1.640920e+02	6.474635e-04
1.642039e+02	6.473481e-04
1.643136e+02	6.473450e-04
1.644207e+02	6.474787e-04
1.645285e+02	6.473959e-04
1.646379e+02	6.473344e-04
1.647466e+02	6.473367e-04
1.648547e+02	6.472684e-04
1.649633e+02	6.473609e-04
1.650719e+02	6.472790e-04
1.651811e+02	6.473906e-04
1.652904e+02	6.473245e-04
1.653990e+02	6.472896e-04
1.655122e+02	6.473375e-04
1.656196e+02	6.473541e-04
1.657260e+02	6.473261e-04
1.658339e+02	6.472798e-04
1.659436e+02	6.472320e-04
1.660512e+02	6.473041e-04
1.661601e+02	6.472349e-04
1.662700e+02	6.472129e-04
1.663818e+02	6.473420e-04
1.664906e+02	6.472752e-04
1.666011e+02	6.471142e-04
1.667093e+02	6.472972e-04
1.668203e+02	6.471917e-04
1.669278e+02	6.472236e-04
1.670367e+02	6.471302e-04
1.671451e+02	6.472668e-04
1.672561e+02	6.472904e-04
1.673651e+02	6.471796e-04
1.674726e+02	6.471917e-04
1.675809e+02	6.471522e-04
1.676887e+02	6.471879e-04
1.677975e+02	6.471985e-04
1.679057e+02	6.472168e-04
1.680149e+02	6.471780e-04
1.681243e+02	6.471120e-04
1.682349e+02	6.471674e-04
1.683473e+02	6.471644e-04
1.684555e+02	6.471939e-04
1.685686e+02	6.470952e-04
1.686762e+02	6.470732e-04
1.687886e+02	6.471362e-04
1.688957e+02	6.471833e-04
1.690033e+02	6.470991e-04
1.691121e+02	6.470991e-04
1.692216e+02	6.471408e-04
1.693312e+02	6.471097e-04
1.694399e+02	6.471932e-04
1.695478e+02	6.470884e-04
1.696597e+02	6.471591e-04
1.697687e+02	6.471157e-04
1.698772e+02	6.471347e-04
1.699849e+02	6.470141e-04
1.700925e+02	6.470884e-04
1.701993e+02	6.471454e-04
1.703088e+02	6.469624e-04
1.704187e+02	6.470520e-04
1.705262e+02	6.472236e-04
1.706352e+02	6.471196e-04
1.707435e+02	6.470800e-04
1.708524e+02	6.469921e-04
1.709612e+02	6.469958e-04
1.710695e+02	6.470223e-04
1.711775e+02	6.469958e-04
1.712853e+02	6.470406e-04
1.713930e+02	6.469700e-04
1.714996e+02	6.469974e-04
1.716089e+02	6.470011e-04
1.717161e+02	6.469100e-04
1.718273e+02	6.469229e-04
1.719346e+02	6.469639e-04
1.720422e+02	6.470201e-04
1.721500e+02	6.468918e-04
1.722658e+02	6.469511e-04
1.723759e+02	6.469685e-04
1.724844e+02	6.469154e-04
1.725945e+02	6.469465e-04
1.727078e+02	6.469161e-04
1.728166e+02	6.469344e-04
1.729249e+02	6.468881e-04
1.730325e+02	6.469472e-04
1.731394e+02	6.468918e-04
1.732487e+02	6.468456e-04
1.733596e+02	6.469139e-04
1.734685e+02	6.468956e-04
1.735759e+02	6.469450e-04
1.736856e+02	6.470049e-04
1.737938e+02	6.469245e-04
1.739011e+02	6.469936e-04
1.740092e+02	6.469139e-04
1.741165e+02	6.469996e-04
1.742259e+02	6.468925e-04
1.743356e+02	6.469229e-04
1.744437e+02	6.469495e-04
1.745508e+02	6.469306e-04
1.746601e+02	6.468918e-04
1.747679e+02	6.469571e-04
1.748772e+02	6.469586e-04
1.749856e+02	6.468136e-04
1.750948e+02	6.468387e-04
1.752021e+02	6.468888e-04
1.753132e+02	6.468136e-04
1.754241e+02	6.469753e-04
1.755325e+02	6.468509e-04
1.756413e+02	6.468470e-04
1.757492e+02	6.468280e-04
1.758572e+02	6.468030e-04
1.759657e+02	6.467976e-04
1.760760e+02	6.468410e-04
1.761853e+02	6.467885e-04
1.762961e+02	6.468121e-04
1.764065e+02	6.467696e-04
1.765148e+02	6.467218e-04
1.766316e+02	6.467681e-04
1.767402e+02	6.466830e-04
1.768491e+02	6.467271e-04
1.769583e+02	6.467423e-04
1.770694e+02	6.467028e-04
1.771785e+02	6.467802e-04
1.772867e+02	6.467324e-04
1.773942e+02	6.466535e-04
1.775017e+02	6.467460e-04
1.776093e+02	6.467840e-04
1.777197e+02	6.466944e-04
1.778266e+02	6.467293e-04
1.779342e+02	6.466876e-04
1.780456e+02	6.467665e-04
1.781550e+02	6.466777e-04
1.782631e+02	6.467339e-04
1.783721e+02	6.466687e-04
1.784802e+02	6.466427e-04
1.785884e+02	6.466853e-04
1.786957e+02	6.466634e-04
1.788045e+02	6.465365e-04
1.789112e+02	6.466268e-04
1.790207e+02	6.465753e-04
1.791280e+02	6.465524e-04
1.792354e+02	6.465973e-04
1.793452e+02	6.466003e-04
1.794524e+02	6.465669e-04
1.795596e+02	6.465988e-04
1.796691e+02	6.466291e-04
1.797786e+02	6.464962e-04
1.798880e+02	6.466277e-04
1.799955e+02	6.465426e-04
1.801045e+02	6.465304e-04
1.802107e+02	6.465737e-04
1.803220e+02	6.465905e-04
1.804314e+02	6.465221e-04
1.805399e+02	6.465684e-04
1.806488e+02	6.466169e-04
1.807600e+02	6.464742e-04
1.808671e+02	6.464439e-04
1.809754e+02	6.403446e-04
1.810835e+02	6.463657e-04
1.811938e+02	6.469609e-04
1.813014e+02	6.470368e-04
1.814102e+02	6.470771e-04
1.815180e+02	6.470346e-04
1.816302e+02	6.469837e-04
1.817367e+02	6.470937e-04
1.818455e+02	6.470254e-04
1.819544e+02	6.469434e-04
1.820663e+02	6.470049e-04
1.821768e+02	6.469397e-04
1.822856e+02	6.470209e-04
1.823936e+02	6.470414e-04
1.825059e+02	6.468311e-04
1.826155e+02	6.469199e-04
1.827252e+02	6.472168e-04
1.828350e+02	6.470945e-04
1.829444e+02	6.468341e-04
1.830543e+02	6.470710e-04
1.831627e+02	6.470285e-04
1.832716e+02	6.469716e-04
1.833824e+02	6.468357e-04
1.834916e+02	6.468660e-04
1.835999e+02	6.468978e-04
1.837061e+02	6.470232e-04
1.838139e+02	6.469472e-04
1.839202e+02	6.468265e-04
1.840275e+02	6.469662e-04
1.841348e+02	6.469745e-04
1.842400e+02	6.469677e-04
1.843476e+02	6.468401e-04
1.844573e+02	6.470133e-04
1.845673e+02	6.468083e-04
1.846789e+02	6.469093e-04
1.847874e+02	6.469199e-04
1.848965e+02	6.467923e-04
1.850057e+02	6.468364e-04
1.851131e+02	6.468577e-04
1.852226e+02	6.467848e-04
1.853298e+02	6.468925e-04
1.854381e+02	6.468106e-04
1.855482e+02	6.469207e-04
1.856566e+02	6.467438e-04
1.857651e+02	6.468584e-04
1.858739e+02	6.467187e-04
1.859822e+02	6.468273e-04
1.860900e+02	6.467863e-04
1.861979e+02	6.468683e-04
1.863066e+02	6.468698e-04
1.864165e+02	6.467096e-04
1.865241e+02	6.468387e-04
1.866310e+02	6.468090e-04
1.867391e+02	6.468044e-04
1.868472e+02	6.467894e-04
1.869540e+02	6.468835e-04
1.870615e+02	6.468167e-04
1.871729e+02	6.467703e-04
1.872814e+02	6.467566e-04
1.873948e+02	6.468090e-04
1.875012e+02	6.466511e-04
1.876114e+02	6.467742e-04
1.877202e+02	6.467658e-04
1.878287e+02	6.467301e-04
1.879365e+02	6.467597e-04
1.880427e+02	6.468037e-04
1.881509e+02	6.467976e-04
1.882602e+02	6.467127e-04
1.883668e+02	6.467005e-04
1.884731e+02	6.468189e-04
1.885825e+02	6.466321e-04
1.886918e+02	6.467278e-04
1.888026e+02	6.466989e-04
1.889116e+02	6.466420e-04
1.890183e+02	6.467771e-04
1.891248e+02	6.467453e-04
1.892325e+02	6.465631e-04
1.893418e+02	6.466451e-04
1.894489e+02	6.466982e-04
1.895592e+02	6.466200e-04
1.896682e+02	6.467127e-04
1.897748e+02	6.467332e-04
1.898825e+02	6.467088e-04
1.899904e+02	6.466800e-04
1.900978e+02	6.466238e-04
1.902056e+02	6.465980e-04
1.903139e+02	6.466899e-04
1.904247e+02	6.466238e-04
1.905351e+02	6.466374e-04
1.906427e+02	6.466724e-04
1.907536e+02	6.466436e-04
1.908614e+02	6.466284e-04
1.909701e+02	6.465836e-04
1.910808e+02	6.466048e-04
1.911884e+02	6.465691e-04
1.912968e+02	6.465783e-04
1.914044e+02	6.465510e-04
1.915111e+02	6.466663e-04
1.916198e+02	6.464834e-04
1.917283e+02	6.464781e-04
1.918375e+02	6.465684e-04
1.919468e+02	6.465813e-04
1.920561e+02	6.463999e-04
1.921644e+02	6.464537e-04
1.922729e+02	6.465912e-04
1.923821e+02	6.464409e-04
1.924883e+02	6.464788e-04
1.925967e+02	6.465365e-04
1.927062e+02	6.465290e-04
1.928134e+02	6.464112e-04
1.929219e+02	6.465418e-04
1.930308e+02	6.465138e-04
1.931401e+02	6.464872e-04
1.932480e+02	6.464591e-04
1.933574e+02	6.464909e-04
1.934641e+02	6.464098e-04
1.935726e+02	6.464773e-04
1.936828e+02	6.464909e-04
1.937909e+02	6.464872e-04
1.939003e+02	6.465259e-04
1.940125e+02	6.463907e-04
1.941206e+02	6.464264e-04
1.942293e+02	6.464865e-04
1.943407e+02	6.464803e-04
1.944477e+02	6.464469e-04
1.945569e+02	6.464226e-04
1.946662e+02	6.465281e-04
1.947746e+02	6.465016e-04
1.948808e+02	6.462457e-04
1.949885e+02	6.464348e-04
1.950962e+02	6.464591e-04
1.952040e+02	6.463369e-04
1.953114e+02	6.466072e-04
1.954199e+02	6.463103e-04
1.955285e+02	6.464059e-04
1.956362e+02	6.462959e-04
1.957451e+02	6.463946e-04
1.958538e+02	6.463893e-04
1.959629e+02	6.462769e-04
1.960732e+02	6.463878e-04
1.961804e+02	6.462882e-04
1.962891e+02	6.464431e-04
1.963960e+02	6.463961e-04
1.965064e+02	6.465365e-04
1.966157e+02	6.462845e-04
1.967240e+02	6.463057e-04
1.968352e+02	6.464083e-04
1.969425e+02	6.463399e-04
1.970496e+02	6.463308e-04
1.971595e+02	6.464614e-04
1.972675e+02	6.462852e-04
1.973753e+02	6.462754e-04
1.974845e+02	6.464773e-04
1.975926e+02	6.462655e-04
1.977044e+02	6.463111e-04
1.978142e+02	6.463558e-04
1.979211e+02	6.463482e-04
1.980311e+02	6.462988e-04
1.981394e+02	6.464014e-04
1.982463e+02	6.462556e-04
1.983550e+02	6.461675e-04
1.984631e+02	6.462222e-04
1.985711e+02	6.462913e-04
1.986827e+02	6.461812e-04
1.987906e+02	6.396105e-04
1.988991e+02	6.468258e-04
1.990073e+02	6.470923e-04
1.991151e+02	6.468288e-04
1.992228e+02	6.468599e-04
1.993320e+02	6.470073e-04
1.994425e+02	6.468789e-04
1.995514e+02	6.469442e-04
1.996591e+02	6.469267e-04
1.997675e+02	6.469647e-04
1.998767e+02	6.468592e-04
1.999849e+02	6.468220e-04
2.000939e+02	6.468987e-04
2.002049e+02	6.469328e-04
2.003141e+02	6.468881e-04
2.004226e+02	6.468910e-04
2.005314e+02	6.468478e-04
2.006402e+02	6.469388e-04
2.007486e+02	6.468524e-04
2.008708e+02	6.468152e-04
2.009841e+02	6.468060e-04
2.010916e+02	6.468645e-04
2.011997e+02	6.469199e-04
2.013116e+02	6.468379e-04
2.014198e+02	6.467681e-04
2.015304e+02	6.469077e-04
2.016394e+02	6.469730e-04
2.017469e+02	6.466451e-04
2.018562e+02	6.467498e-04
2.019653e+02	6.467832e-04
2.020732e+02	6.469086e-04
2.021810e+02	6.467050e-04
2.022901e+02	6.467308e-04
2.023975e+02	6.468872e-04
2.025093e+02	6.467969e-04
2.026177e+02	6.466762e-04
2.027265e+02	6.468394e-04
2.028350e+02	6.468721e-04
2.029429e+02	6.467096e-04
2.030515e+02	6.467119e-04
2.031585e+02	6.467908e-04
2.032672e+02	6.467293e-04
2.033754e+02	6.467551e-04
2.034830e+02	6.468372e-04
2.035900e+02	6.467703e-04
2.036998e+02	6.465912e-04
2.038075e+02	6.466876e-04
2.039196e+02	6.468577e-04
2.040308e+02	6.466345e-04
2.041391e+02	6.466777e-04
2.042471e+02	6.468364e-04
2.043584e+02	6.466656e-04
2.044666e+02	6.465836e-04
2.045743e+02	6.468531e-04
2.046820e+02	6.467718e-04
2.047914e+02	6.465539e-04
2.048985e+02	6.466960e-04
2.050098e+02	6.467544e-04
2.051177e+02	6.466989e-04
2.052274e+02	6.466891e-04
2.053367e+02	6.467696e-04
2.054454e+02	6.467240e-04
2.055530e+02	6.467066e-04
2.056612e+02	6.466154e-04
2.057707e+02	6.465995e-04
2.058816e+02	6.466079e-04
2.059913e+02	6.466482e-04
2.061007e+02	6.467112e-04
2.062095e+02	6.467407e-04
2.063191e+02	6.466921e-04
2.064276e+02	6.465934e-04
2.065364e+02	6.466542e-04
2.066456e+02	6.467385e-04
2.067548e+02	6.466610e-04
2.068651e+02	6.466625e-04
2.069753e+02	6.465920e-04
2.070875e+02	6.466337e-04
2.071958e+02	6.468000e-04
2.073050e+02	6.466687e-04
2.074122e+02	6.465046e-04
2.075205e+02	6.466101e-04
2.076287e+02	6.467931e-04
2.077435e+02	6.465122e-04
2.078527e+02	6.467430e-04
2.079600e+02	6.466132e-04
2.080745e+02	6.465442e-04
2.081822e+02	6.466709e-04
2.082922e+02	6.464682e-04
2.084004e+02	6.466132e-04
2.085131e+02	6.465616e-04
2.086216e+02	6.466352e-04
2.087293e+02	6.466367e-04
2.088409e+02	6.466169e-04
2.089517e+02	6.465290e-04
2.090619e+02	6.464819e-04
2.091722e+02	6.465274e-04
2.092830e+02	6.465107e-04
2.093922e+02	6.464841e-04
2.095038e+02	6.464272e-04
2.096127e+02	6.465358e-04
2.097197e+02	6.464143e-04
2.098288e+02	6.464317e-04
2.099371e+02	6.464196e-04
2.100461e+02	6.464462e-04
2.101556e+02	6.464455e-04
2.102639e+02	6.464948e-04
2.103727e+02	6.464523e-04
2.104807e+02	6.464810e-04
2.105878e+02	6.464325e-04
2.106989e+02	6.463497e-04
2.108061e+02	6.463528e-04
2.109157e+02	6.464371e-04
2.110240e+02	6.464166e-04
2.111334e+02	6.464090e-04
2.112412e+02	6.464865e-04
2.113495e+02	6.464166e-04
2.114617e+02	6.464682e-04
2.115697e+02	6.465297e-04
2.116774e+02	6.464750e-04
2.117867e+02	6.464310e-04
2.118971e+02	6.463429e-04
2.120047e+02	6.464083e-04
2.121121e+02	6.464287e-04
2.122198e+02	6.463300e-04
2.123279e+02	6.464508e-04
2.124358e+02	6.463604e-04
2.125454e+02	6.463779e-04
2.126547e+02	6.464196e-04
2.127632e+02	6.463809e-04
2.128717e+02	6.464431e-04
2.129802e+02	6.464614e-04
2.130902e+02	6.464067e-04
2.131992e+02	6.463027e-04
2.133092e+02	6.464158e-04
2.134171e+02	6.463475e-04
2.135265e+02	6.463687e-04
2.136373e+02	6.463984e-04
2.137460e+02	6.463027e-04
2.138556e+02	6.463687e-04
2.139665e+02	6.462290e-04
2.140764e+02	6.462708e-04
2.141889e+02	6.463763e-04
2.142980e+02	6.462100e-04
2.144054e+02	6.461531e-04
2.145128e+02	6.462882e-04
2.146193e+02	6.463369e-04
2.147283e+02	6.462162e-04
2.148374e+02	6.463825e-04
2.149446e+02	6.462602e-04
2.150557e+02	6.462723e-04
2.151666e+02	6.462457e-04
2.152769e+02	6.463468e-04
2.153843e+02	6.462427e-04
2.154947e+02	6.461539e-04
2.156040e+02	6.463497e-04
2.157163e+02	6.461197e-04
2.158266e+02	6.461926e-04
2.159364e+02	6.463277e-04
2.160457e+02	6.462215e-04
2.161564e+02	6.461873e-04
2.162646e+02	6.463353e-04
2.163758e+02	6.463087e-04
2.164840e+02	6.462078e-04
2.165924e+02	6.462032e-04
2.166997e+02	6.462898e-04
2.168108e+02	6.462070e-04
2.169183e+02	6.463027e-04
2.170258e+02	6.464401e-04
2.171340e+02	6.461531e-04
2.172428e+02	6.462959e-04
2.173516e+02	6.463847e-04
2.174599e+02	6.462078e-04
2.175681e+02	6.461820e-04
2.176745e+02	6.463239e-04
2.177819e+02	6.462268e-04
2.178935e+02	6.460901e-04
2.180056e+02	6.462268e-04
2.181151e+02	6.462906e-04
2.182235e+02	6.461615e-04
2.183317e+02	6.462686e-04
2.184400e+02	6.462807e-04
2.185492e+02	6.462070e-04
2.186570e+02	6.461941e-04
2.187644e+02	6.462488e-04
2.188715e+02	6.462344e-04
2.189807e+02	6.460825e-04
2.190910e+02	6.461584e-04
2.191999e+02	6.441307e-04
2.193090e+02	6.441519e-04
2.194187e+02	6.464948e-04
2.195283e+02	6.466086e-04
2.196356e+02	6.465700e-04
2.197418e+02	6.466731e-04
2.198508e+02	6.466420e-04
2.199573e+02	6.466086e-04
2.200676e+02	6.465707e-04
2.201789e+02	6.466178e-04
2.202875e+02	6.466222e-04
2.203959e+02	6.466132e-04
2.205031e+02	6.466185e-04
2.206103e+02	6.465684e-04
2.207198e+02	6.464933e-04
2.208290e+02	6.465616e-04
2.209358e+02	6.466101e-04
2.210433e+02	6.465183e-04
2.211516e+02	6.464849e-04
2.212618e+02	6.466154e-04
2.213699e+02	6.465167e-04
2.214787e+02	6.465456e-04
2.215892e+02	6.464796e-04
2.216971e+02	6.465433e-04
2.218062e+02	6.464242e-04
2.219142e+02	6.464720e-04
2.220219e+02	6.464909e-04
2.221326e+02	6.464332e-04
2.222422e+02	6.464393e-04
2.223509e+02	6.464378e-04
2.224608e+02	6.463733e-04
2.225677e+02	6.464332e-04
2.226755e+02	6.465085e-04
2.227843e+02	6.465319e-04
2.228937e+02	6.464552e-04
2.230010e+02	6.465608e-04
2.231101e+02	6.464508e-04
2.232195e+02	6.463657e-04
2.233292e+02	6.464234e-04
2.234386e+02	6.463922e-04
2.235498e+02	6.464462e-04
2.236580e+02	6.463353e-04
2.237663e+02	6.465183e-04
2.238750e+02	6.463202e-04
2.239834e+02	6.464044e-04
2.240913e+02	6.464272e-04
2.242023e+02	6.463536e-04
2.243114e+02	6.462829e-04
2.244188e+02	6.463786e-04
2.245284e+02	6.463900e-04
2.246370e+02	6.463794e-04
2.247451e+02	6.463209e-04
2.248528e+02	6.463080e-04
2.249605e+02	6.463285e-04
2.250680e+02	6.464477e-04
2.251773e+02	6.463087e-04
2.252846e+02	6.462988e-04
2.253919e+02	6.463953e-04
2.255027e+02	6.462935e-04
2.256137e+02	6.463938e-04
2.257219e+02	6.462677e-04
2.258319e+02	6.463308e-04
2.259409e+02	6.463149e-04
2.260481e+02	6.463459e-04
2.261574e+02	6.463345e-04
2.262661e+02	6.462951e-04
2.263731e+02	6.462230e-04
2.264822e+02	6.464766e-04
2.265944e+02	6.463649e-04
2.267027e+02	6.461812e-04
2.268134e+02	6.462783e-04
2.269223e+02	6.463779e-04
2.270310e+02	6.464272e-04
2.271411e+02	6.461440e-04
2.272564e+02	6.462199e-04
2.273753e+02	6.463885e-04
2.274836e+02	6.462252e-04
2.275959e+02	6.461000e-04
2.277030e+02	6.463589e-04
2.278136e+02	6.462442e-04
2.279219e+02	6.461197e-04
2.280283e+02	6.461979e-04
2.281391e+02	6.463361e-04
2.282497e+02	6.461668e-04
2.283590e+02	6.463072e-04
2.284704e+02	6.461327e-04
2.285812e+02	6.462549e-04
2.286888e+02	6.462184e-04
2.287986e+02	6.462131e-04
2.289080e+02	6.460483e-04
2.290158e+02	6.461228e-04
2.291283e+02	6.461190e-04
2.292404e+02	6.460507e-04
2.293499e+02	6.462420e-04
2.294590e+02	6.461539e-04
2.295668e+02	6.461342e-04
2.296741e+02	6.461265e-04
2.297823e+02	6.461417e-04
2.298906e+02	6.461926e-04
2.299998e+02	6.460605e-04
2.301118e+02	6.461752e-04
2.302219e+02	6.460324e-04
2.303328e+02	6.461221e-04
2.304398e+02	6.461007e-04
2.305500e+02	6.461243e-04
2.306603e+02	6.461106e-04
2.307727e+02	6.460878e-04
2.308820e+02	6.460871e-04
2.309888e+02	6.460840e-04
2.310980e+02	6.460324e-04
2.312072e+02	6.462063e-04
2.313158e+02	6.461303e-04
2.314236e+02	6.460529e-04
2.315354e+02	6.461721e-04
2.316426e+02	6.460263e-04
2.317526e+02	6.460575e-04
2.318652e+02	6.461197e-04
2.319732e+02	6.460917e-04
2.320822e+02	6.462070e-04
2.321916e+02	6.460886e-04
2.323014e+02	6.461948e-04
2.324096e+02	6.459770e-04
2.325168e+02	6.459899e-04
2.326253e+02	6.460324e-04
2.327348e+02	6.460575e-04
2.328432e+02	6.461060e-04
2.329504e+02	6.459891e-04
2.330626e+02	6.461113e-04
2.331715e+02	6.460719e-04
2.332794e+02	6.460765e-04
2.333878e+02	6.461395e-04
2.334964e+02	6.460560e-04
2.336056e+02	6.459300e-04
2.337130e+02	6.461030e-04
2.338239e+02	6.461023e-04
2.339321e+02	6.460355e-04
2.340394e+02	6.459588e-04
2.341487e+02	6.460370e-04
2.342595e+02	6.460316e-04
2.343698e+02	6.460142e-04
2.344782e+02	6.460172e-04
2.345860e+02	6.459717e-04
2.346963e+02	6.459717e-04
2.348054e+02	6.460104e-04
2.349134e+02	6.459443e-04
2.350220e+02	6.459353e-04
2.351312e+02	6.459192e-04
2.352387e+02	6.458927e-04
2.353477e+02	6.458935e-04
2.354566e+02	6.459823e-04
2.355648e+02	6.459512e-04
2.356723e+02	6.391824e-04
2.357796e+02	6.461592e-04
2.358899e+02	6.463558e-04
2.359993e+02	6.461979e-04
2.361079e+02	6.463277e-04
2.362170e+02	6.462776e-04
2.363253e+02	6.462085e-04
2.364319e+02	6.463832e-04
2.365403e+02	6.462852e-04
2.366508e+02	6.463012e-04
2.367595e+02	6.461820e-04
2.368661e+02	6.462488e-04
2.369740e+02	6.462563e-04
2.370833e+02	6.461865e-04
2.371892e+02	6.462047e-04
2.372999e+02	6.462450e-04
2.374075e+02	6.461721e-04
2.375160e+02	6.462792e-04
2.376250e+02	6.463232e-04
2.377332e+02	6.460878e-04
2.378411e+02	6.461182e-04
2.379501e+02	6.461448e-04
2.380568e+02	6.459930e-04
2.381642e+02	6.460886e-04
2.382735e+02	6.461941e-04
2.383820e+02	6.461334e-04
2.384883e+02	6.461265e-04
2.385987e+02	6.460878e-04
2.387066e+02	6.460567e-04
2.388139e+02	6.460977e-04
2.389237e+02	6.461243e-04
2.390325e+02	6.460400e-04
2.391413e+02	6.460423e-04
2.392506e+02	6.461053e-04
2.393581e+02	6.459603e-04
2.394674e+02	6.459633e-04
2.395753e+02	6.460712e-04
2.396838e+02	6.460499e-04
2.397923e+02	6.461265e-04
2.399009e+02	6.459725e-04
2.400109e+02	6.461106e-04
2.401187e+02	6.460719e-04
2.402306e+02	6.460749e-04
2.403400e+02	6.461197e-04
2.404492e+02	6.461448e-04
2.405584e+02	6.460188e-04
2.406664e+02	6.461592e-04
2.407757e+02	6.461349e-04
2.408818e+02	6.460324e-04
2.409898e+02	6.460613e-04
2.410977e+02	6.460688e-04
2.412073e+02	6.460507e-04
2.413151e+02	6.459428e-04
2.414243e+02	6.460840e-04
2.415335e+02	6.459672e-04
2.416416e+02	6.460218e-04
2.417519e+02	6.460492e-04
2.418605e+02	6.459132e-04
2.419710e+02	6.461038e-04
2.420806e+02	6.460552e-04
2.421886e+02	6.458806e-04
2.422972e+02	6.460590e-04
2.424057e+02	6.460165e-04
2.425137e+02	6.459413e-04
2.426222e+02	6.459648e-04
2.427295e+02	6.459686e-04
2.428368e+02	6.459800e-04
2.429468e+02	6.460575e-04
2.430545e+02	6.459686e-04
2.431618e+02	6.459945e-04
2.432709e+02	6.459344e-04
2.433793e+02	6.460248e-04
2.434869e+02	6.459079e-04
2.435950e+02	6.460241e-04
2.437037e+02	6.458016e-04
2.438121e+02	6.459291e-04
2.439206e+02	6.460567e-04
2.440294e+02	6.459026e-04
2.441378e+02	6.459732e-04
2.442444e+02	6.458980e-04
2.443552e+02	6.459185e-04
2.444642e+02	6.459247e-04
2.445739e+02	6.459853e-04
2.446834e+02	6.457811e-04
2.447931e+02	6.458168e-04
2.449023e+02	6.460157e-04
2.450094e+02	6.458373e-04
2.451175e+02	6.457606e-04
2.452251e+02	6.458919e-04
2.453326e+02	6.457326e-04
2.454403e+02	6.458836e-04
2.455483e+02	6.458571e-04
2.456570e+02	6.458624e-04
2.457651e+02	6.458434e-04
2.458752e+02	6.458639e-04
2.459824e+02	6.457910e-04
2.460906e+02	6.457857e-04
2.462009e+02	6.458145e-04
2.463091e+02	6.457690e-04
2.464215e+02	6.457963e-04
2.465297e+02	6.456574e-04
2.466373e+02	6.457189e-04
2.467456e+02	6.457644e-04
2.468560e+02	6.457758e-04
2.469646e+02	6.457698e-04
2.470728e+02	6.457804e-04
2.471791e+02	6.456885e-04
2.472879e+02	6.458176e-04
2.473951e+02	6.458084e-04
2.475034e+02	6.456855e-04
2.476116e+02	6.458062e-04
2.477199e+02	6.457068e-04
2.478266e+02	6.457963e-04
2.479355e+02	6.456392e-04
2.480447e+02	6.459079e-04
2.481521e+02	6.455929e-04
2.482607e+02	6.456749e-04
2.483688e+02	6.457273e-04
2.484781e+02	6.454980e-04
2.485878e+02	6.457667e-04
2.486957e+02	6.456597e-04
2.488054e+02	6.455579e-04
2.489118e+02	6.458426e-04
2.490217e+02	6.455572e-04
2.491312e+02	6.456954e-04
2.492381e+02	6.456027e-04
2.493470e+02	6.389508e-04
2.494554e+02	6.462116e-04
2.495621e+02	6.462541e-04
2.496693e+02	6.463057e-04
2.497770e+02	6.462662e-04
2.498860e+02	6.462974e-04
2.499938e+02	6.464112e-04
2.501020e+02	6.462503e-04
2.502109e+02	6.464249e-04
2.503202e+02	6.463931e-04
2.504275e+02	6.463080e-04
2.505383e+02	6.463133e-04
2.506468e+02	6.463103e-04
2.507554e+02	6.463034e-04
2.508667e+02	6.462845e-04
2.509777e+02	6.462208e-04
2.510856e+02	6.463528e-04
2.511961e+02	6.462587e-04
2.513062e+02	6.462594e-04
2.514142e+02	6.463512e-04
2.515224e+02	6.462367e-04
2.516300e+02	6.462001e-04
2.517386e+02	6.462199e-04
2.518466e+02	6.461987e-04
2.519580e+02	6.461486e-04
2.520659e+02	6.462563e-04
2.521744e+02	6.462237e-04
2.522821e+02	6.461994e-04
2.523908e+02	6.462920e-04
2.524986e+02	6.462571e-04
2.526080e+02	6.462215e-04
2.527162e+02	6.461547e-04
2.528250e+02	6.462389e-04
2.529346e+02	6.461979e-04
2.530420e+02	6.462056e-04
2.531512e+02	6.462146e-04
2.532602e+02	6.461221e-04
2.533679e+02	6.461721e-04
2.534793e+02	6.461539e-04
2.535897e+02	6.461789e-04
2.536977e+02	6.461904e-04
2.538055e+02	6.462199e-04
2.539150e+02	6.461053e-04
2.540213e+02	6.461023e-04
2.541301e+02	6.461736e-04
2.542397e+02	6.461190e-04
2.543480e+02	6.461380e-04
2.544556e+02	6.462222e-04
2.545638e+02	6.460757e-04
2.546742e+02	6.461311e-04
2.547857e+02	6.461318e-04
2.548938e+02	6.460864e-04
2.550038e+02	6.460514e-04
2.551118e+02	6.461296e-04
2.552203e+02	6.462040e-04
2.553291e+02	6.461014e-04
2.554381e+02	6.462153e-04
2.555449e+02	6.461547e-04
2.556562e+02	6.460287e-04
2.557655e+02	6.461122e-04
2.558732e+02	6.461547e-04
2.559822e+02	6.460043e-04
2.560917e+02	6.461182e-04
2.561989e+02	6.461357e-04
2.563086e+02	6.460772e-04
2.564175e+02	6.460787e-04
2.565256e+02	6.461190e-04
2.566349e+02	6.461250e-04
2.567434e+02	6.460970e-04
2.568511e+02	6.461653e-04
2.569595e+02	6.460840e-04
2.570671e+02	6.460688e-04
2.571754e+02	6.461228e-04
2.572853e+02	6.460331e-04
2.573935e+02	6.459754e-04
2.575007e+02	6.460029e-04
2.576077e+02	6.460468e-04
2.577167e+02	6.458927e-04
2.578269e+02	6.460590e-04
2.579353e+02	6.459573e-04
2.580449e+02	6.459906e-04
2.581520e+02	6.460825e-04
2.582596e+02	6.460309e-04
2.583674e+02	6.459861e-04
2.584779e+02	6.459466e-04
2.585870e+02	6.460688e-04
2.586962e+02	6.459732e-04
2.588072e+02	6.459558e-04
2.589157e+02	6.459284e-04
2.590230e+02	6.458639e-04
2.591300e+02	6.458813e-04
2.592388e+02	6.458943e-04
2.593478e+02	6.460355e-04
2.594575e+02	6.459481e-04
2.595673e+02	6.459474e-04
2.596746e+02	6.459846e-04
2.597823e+02	6.458617e-04
2.598913e+02	6.458282e-04
2.600017e+02	6.459042e-04
2.601120e+02	6.458829e-04
2.602200e+02	6.457439e-04
2.603294e+02	6.458646e-04
2.604380e+02	6.458699e-04
2.605444e+02	6.458320e-04
2.606522e+02	6.459003e-04
2.607598e+02	6.459276e-04
2.608693e+02	6.457705e-04
2.609782e+02	6.458267e-04
2.610887e+02	6.458866e-04
2.611972e+02	6.457022e-04
2.613041e+02	6.458221e-04
2.614124e+02	6.458145e-04
2.615233e+02	6.457234e-04
2.616304e+02	6.457121e-04
2.617373e+02	6.457454e-04
2.618444e+02	6.457918e-04
2.619519e+02	6.456581e-04
2.620611e+02	6.457872e-04
2.621714e+02	6.457507e-04
2.622796e+02	6.456961e-04
2.623884e+02	6.458851e-04
2.624984e+02	6.456916e-04
2.626059e+02	6.458130e-04
2.627150e+02	6.458631e-04
2.628248e+02	6.458236e-04
2.629327e+02	6.457500e-04
2.630420e+02	6.458456e-04
2.631507e+02	6.457432e-04
2.632581e+02	6.457910e-04
2.633674e+02	6.457826e-04
2.634753e+02	6.458419e-04
2.635837e+02	6.457857e-04
2.636920e+02	6.457584e-04
2.638017e+02	6.458115e-04
2.639106e+02	6.456824e-04
2.640183e+02	6.456908e-04
2.641267e+02	6.456718e-04
2.642350e+02	6.456809e-04
2.643421e+02	6.457204e-04
2.644503e+02	6.456687e-04
2.645590e+02	6.456657e-04
2.646663e+02	6.457333e-04
2.647757e+02	6.456901e-04
2.648835e+02	6.457196e-04
2.649936e+02	6.456520e-04
2.651033e+02	6.456855e-04
2.652119e+02	6.456399e-04
2.653231e+02	6.456984e-04
2.654324e+02	6.457227e-04
2.655396e+02	6.457485e-04
2.656479e+02	6.457538e-04
2.657554e+02	6.456839e-04
2.658636e+02	6.456817e-04
2.659723e+02	6.456445e-04
2.660797e+02	6.456795e-04
2.661885e+02	6.457242e-04
2.662987e+02	6.455473e-04
2.664078e+02	6.457386e-04
2.665155e+02	6.456597e-04
2.666257e+02	6.454546e-04
2.667341e+02	6.456535e-04
2.668432e+02	6.456073e-04
2.669512e+02	6.456163e-04
2.670599e+02	6.455746e-04
2.671716e+02	6.455792e-04
2.672819e+02	6.457264e-04
2.673899e+02	6.455314e-04
2.674986e+02	6.456004e-04
2.676084e+02	6.456643e-04
2.677173e+02	6.456179e-04
2.678287e+02	6.455792e-04
2.679385e+02	6.456301e-04
2.680466e+02	6.455617e-04
2.681571e+02	6.455389e-04
2.682657e+02	6.454980e-04
2.683721e+02	6.455123e-04
2.684794e+02	6.389242e-04
2.685907e+02	6.460613e-04
2.686987e+02	6.460780e-04
2.688069e+02	6.460712e-04
2.689148e+02	6.460673e-04
2.690234e+02	6.461562e-04
2.691313e+02	6.460765e-04
2.692425e+02	6.460855e-04
2.693490e+02	6.460643e-04
2.694592e+02	6.461523e-04
2.695685e+02	6.460833e-04
2.696772e+02	6.459315e-04
2.697848e+02	6.460234e-04
2.698963e+02	6.460225e-04
2.700036e+02	6.459185e-04
2.701117e+02	6.461736e-04
2.702199e+02	6.460309e-04
2.703280e+02	6.458366e-04
2.704374e+02	6.461933e-04
2.705460e+02	6.459549e-04
2.706533e+02	6.458205e-04
2.707622e+02	6.461106e-04
2.708737e+02	6.460400e-04
2.709817e+02	6.458502e-04
2.710895e+02	6.459868e-04
2.712000e+02	6.461113e-04
2.713083e+02	6.460536e-04
2.714176e+02	6.458685e-04
2.715258e+02	6.459853e-04
2.716346e+02	6.460620e-04
2.717420e+02	6.458714e-04
2.718513e+02	6.461045e-04
2.719585e+02	6.459694e-04
2.720656e+02	6.459139e-04
2.721743e+02	6.460043e-04
2.722833e+02	6.459269e-04
2.723895e+02	6.458578e-04
2.724984e+02	6.459102e-04
2.726069e+02	6.458882e-04
2.727154e+02	6.458426e-04
2.728235e+02	6.459793e-04
2.729314e+02	6.459694e-04
2.730387e+02	6.459459e-04
2.731469e+02	6.458980e-04
2.732532e+02	6.459329e-04
2.733609e+02	6.459163e-04
2.734690e+02	6.458123e-04
2.735764e+02	6.459496e-04
2.736847e+02	6.459238e-04
2.737939e+02	6.457811e-04
2.739019e+02	6.458608e-04
2.740118e+02	6.458685e-04
2.741206e+02	6.457546e-04
2.742311e+02	6.457469e-04
2.743421e+02	6.458282e-04
2.744522e+02	6.458608e-04
2.745612e+02	6.458776e-04
2.746706e+02	6.458069e-04
2.747811e+02	6.458205e-04
2.748891e+02	6.458047e-04
2.749970e+02	6.459443e-04
2.751068e+02	6.457546e-04
2.752458e+02	6.458335e-04
2.753552e+02	6.456954e-04
2.754635e+02	6.459064e-04
2.755702e+02	6.457698e-04
2.756779e+02	6.458047e-04
2.757879e+02	6.458031e-04
2.758964e+02	6.458320e-04
2.760085e+02	6.457888e-04
2.761177e+02	6.458950e-04
2.762275e+02	6.458441e-04
2.763355e+02	6.457811e-04
2.764445e+02	6.458502e-04
2.765557e+02	6.457447e-04
2.766648e+02	6.457522e-04
2.767723e+02	6.456634e-04
2.768816e+02	6.457956e-04
2.769886e+02	6.456945e-04
2.770997e+02	6.455374e-04
2.772094e+02	6.456945e-04
2.773169e+02	6.457401e-04
2.774270e+02	6.457789e-04
2.775362e+02	6.456802e-04
2.776437e+02	6.457326e-04
2.777520e+02	6.456740e-04
2.778638e+02	6.457060e-04
2.779725e+02	6.457712e-04
2.780825e+02	6.456657e-04
2.781926e+02	6.456286e-04
2.783004e+02	6.457469e-04
2.784111e+02	6.456088e-04
2.785181e+02	6.456665e-04
2.786266e+02	6.457341e-04
2.787341e+02	6.456976e-04
2.788445e+02	6.456870e-04
2.789549e+02	6.456110e-04
2.790654e+02	6.457690e-04
2.791748e+02	6.456035e-04
2.792838e+02	6.456286e-04
2.793945e+02	6.457416e-04
2.795036e+02	6.458229e-04
2.796130e+02	6.457644e-04
2.797203e+02	6.456020e-04
2.798280e+02	6.456901e-04
2.799378e+02	6.455663e-04
2.800470e+02	6.456984e-04
2.801562e+02	6.456634e-04
2.802634e+02	6.457060e-04
2.803716e+02	6.456422e-04
2.804797e+02	6.455693e-04
2.805869e+02	6.457295e-04
2.806937e+02	6.456588e-04
2.808014e+02	6.456627e-04
2.809125e+02	6.454669e-04
2.810201e+02	6.455830e-04
2.811270e+02	6.455861e-04
2.812356e+02	6.455647e-04
2.813449e+02	6.456240e-04
2.814536e+02	6.456650e-04
2.815761e+02	6.455640e-04
2.816844e+02	6.455564e-04
2.817927e+02	6.456665e-04
2.819009e+02	6.455063e-04
2.820102e+02	6.455352e-04
2.821179e+02	6.386144e-04
2.822263e+02	6.454539e-04
2.823383e+02	6.455435e-04
2.824480e+02	6.457698e-04
2.825552e+02	6.456740e-04
2.826638e+02	6.457401e-04
2.827717e+02	6.455997e-04
2.828805e+02	6.457766e-04
2.829882e+02	6.456672e-04
2.830956e+02	6.456566e-04
2.832034e+02	6.457287e-04
2.833126e+02	6.456361e-04
2.834208e+02	6.457044e-04
2.835302e+02	6.455799e-04
2.836392e+02	6.457022e-04
2.837457e+02	6.455511e-04
2.838565e+02	6.454766e-04
2.839650e+02	6.456634e-04
2.840728e+02	6.454341e-04
2.841835e+02	6.454660e-04
2.842918e+02	6.455861e-04
2.844015e+02	6.455291e-04
2.845125e+02	6.454562e-04
2.846203e+02	6.456240e-04
2.847300e+02	6.455495e-04
2.848405e+02	6.454456e-04
2.849488e+02	6.455162e-04
2.850580e+02	6.454456e-04
2.851675e+02	6.455328e-04
2.852770e+02	6.455799e-04
2.853861e+02	6.455845e-04
2.854941e+02	6.454539e-04
2.856018e+02	6.455663e-04
2.857124e+02	6.455123e-04
2.858200e+02	6.454509e-04
2.859285e+02	6.454607e-04
2.860363e+02	6.454971e-04
2.861461e+02	6.453735e-04
2.862553e+02	6.454433e-04
2.863626e+02	6.454160e-04
2.864728e+02	6.454858e-04
2.865804e+02	6.454220e-04
2.866888e+02	6.453772e-04
2.867960e+02	6.454546e-04
2.869035e+02	6.454039e-04
2.870110e+02	6.454546e-04
2.871194e+02	6.454312e-04
2.872309e+02	6.454812e-04
2.873371e+02	6.454015e-04
2.874488e+02	6.453772e-04
2.875582e+02	6.453902e-04
2.876665e+02	6.454175e-04
2.877757e+02	6.454297e-04
2.878835e+02	6.454645e-04
2.879926e+02	6.454722e-04
2.881008e+02	6.453567e-04
2.882151e+02	6.453506e-04
2.883240e+02	6.453651e-04
2.884337e+02	6.453408e-04
2.885436e+02	6.454023e-04
2.886522e+02	6.452338e-04
2.887769e+02	6.453977e-04
2.888854e+02	6.453043e-04
2.889919e+02	6.453931e-04
2.891002e+02	6.452413e-04
2.892118e+02	6.452376e-04
2.893214e+02	6.453878e-04
2.894283e+02	6.454046e-04
2.895380e+02	6.452444e-04
2.896448e+02	6.452785e-04
2.897534e+02	6.453431e-04
2.898622e+02	6.453325e-04
2.899705e+02	6.452588e-04
2.900778e+02	6.453188e-04
2.901852e+02	6.453310e-04
2.902939e+02	6.452459e-04
2.904020e+02	6.452558e-04
2.905103e+02	6.452778e-04
2.906185e+02	6.452299e-04
2.907270e+02	6.453469e-04
2.908359e+02	6.454456e-04
2.909456e+02	6.454068e-04
2.910549e+02	6.454357e-04
2.911625e+02	6.452246e-04
2.912707e+02	6.453416e-04
2.913779e+02	6.454122e-04
2.914891e+02	6.452907e-04
2.915988e+02	6.452239e-04
2.917077e+02	6.453765e-04
2.918170e+02	6.452307e-04
2.919284e+02	6.452490e-04
2.920357e+02	6.452695e-04
2.921468e+02	6.453598e-04
2.922555e+02	6.452671e-04
2.923633e+02	6.452003e-04
2.924726e+02	6.453484e-04
2.925812e+02	6.453825e-04
2.926896e+02	6.451836e-04
2.927998e+02	6.452482e-04
2.929076e+02	6.451312e-04
2.930151e+02	6.452922e-04
2.931243e+02	6.452231e-04
2.932318e+02	6.450933e-04
2.933387e+02	6.450318e-04
2.934462e+02	6.452451e-04
2.935534e+02	6.451343e-04
2.936614e+02	6.451221e-04
2.937696e+02	6.452808e-04
2.938762e+02	6.452891e-04
2.939851e+02	6.451966e-04
2.940930e+02	6.451669e-04
2.942009e+02	6.452519e-04
2.943099e+02	6.451214e-04
2.944175e+02	6.450948e-04
2.945244e+02	6.451283e-04
2.946340e+02	6.452861e-04
2.947457e+02	6.451009e-04
2.948553e+02	6.450895e-04
2.949655e+02	6.451715e-04
2.950753e+02	6.451259e-04
2.951841e+02	6.450038e-04
2.952928e+02	6.450994e-04
2.954011e+02	6.451389e-04
2.955107e+02	6.449779e-04
2.956171e+02	6.450849e-04
2.957248e+02	6.400660e-04
2.958327e+02	6.441215e-04
2.959420e+02	6.455746e-04
2.960485e+02	6.456779e-04
2.961561e+02	6.455808e-04
2.962624e+02	6.457068e-04
2.963703e+02	6.457090e-04
2.964798e+02	6.456301e-04
2.965868e+02	6.455177e-04
2.966949e+02	6.456703e-04
2.968030e+02	6.455936e-04
2.969109e+02	6.456407e-04
2.970195e+02	6.456612e-04
2.971323e+02	6.455572e-04
2.972409e+02	6.456050e-04
2.973487e+02	6.457674e-04
2.974579e+02	6.455769e-04
2.975674e+02	6.456179e-04
2.976780e+02	6.456467e-04
2.977849e+02	6.455564e-04
2.978927e+02	6.456073e-04
2.980026e+02	6.456870e-04
2.981097e+02	6.455253e-04
2.982176e+02	6.456354e-04
2.983276e+02	6.455670e-04
2.984359e+02	6.455397e-04
2.985451e+02	6.455451e-04
2.986546e+02	6.455306e-04
2.987629e+02	6.455291e-04
2.988742e+02	6.456141e-04
2.989827e+02	6.454684e-04
2.990903e+02	6.455951e-04
2.991983e+02	6.456050e-04
2.993062e+02	6.453931e-04
2.994144e+02	6.456771e-04
2.995215e+02	6.455238e-04
2.996297e+02	6.455693e-04
2.997399e+02	6.455299e-04
2.998492e+02	6.455473e-04
2.999560e+02	6.454949e-04
3.000682e+02	2.295664e-04
3.001788e+02	1.856199e-06
3.002882e+02	1.833423e-06
3.003974e+02	1.919211e-06
3.005077e+02	1.867587e-06
3.006151e+02	1.884289e-06
3.007245e+02	1.842534e-06
3.008332e+02	1.868346e-06
3.009422e+02	1.885047e-06
3.010516e+02	1.869864e-06
3.011595e+02	1.838738e-06
3.012711e+02	1.837219e-06
3.013809e+02	1.891881e-06
3.014879e+02	1.881251e-06
3.015972e+02	1.852403e-06
3.017043e+02	1.840256e-06
3.018127e+02	1.890363e-06
3.019204e+02	1.841014e-06
3.020273e+02	1.863031e-06
3.021368e+02	1.857717e-06
3.022449e+02	1.853922e-06
3.023529e+02	1.822035e-06
3.024627e+02	1.876697e-06
3.025726e+02	1.897954e-06
3.026802e+02	1.874419e-06
3.027927e+02	1.831146e-06
3.029015e+02	1.863791e-06
3.030097e+02	1.842534e-06
3.031190e+02	1.837219e-06
3.032324e+02	1.868346e-06
3.033408e+02	1.868346e-06
3.034479e+02	1.827350e-06
3.035562e+02	1.855440e-06
3.036664e+02	1.828868e-06
3.037756e+02	1.876697e-06
3.038837e+02	1.861513e-06
3.039913e+02	1.878215e-06
3.041007e+02	1.859236e-06
3.042122e+02	1.849366e-06
3.043197e+02	1.856958e-06
3.044438e+02	1.849366e-06
3.045528e+02	1.844052e-06
3.046615e+02	1.850126e-06
3.047686e+02	1.838738e-06
3.048768e+02	1.888843e-06
3.049871e+02	1.878975e-06
3.050948e+02	1.846330e-06
3.052030e+02	1.894917e-06
3.053096e+02	1.859236e-06
3.054194e+02	1.868346e-06
3.055279e+02	1.825072e-06
3.056372e+02	1.874419e-06
3.057475e+02	1.856958e-06
3.058568e+02	1.902509e-06
3.059651e+02	1.863791e-06
3.060734e+02	1.886567e-06
3.061837e+02	1.868346e-06
3.062925e+02	1.888843e-06
3.064010e+02	1.869105e-06
3.065098e+02	1.866827e-06
3.066189e+02	1.858476e-06
3.067288e+02	1.891121e-06
3.068384e+02	1.846330e-06
3.069456e+02	1.823554e-06
3.070530e+02	1.875937e-06
3.071659e+02	1.898713e-06
3.072759e+02	1.872901e-06
3.073861e+02	1.881251e-06
3.074942e+02	1.850126e-06
3.076072e+02	1.838738e-06
3.077134e+02	1.877455e-06
3.078251e+02	1.847088e-06
3.079320e+02	1.872141e-06
3.080418e+02	1.887325e-06
3.081501e+02	1.869105e-06
3.082579e+02	1.907823e-06
3.083654e+02	1.872901e-06
3.084760e+02	1.853922e-06
3.085851e+02	1.910860e-06
3.086934e+02	1.879733e-06
3.088054e+02	1.839496e-06
3.089168e+02	1.877455e-06
3.090252e+02	1.862272e-06
3.091324e+02	1.847848e-06
3.092407e+02	1.859995e-06
3.093513e+02	1.861513e-06
3.094639e+02	1.822795e-06
3.095728e+02	1.823554e-06
3.096816e+02	1.844810e-06
3.097916e+02	1.848606e-06
3.098996e+02	1.831905e-06
3.100072e+02	1.868346e-06
3.101180e+02	1.883529e-06
3.102262e+02	1.805333e-06
3.103346e+02	1.858476e-06
3.104413e+02	1.864550e-06
3.105498e+02	1.853162e-06
3.106597e+02	1.855440e-06
3.107678e+02	1.875179e-06
3.108766e+02	1.877455e-06
3.109846e+02	1.871383e-06
3.110929e+02	1.840256e-06
3.112028e+02	1.844052e-06
3.113113e+02	1.849366e-06
3.114223e+02	1.869864e-06
3.115333e+02	1.854680e-06
3.116407e+02	1.902509e-06
3.117491e+02	1.872141e-06
3.118583e+02	1.870623e-06
3.119662e+02	1.872141e-06
3.120730e+02	1.868346e-06
3.121800e+02	1.843292e-06
3.122888e+02	1.841774e-06
3.123980e+02	1.904787e-06
3.125072e+02	1.840256e-06
3.126152e+02	1.847088e-06
3.127228e+02	1.837978e-06
3.128308e+02	1.872141e-06
3.129410e+02	1.837219e-06
3.130518e+02	1.824313e-06
3.131583e+02	1.819758e-06
3.132660e+02	1.845570e-06
3.133743e+02	1.844810e-06
3.134818e+02	1.827350e-06
3.135925e+02	1.803055e-06
3.137013e+02	1.861513e-06
3.138093e+02	1.824313e-06
3.139198e+02	1.857717e-06
3.140278e+02	1.825831e-06
3.141371e+02	1.860754e-06
3.142473e+02	1.866827e-06
3.143568e+02	1.806851e-06
3.144645e+02	1.841774e-06
3.145743e+02	1.841774e-06
3.146829e+02	1.888085e-06
3.147892e+02	1.830386e-06
3.148975e+02	1.838738e-06
3.150070e+02	1.850126e-06
3.151160e+02	1.861513e-06
3.152243e+02	1.851644e-06
3.153323e+02	1.841014e-06
3.154410e+02	1.854680e-06
3.155491e+02	1.848606e-06
3.156561e+02	1.835700e-06
3.157644e+02	1.841014e-06
3.158726e+02	1.828109e-06
3.159804e+02	1.837978e-06
3.160883e+02	1.851644e-06
3.161954e+02	1.828868e-06
3.163061e+02	1.825831e-06
3.164153e+02	1.822035e-06
3.165239e+02	1.834942e-06
3.166329e+02	1.833423e-06
3.167432e+02	1.828868e-06
3.168524e+02	1.841774e-06
3.169628e+02	1.812925e-06
3.170725e+02	1.854680e-06
3.171793e+02	1.847088e-06
3.172896e+02	1.799259e-06
3.173992e+02	1.839496e-06
3.175064e+02	1.833423e-06
3.176138e+02	1.868346e-06
3.177234e+02	1.853162e-06
3.178329e+02	1.803815e-06
3.179403e+02	1.837219e-06
3.180483e+02	1.844052e-06
3.181577e+02	1.828868e-06
3.182638e+02	1.825831e-06
3.183724e+02	1.824313e-06
3.184829e+02	1.888843e-06
3.186108e+02	1.828109e-06
3.187192e+02	1.834942e-06
3.188278e+02	1.829627e-06
3.189388e+02	1.849366e-06
3.190482e+02	1.845570e-06
3.191562e+02	1.822795e-06
3.192648e+02	1.847088e-06
3.193741e+02	1.865309e-06
3.194829e+02	1.814443e-06
3.195909e+02	1.869864e-06
3.196982e+02	1.850126e-06
3.198070e+02	1.840256e-06
3.199158e+02	1.812166e-06
3.200243e+02	1.844052e-06
3.201327e+02	1.822795e-06
3.202429e+02	1.837978e-06
3.203507e+02	1.875937e-06
3.204643e+02	1.871383e-06
3.205733e+02	1.844810e-06
3.206808e+02	1.834942e-06
3.207907e+02	1.856199e-06
3.209009e+02	1.844052e-06
3.210122e+02	1.831905e-06
3.211214e+02	1.852403e-06
3.212296e+02	1.878975e-06
3.213379e+02	1.844052e-06
3.214467e+02	1.828109e-06
3.215551e+02	1.846330e-06
3.216631e+02	1.838738e-06
3.217718e+02	1.847088e-06
3.218795e+02	1.818239e-06
3.219871e+02	1.867587e-06
3.220980e+02	1.827350e-06
3.222068e+02	1.875937e-06
3.223147e+02	1.844810e-06
3.224240e+02	1.834942e-06
3.225319e+02	1.825831e-06
3.226381e+02	1.844052e-06
3.227474e+02	1.811407e-06
3.228552e+02	1.863031e-06
3.229645e+02	1.851644e-06
3.230718e+02	1.847848e-06
3.231947e+02	1.837978e-06
3.233039e+02	1.862272e-06
3.234122e+02	1.859995e-06
3.235219e+02	1.850126e-06
3.236304e+02	1.841014e-06
3.237392e+02	1.847088e-06
3.238495e+02	1.844052e-06
3.239611e+02	1.875937e-06
3.240696e+02	1.837219e-06
3.241789e+02	1.848606e-06
3.242868e+02	1.825072e-06
3.243954e+02	1.859995e-06
3.245038e+02	1.853162e-06
3.246117e+02	1.844810e-06
3.247184e+02	1.842534e-06
3.248271e+02	1.850884e-06
3.249338e+02	1.794705e-06
3.250429e+02	1.870623e-06
3.251527e+02	1.847088e-06
3.252611e+02	1.846330e-06
3.253740e+02	1.872901e-06
3.254809e+02	1.858476e-06
3.255897e+02	1.873660e-06
3.256996e+02	1.856958e-06
3.258084e+02	1.819758e-06
3.259174e+02	1.831146e-06
3.260281e+02	1.857717e-06
3.261361e+02	1.850126e-06
3.262436e+02	1.850126e-06
3.263522e+02	1.816721e-06
3.264591e+02	1.814443e-06
3.265667e+02	1.839496e-06
3.266744e+02	1.797741e-06
3.267830e+02	1.843292e-06
3.268913e+02	1.868346e-06
3.269993e+02	1.818999e-06
3.271083e+02	1.819758e-06
3.272152e+02	1.850126e-06
3.273253e+02	1.821276e-06
3.274351e+02	1.847848e-06
3.275435e+02	1.869105e-06
3.276531e+02	1.875937e-06
3.277620e+02	1.825072e-06
3.278711e+02	1.818239e-06
3.279829e+02	1.839496e-06
3.280913e+02	1.847088e-06
3.281996e+02	1.804575e-06
3.283144e+02	1.823554e-06
3.284226e+02	1.850884e-06
3.285321e+02	1.834182e-06
3.286417e+02	1.861513e-06
3.287482e+02	1.852403e-06
3.288585e+02	1.845570e-06
3.289685e+02	1.840256e-06
3.290819e+02	1.829627e-06
3.291908e+02	1.847848e-06
3.292997e+02	1.803815e-06
3.294101e+02	1.837219e-06
3.295182e+02	1.846330e-06
3.296275e+02	1.822035e-06
3.297351e+02	1.853162e-06
3.298473e+02	1.839496e-06
3.299555e+02	1.844810e-06
3.300640e+02	1.810647e-06
3.301727e+02	1.825072e-06
3.302822e+02	1.828109e-06
3.303899e+02	1.833423e-06
3.304981e+02	1.852403e-06
3.306055e+02	1.815962e-06
3.307142e+02	1.816721e-06
3.308239e+02	1.808371e-06
3.309345e+02	1.834942e-06
3.310431e+02	1.844810e-06
3.311516e+02	1.850126e-06
3.312614e+02	1.833423e-06
3.313691e+02	1.828868e-06
3.314761e+02	1.815962e-06
3.315865e+02	1.824313e-06
3.317055e+02	1.868346e-06
3.318166e+02	1.813685e-06
3.319240e+02	1.837978e-06
3.320332e+02	1.837219e-06
3.321415e+02	1.824313e-06
3.322478e+02	1.841014e-06
3.323558e+02	1.847848e-06
3.324659e+02	1.781799e-06
3.325736e+02	1.825072e-06
3.326818e+02	1.866068e-06
3.327903e+02	1.852403e-06
3.328986e+02	1.828109e-06
3.330081e+02	1.812925e-06
3.331171e+02	1.827350e-06
3.332248e+02	1.838738e-06
3.333347e+02	1.828868e-06
3.334455e+02	1.822795e-06
3.335527e+02	1.848606e-06
3.336604e+02	1.864550e-06
3.337689e+02	1.834942e-06
3.338796e+02	1.839496e-06
3.339890e+02	1.822035e-06
3.340979e+02	1.847088e-06
3.342082e+02	1.858476e-06
3.343177e+02	1.860754e-06
3.344255e+02	1.847088e-06
3.345354e+02	1.828109e-06
3.346445e+02	1.873660e-06
3.347512e+02	1.812166e-06
3.348588e+02	1.847088e-06
3.349664e+02	1.839496e-06
3.350773e+02	1.814443e-06
3.351849e+02	1.853162e-06
3.352927e+02	1.846330e-06
3.354010e+02	1.838738e-06
3.355129e+02	1.811407e-06
3.356210e+02	1.812925e-06
3.357315e+02	1.823554e-06
3.358406e+02	1.845570e-06
3.359498e+02	1.877455e-06
3.360583e+02	1.831146e-06
3.361693e+02	1.821276e-06
3.362810e+02	1.818999e-06
3.363893e+02	1.843292e-06
3.364987e+02	1.853922e-06
3.366081e+02	1.838738e-06
3.367157e+02	1.820517e-06
3.368289e+02	1.841774e-06
3.369410e+02	1.850126e-06
3.370483e+02	1.863791e-06
3.371584e+02	1.803055e-06
3.372670e+02	1.841774e-06
3.373755e+02	1.844810e-06
3.374830e+02	1.859995e-06
3.375920e+02	1.856199e-06
3.377007e+02	1.855440e-06
3.378093e+02	1.850884e-06
3.379192e+02	1.853922e-06
3.380284e+02	1.891881e-06
3.381366e+02	1.841774e-06
3.382465e+02	1.826590e-06
3.383541e+02	1.874419e-06
3.384620e+02	1.849366e-06
3.385693e+02	1.829627e-06
3.386775e+02	1.876697e-06
3.387865e+02	1.853162e-06
3.388958e+02	1.837978e-06
3.390077e+02	1.844810e-06
3.391159e+02	1.851644e-06
3.392276e+02	1.879733e-06
3.393361e+02	1.869864e-06
3.394445e+02	1.852403e-06
3.395557e+02	1.850884e-06
3.396647e+02	1.872901e-06
3.397724e+02	1.850126e-06
3.398818e+02	1.857717e-06
3.399934e+02	1.822795e-06
3.401037e+02	1.842534e-06
3.402138e+02	1.849366e-06
3.403227e+02	1.829627e-06
3.404292e+02	1.817481e-06
3.405375e+02	1.831146e-06
3.406463e+02	1.817481e-06
3.407545e+02	1.815962e-06
3.408629e+02	1.892639e-06
3.409719e+02	1.853922e-06
3.410795e+02	1.816721e-06
3.411901e+02	1.831146e-06
3.412993e+02	1.862272e-06
3.414056e+02	1.822795e-06
3.415131e+02	1.832664e-06
3.416224e+02	1.830386e-06
3.417303e+02	1.853922e-06
3.418394e+02	1.853922e-06
3.419459e+02	1.809889e-06
3.420534e+02	1.829627e-06
3.421647e+02	1.855440e-06
3.422740e+02	1.836460e-06
3.423818e+02	1.841014e-06
3.424898e+02	1.847848e-06
3.426010e+02	1.858476e-06
3.427103e+02	1.856958e-06
3.428171e+02	1.835700e-06
3.429252e+02	1.852403e-06
3.430320e+02	1.847848e-06
3.431420e+02	1.823554e-06
3.432497e+02	1.864550e-06
3.433569e+02	1.809129e-06
3.434650e+02	1.837219e-06
3.435743e+02	1.870623e-06
3.436836e+02	1.844052e-06
3.437927e+02	1.865309e-06
3.439001e+02	1.837978e-06
3.440096e+02	1.837219e-06
3.441181e+02	1.849366e-06
3.442286e+02	1.843292e-06
3.443381e+02	1.859995e-06
3.444467e+02	1.828868e-06
3.445540e+02	1.850126e-06
3.446611e+02	1.848606e-06
3.447706e+02	1.850126e-06
3.448776e+02	1.840256e-06
3.449848e+02	1.822035e-06
3.450941e+02	1.825072e-06
3.452050e+02	1.884289e-06
3.453127e+02	1.850126e-06
3.454199e+02	1.855440e-06
3.455297e+02	1.850126e-06
3.456454e+02	1.818999e-06
3.457538e+02	1.852403e-06
3.458610e+02	1.844052e-06
3.459693e+02	1.850126e-06
3.460785e+02	1.856199e-06
3.461881e+02	1.834942e-06
3.462954e+02	1.832664e-06
3.464049e+02	1.863791e-06
3.465135e+02	1.875937e-06
3.466225e+02	1.810647e-06
3.467389e+02	1.847848e-06
3.468492e+02	1.837219e-06
3.469586e+02	1.833423e-06
3.470649e+02	1.846330e-06
3.471778e+02	1.853922e-06
3.472890e+02	1.866068e-06
3.473962e+02	1.842534e-06
3.475052e+02	1.852403e-06
3.476146e+02	1.826590e-06
3.477249e+02	1.883529e-06
3.478342e+02	1.859236e-06
3.479405e+02	1.822035e-06
3.480488e+02	1.863031e-06
3.481571e+02	1.844810e-06
3.482654e+02	1.842534e-06
3.483727e+02	1.870623e-06
3.484800e+02	1.827350e-06
3.485885e+02	1.844052e-06
3.486990e+02	1.818999e-06
3.488151e+02	1.863791e-06
3.489242e+02	1.876697e-06
3.490325e+02	1.802297e-06
3.491418e+02	1.818239e-06
3.492497e+02	1.868346e-06
3.493582e+02	1.851644e-06
3.494675e+02	1.863791e-06
3.495767e+02	1.847848e-06
3.496859e+02	1.825831e-06
3.497942e+02	1.867587e-06
3.499023e+02	1.844052e-06
3.500116e+02	1.829627e-06
3.501196e+02	1.860754e-06
3.502280e+02	1.816721e-06
3.503353e+02	1.875179e-06
3.504451e+02	1.850126e-06
3.505542e+02	1.855440e-06
3.506667e+02	1.838738e-06
3.507752e+02	1.841774e-06
3.508825e+02	1.872901e-06
3.509908e+02	1.864550e-06
3.510997e+02	1.834182e-06
3.512087e+02	1.870623e-06
3.513347e+02	1.834182e-06
3.514426e+02	1.832664e-06
3.515510e+02	1.839496e-06
3.516612e+02	1.832664e-06
3.517695e+02	1.849366e-06
3.518786e+02	1.806093e-06
3.519889e+02	1.819758e-06
3.520978e+02	1.851644e-06
3.522070e+02	1.855440e-06
3.523143e+02	1.853922e-06
3.524243e+02	1.837219e-06
3.525321e+02	1.841774e-06
3.526390e+02	1.811407e-06
3.527494e+02	1.869105e-06
3.528580e+02	1.843292e-06
3.529680e+02	1.869864e-06
3.530776e+02	1.833423e-06
3.531867e+02	1.839496e-06
3.532947e+02	1.848606e-06
3.534021e+02	1.818239e-06
3.535110e+02	1.813685e-06
3.536189e+02	1.837219e-06
3.537287e+02	1.798501e-06
3.538379e+02	1.844052e-06
3.539443e+02	1.857717e-06
3.540517e+02	1.843292e-06
3.541607e+02	1.812925e-06
3.542680e+02	1.841774e-06
3.543775e+02	1.844810e-06
3.544854e+02	1.843292e-06
3.545929e+02	1.847088e-06
3.547008e+02	1.831146e-06
3.548095e+02	1.831146e-06
3.549211e+02	1.839496e-06
3.550294e+02	1.834182e-06
3.551378e+02	1.831146e-06
3.552481e+02	1.868346e-06
3.553565e+02	1.810647e-06
3.554665e+02	1.851644e-06
3.555733e+02	1.851644e-06
3.556825e+02	1.822795e-06
3.557900e+02	1.841774e-06
3.559008e+02	1.822795e-06
3.560100e+02	1.853922e-06
3.561167e+02	1.853922e-06
3.562248e+02	1.826590e-06
3.563358e+02	1.831905e-06
3.564438e+02	1.801537e-06
3.565529e+02	1.828868e-06
3.566608e+02	1.853922e-06
3.567688e+02	1.825072e-06
3.568793e+02	1.875937e-06
3.569878e+02	1.816721e-06
3.570948e+02	1.838738e-06
3.572028e+02	1.834182e-06
3.573095e+02	1.828868e-06
3.574177e+02	1.881251e-06
3.575287e+02	1.866827e-06
3.576347e+02	1.853162e-06
3.577428e+02	1.806093e-06
3.578528e+02	1.808371e-06
3.579606e+02	1.882011e-06
3.581006e+02	1.849366e-06
3.582098e+02	1.820517e-06
3.583191e+02	1.846330e-06
3.584298e+02	1.814443e-06
3.585401e+02	1.830386e-06
3.586483e+02	1.837978e-06
3.587570e+02	1.803055e-06
3.588664e+02	1.835700e-06
3.589738e+02	1.850884e-06
3.590825e+02	1.840256e-06
3.591914e+02	1.825831e-06
3.592989e+02	1.839496e-06
3.594073e+02	1.860754e-06
3.595167e+02	1.842534e-06
3.596244e+02	1.839496e-06
3.597328e+02	1.849366e-06
3.598421e+02	1.833423e-06
3.599490e+02	1.836460e-06
3.600579e+02	1.837219e-06
