# TEY data for sample P950-InO2 2
# time(s)	normalized_TEY
0.000000e+00	1.777335e-06
1.122110e-01	1.915049e-06
2.204420e-01	1.885375e-06
3.276960e-01	1.752227e-06
4.345050e-01	1.883093e-06
5.417510e-01	1.777335e-06
6.500820e-01	1.822986e-06
7.613050e-01	1.887658e-06
8.685380e-01	1.772009e-06
9.772900e-01	1.834398e-06
1.084521e+00	1.885375e-06
1.192756e+00	1.739293e-06
1.301017e+00	1.883093e-06
1.409245e+00	1.838964e-06
1.518491e+00	1.791791e-06
1.630700e+00	1.889179e-06
1.739179e+00	1.791030e-06
1.851799e+00	1.816899e-06
1.961100e+00	1.870158e-06
2.069701e+00	1.775813e-06
2.177719e+00	1.833637e-06
2.284717e+00	1.851137e-06
2.394423e+00	1.774292e-06
2.500888e+00	1.872441e-06
2.609245e+00	1.784943e-06
2.717106e+00	1.817660e-06
2.824802e+00	1.867876e-06
2.933232e+00	1.768205e-06
3.040759e+00	1.861028e-06
3.148986e+00	1.899832e-06
3.258089e+00	1.784943e-06
3.365616e+00	1.901353e-06
3.476207e+00	1.800160e-06
3.590256e+00	1.804726e-06
3.699275e+00	1.856464e-06
3.810365e+00	1.788748e-06
3.918427e+00	1.859507e-06
4.025970e+00	1.867876e-06
4.134450e+00	1.723314e-06
4.242218e+00	1.915049e-06
4.349485e+00	1.781139e-06
4.458811e+00	1.816139e-06
4.567745e+00	1.880049e-06
4.680112e+00	1.818420e-06
4.787775e+00	1.830594e-06
4.896372e+00	1.869398e-06
5.004572e+00	1.768205e-06
5.112645e+00	1.906679e-06
5.220569e+00	1.838203e-06
5.327806e+00	1.807769e-06
5.436718e+00	1.869398e-06
5.543260e+00	1.841246e-06
5.655660e+00	1.827551e-06
5.764594e+00	1.872441e-06
5.871707e+00	1.798639e-06
5.979004e+00	1.826790e-06
6.089940e+00	1.832877e-06
6.199297e+00	1.756031e-06
6.307553e+00	1.899070e-06
6.415606e+00	1.822986e-06
6.524880e+00	1.810812e-06
6.633928e+00	1.883093e-06
6.745753e+00	1.825268e-06
6.853184e+00	1.845050e-06
6.960626e+00	1.840485e-06
7.069571e+00	1.781139e-06
7.178401e+00	1.883093e-06
7.287265e+00	1.845050e-06
7.393594e+00	1.822224e-06
7.501827e+00	1.870919e-06
7.611227e+00	1.792552e-06
7.721097e+00	1.819181e-06
7.829280e+00	1.882332e-06
7.935727e+00	1.779618e-06
8.045725e+00	1.870158e-06
8.154595e+00	1.839724e-06
8.262610e+00	1.824507e-06
8.373981e+00	1.868636e-06
8.482537e+00	1.803965e-06
8.591952e+00	1.819943e-06
8.700317e+00	1.908200e-06
8.810448e+00	1.729401e-06
8.918543e+00	1.856464e-06
9.025893e+00	1.845811e-06
9.133924e+00	1.781900e-06
9.241558e+00	1.867876e-06
9.352208e+00	1.875485e-06
9.460013e+00	1.791030e-06
9.580370e+00	1.886136e-06
9.687128e+00	1.793313e-06
9.794617e+00	1.877766e-06
9.901903e+00	1.838964e-06
1.001386e+01	1.799399e-06
1.012120e+01	1.848854e-06
1.022957e+01	1.827551e-06
1.033883e+01	1.778856e-06
1.044744e+01	1.911244e-06
1.055472e+01	1.812334e-06
1.066209e+01	1.840485e-06
1.076989e+01	1.876245e-06
1.087688e+01	1.816139e-06
1.098492e+01	1.869398e-06
1.109428e+01	1.856464e-06
1.120250e+01	1.812334e-06
1.131012e+01	1.849615e-06
1.141780e+01	1.819943e-06
1.152564e+01	1.847333e-06
1.163228e+01	1.859507e-06
1.173953e+01	1.797878e-06
1.185040e+01	1.826029e-06
1.195974e+01	1.825268e-06
1.206612e+01	1.814616e-06
1.217443e+01	1.854181e-06
1.228158e+01	1.826790e-06
1.239144e+01	1.803203e-06
1.249959e+01	1.851137e-06
1.260611e+01	1.819943e-06
1.271490e+01	1.851898e-06
1.282217e+01	1.823747e-06
1.293093e+01	1.811573e-06
1.303820e+01	1.845050e-06
1.314574e+01	1.845811e-06
1.325595e+01	1.775813e-06
1.336499e+01	1.892223e-06
1.347140e+01	1.808530e-06
1.358155e+01	1.846572e-06
1.369107e+01	1.877006e-06
1.379842e+01	1.825268e-06
1.390751e+01	1.827551e-06
1.401573e+01	1.882332e-06
1.412261e+01	1.817660e-06
1.423579e+01	1.892983e-06
1.434473e+01	1.851898e-06
1.445306e+01	1.836681e-06
1.456201e+01	1.851137e-06
1.467061e+01	1.830594e-06
1.477790e+01	1.823747e-06
1.488570e+01	1.870919e-06
1.499275e+01	1.810812e-06
1.510048e+01	1.883093e-06
1.520926e+01	1.861789e-06
1.531826e+01	1.797117e-06
1.542727e+01	1.833637e-06
1.553855e+01	1.824507e-06
1.564712e+01	1.832116e-06
1.575577e+01	1.877766e-06
1.586509e+01	1.787986e-06
1.597438e+01	1.865594e-06
1.608277e+01	1.832877e-06
1.619175e+01	1.779618e-06
1.630147e+01	1.849615e-06
1.640930e+01	1.804726e-06
1.651826e+01	1.822986e-06
1.662730e+01	1.854181e-06
1.673514e+01	1.795595e-06
1.684368e+01	1.860268e-06
1.694995e+01	1.858745e-06
1.705925e+01	1.812334e-06
1.716684e+01	1.846572e-06
1.727333e+01	1.870919e-06
1.738057e+01	1.800160e-06
1.748747e+01	1.864072e-06
1.759686e+01	1.825268e-06
1.770455e+01	1.816139e-06
1.781280e+01	1.840485e-06
1.792265e+01	1.825268e-06
1.803227e+01	1.860268e-06
1.814066e+01	1.885375e-06
1.824811e+01	1.841246e-06
1.835733e+01	1.864832e-06
1.846457e+01	1.845050e-06
1.857195e+01	1.837441e-06
1.867856e+01	1.822986e-06
1.878849e+01	1.811573e-06
1.889863e+01	1.840485e-06
1.900775e+01	1.827551e-06
1.911505e+01	1.840485e-06
1.922192e+01	1.855702e-06
1.933019e+01	1.851898e-06
1.943894e+01	1.833637e-06
1.954679e+01	1.867876e-06
1.965433e+01	1.819181e-06
1.976186e+01	1.835920e-06
1.986948e+01	1.875485e-06
1.997794e+01	1.842007e-06
2.008666e+01	1.876245e-06
2.019403e+01	1.854941e-06
2.030179e+01	1.819943e-06
2.041180e+01	1.852658e-06
2.051805e+01	1.828311e-06
2.062603e+01	1.826029e-06
2.073522e+01	1.845811e-06
2.084212e+01	1.778096e-06
2.095134e+01	1.840485e-06
2.105948e+01	1.843528e-06
2.116703e+01	1.826790e-06
2.127351e+01	1.836681e-06
2.138194e+01	1.864072e-06
2.149044e+01	1.832877e-06
2.159693e+01	1.879289e-06
2.170646e+01	1.821464e-06
2.181442e+01	1.864072e-06
2.192491e+01	1.886898e-06
2.203419e+01	1.829073e-06
2.214375e+01	1.838203e-06
2.225398e+01	1.826029e-06
2.236233e+01	1.815377e-06
2.247035e+01	1.859507e-06
2.257747e+01	1.817660e-06
2.268471e+01	1.833637e-06
2.279347e+01	1.879289e-06
2.290079e+01	1.838203e-06
2.300815e+01	1.856464e-06
2.311765e+01	1.826029e-06
2.322981e+01	1.829833e-06
2.333783e+01	1.861789e-06
2.344654e+01	1.827551e-06
2.355493e+01	1.835160e-06
2.366385e+01	1.883853e-06
2.377176e+01	1.794073e-06
2.387854e+01	1.839724e-06
2.398746e+01	1.859507e-06
2.409520e+01	1.813856e-06
2.420376e+01	1.841246e-06
2.431189e+01	1.832877e-06
2.441927e+01	1.824507e-06
2.453036e+01	1.856464e-06
2.463771e+01	1.825268e-06
2.474539e+01	1.872441e-06
2.485223e+01	1.822986e-06
2.495872e+01	1.822986e-06
2.506733e+01	1.868636e-06
2.517781e+01	1.854181e-06
2.528756e+01	1.833637e-06
2.539541e+01	1.859507e-06
2.550363e+01	1.791030e-06
2.561262e+01	1.835920e-06
2.572061e+01	1.826029e-06
2.582949e+01	1.806247e-06
2.594036e+01	1.826790e-06
2.604937e+01	1.889179e-06
2.615799e+01	1.845811e-06
2.626778e+01	1.849615e-06
2.637499e+01	1.806247e-06
2.648423e+01	1.819181e-06
2.659118e+01	1.881571e-06
2.669933e+01	1.800922e-06
2.680833e+01	1.832877e-06
2.691626e+01	1.861028e-06
2.702629e+01	1.807769e-06
2.713353e+01	1.854181e-06
2.724279e+01	1.831355e-06
2.734964e+01	1.796356e-06
2.745809e+01	1.826790e-06
2.756585e+01	1.828311e-06
2.767355e+01	1.790269e-06
2.778472e+01	1.851898e-06
2.789222e+01	1.810812e-06
2.800037e+01	1.845811e-06
2.810989e+01	1.807769e-06
2.821783e+01	1.783422e-06
2.833146e+01	1.839724e-06
2.844097e+01	1.852658e-06
2.855033e+01	1.851137e-06
2.865996e+01	1.881571e-06
2.876898e+01	1.822986e-06
2.888048e+01	1.877006e-06
2.898971e+01	1.869398e-06
2.909777e+01	1.822224e-06
2.920701e+01	1.825268e-06
2.931617e+01	1.842768e-06
2.942316e+01	1.834398e-06
2.953239e+01	1.848854e-06
2.964073e+01	1.803203e-06
2.974876e+01	1.836681e-06
2.985779e+01	1.864072e-06
2.996943e+01	1.826029e-06
3.007777e+01	1.825268e-06
3.018538e+01	1.778856e-06
3.029182e+01	1.840485e-06
3.039930e+01	1.820703e-06
3.050674e+01	1.809290e-06
3.061418e+01	1.836681e-06
3.072246e+01	1.868636e-06
3.083181e+01	1.800922e-06
3.094103e+01	1.818420e-06
3.104841e+01	1.818420e-06
3.115687e+01	1.847333e-06
3.126519e+01	1.820703e-06
3.137246e+01	1.836681e-06
3.148081e+01	1.800922e-06
3.158770e+01	1.851898e-06
3.169620e+01	1.820703e-06
3.180470e+01	1.816139e-06
3.191267e+01	1.845811e-06
3.202340e+01	1.857985e-06
3.213131e+01	1.873202e-06
3.223976e+01	1.832877e-06
3.235148e+01	1.828311e-06
3.245916e+01	1.832877e-06
3.256574e+01	1.829833e-06
3.267456e+01	1.810812e-06
3.278771e+01	1.828311e-06
3.289498e+01	1.827551e-06
3.300328e+01	1.824507e-06
3.311094e+01	1.829833e-06
3.321852e+01	1.774292e-06
3.332684e+01	1.836681e-06
3.343691e+01	1.826790e-06
3.354581e+01	1.816899e-06
3.365308e+01	1.829833e-06
3.376046e+01	1.829833e-06
3.386805e+01	1.864072e-06
3.397727e+01	1.844290e-06
3.408605e+01	1.832877e-06
3.420432e+01	1.833637e-06
3.431386e+01	1.843528e-06
3.442073e+01	1.808530e-06
3.452719e+01	1.860268e-06
3.463452e+01	1.832877e-06
3.474695e+01	1.865594e-06
3.485455e+01	1.845050e-06
3.496242e+01	1.834398e-06
3.507102e+01	1.855702e-06
3.517866e+01	1.851898e-06
3.528598e+01	1.870158e-06
3.539419e+01	1.866354e-06
3.550157e+01	1.854941e-06
3.561154e+01	1.835160e-06
3.572176e+01	1.862549e-06
3.582846e+01	1.844290e-06
3.593725e+01	1.820703e-06
3.604922e+01	1.800922e-06
3.615780e+01	1.826790e-06
3.626591e+01	1.820703e-06
3.637480e+01	1.844290e-06
3.648214e+01	1.800922e-06
3.658791e+01	1.837441e-06
3.669506e+01	1.807007e-06
3.680461e+01	1.818420e-06
3.691328e+01	1.858745e-06
3.702208e+01	1.834398e-06
3.712947e+01	1.842007e-06
3.723823e+01	1.826029e-06
3.734772e+01	1.813094e-06
3.745575e+01	1.847333e-06
3.756317e+01	1.831355e-06
3.767398e+01	1.825268e-06
3.778383e+01	1.821464e-06
3.789485e+01	1.795595e-06
3.800411e+01	1.816899e-06
3.811037e+01	1.826029e-06
3.822037e+01	1.832116e-06
3.832893e+01	1.838964e-06
3.843823e+01	1.796356e-06
3.854573e+01	1.835160e-06
3.865435e+01	1.836681e-06
3.876277e+01	1.780378e-06
3.887339e+01	1.830594e-06
3.898263e+01	1.841246e-06
3.908945e+01	1.846572e-06
3.919786e+01	1.849615e-06
3.930707e+01	1.831355e-06
3.941494e+01	1.854941e-06
3.952433e+01	1.829073e-06
3.963246e+01	1.810052e-06
3.974173e+01	1.846572e-06
3.984948e+01	1.841246e-06
3.995645e+01	1.822986e-06
4.006684e+01	1.872441e-06
4.017489e+01	1.862549e-06
4.028304e+01	1.810812e-06
4.039317e+01	1.871681e-06
4.050119e+01	1.847333e-06
4.060925e+01	1.855702e-06
4.071738e+01	1.844290e-06
4.082680e+01	1.858745e-06
4.093547e+01	1.872441e-06
4.104590e+01	1.824507e-06
4.115320e+01	1.834398e-06
4.126458e+01	1.818420e-06
4.137468e+01	1.842007e-06
4.148448e+01	1.862549e-06
4.159240e+01	1.870919e-06
4.170035e+01	1.864072e-06
4.180953e+01	1.855702e-06
4.191709e+01	1.835160e-06
4.202328e+01	1.889940e-06
4.213326e+01	1.864832e-06
4.224083e+01	1.874724e-06
4.235005e+01	1.889940e-06
4.245931e+01	1.854181e-06
4.256821e+01	1.845050e-06
4.267700e+01	1.846572e-06
4.278827e+01	1.854181e-06
4.289654e+01	1.831355e-06
4.300490e+01	1.840485e-06
4.311405e+01	1.813094e-06
4.322343e+01	1.824507e-06
4.333083e+01	1.870919e-06
4.343923e+01	1.822224e-06
4.354830e+01	1.832116e-06
4.365751e+01	1.851898e-06
4.376731e+01	1.819943e-06
4.387586e+01	1.835160e-06
4.398510e+01	1.841246e-06
4.409244e+01	1.870919e-06
4.420079e+01	1.878528e-06
4.431063e+01	1.860268e-06
4.441681e+01	1.851898e-06
4.452457e+01	1.845811e-06
4.463431e+01	1.862549e-06
4.474233e+01	1.826790e-06
4.484939e+01	1.844290e-06
4.495741e+01	1.847333e-06
4.506527e+01	1.842007e-06
4.517333e+01	1.802443e-06
4.528088e+01	1.816139e-06
4.539228e+01	1.817660e-06
4.549985e+01	1.869398e-06
4.561184e+01	1.830594e-06
4.572183e+01	1.838203e-06
4.582904e+01	1.858745e-06
4.593716e+01	1.845050e-06
4.604716e+01	1.836681e-06
4.615678e+01	1.834398e-06
4.626308e+01	1.812334e-06
4.637183e+01	1.802443e-06
4.648002e+01	1.812334e-06
4.659193e+01	1.837441e-06
4.669914e+01	1.848094e-06
4.680545e+01	1.863311e-06
4.691458e+01	1.833637e-06
4.702225e+01	1.803965e-06
4.712998e+01	1.835160e-06
4.723743e+01	1.812334e-06
4.734569e+01	1.867115e-06
4.745690e+01	1.810052e-06
4.756551e+01	1.820703e-06
4.767435e+01	1.829833e-06
4.778389e+01	1.830594e-06
4.789402e+01	1.810812e-06
4.800114e+01	1.845050e-06
4.810960e+01	1.808530e-06
4.821576e+01	1.822224e-06
4.832351e+01	1.828311e-06
4.843067e+01	1.842007e-06
4.853930e+01	1.787986e-06
4.864778e+01	1.839724e-06
4.875788e+01	1.813094e-06
4.886743e+01	1.861028e-06
4.897422e+01	1.844290e-06
4.908359e+01	1.838964e-06
4.919364e+01	1.813856e-06
4.930187e+01	1.840485e-06
4.941104e+01	1.871681e-06
4.952324e+01	1.851137e-06
4.963244e+01	1.842007e-06
4.973946e+01	1.832877e-06
4.984868e+01	1.835160e-06
4.995830e+01	1.846572e-06
5.006816e+01	1.843528e-06
5.017759e+01	1.807769e-06
5.028633e+01	1.827551e-06
5.039288e+01	1.819181e-06
5.050438e+01	1.856464e-06
5.061285e+01	1.822224e-06
5.072059e+01	1.827551e-06
5.082964e+01	1.829073e-06
5.093925e+01	1.854181e-06
5.104932e+01	1.832116e-06
5.115732e+01	1.820703e-06
5.126508e+01	1.857985e-06
5.137363e+01	1.832877e-06
5.148186e+01	1.834398e-06
5.159008e+01	1.835160e-06
5.169875e+01	1.810052e-06
5.180871e+01	1.845811e-06
5.191866e+01	1.825268e-06
5.202871e+01	1.820703e-06
5.214073e+01	1.820703e-06
5.224865e+01	1.800160e-06
5.235600e+01	1.838203e-06
5.246547e+01	1.801682e-06
5.257354e+01	1.803203e-06
5.268301e+01	1.832877e-06
5.279204e+01	1.861789e-06
5.289899e+01	1.831355e-06
5.300912e+01	1.834398e-06
5.311746e+01	1.846572e-06
5.322422e+01	1.832116e-06
5.333273e+01	1.863311e-06
5.344058e+01	1.848094e-06
5.355025e+01	1.839724e-06
5.365628e+01	1.868636e-06
5.376465e+01	1.817660e-06
5.387264e+01	1.815377e-06
5.398080e+01	1.838964e-06
5.409193e+01	1.842007e-06
5.419928e+01	1.844290e-06
5.430864e+01	1.845811e-06
5.441715e+01	1.835920e-06
5.452851e+01	1.843528e-06
5.463761e+01	1.795595e-06
5.474417e+01	1.826029e-06
5.485441e+01	1.819943e-06
5.496168e+01	1.826790e-06
5.506992e+01	1.848094e-06
5.517791e+01	1.824507e-06
5.528665e+01	1.798639e-06
5.539873e+01	1.842768e-06
5.550734e+01	1.851898e-06
5.561627e+01	1.845050e-06
5.572558e+01	1.810052e-06
5.583317e+01	1.883093e-06
5.594227e+01	1.827551e-06
5.605109e+01	1.858745e-06
5.616047e+01	1.832877e-06
5.626870e+01	1.832877e-06
5.637585e+01	1.828311e-06
5.648343e+01	1.826790e-06
5.659330e+01	1.810052e-06
5.669995e+01	1.869398e-06
5.680970e+01	1.823747e-06
5.691733e+01	1.861789e-06
5.703059e+01	1.845050e-06
5.713801e+01	1.859507e-06
5.724709e+01	1.832877e-06
5.735513e+01	1.851898e-06
5.746339e+01	1.829073e-06
5.757287e+01	1.851137e-06
5.768016e+01	1.837441e-06
5.779141e+01	1.870158e-06
5.790071e+01	1.865594e-06
5.800997e+01	1.832877e-06
5.811965e+01	1.866354e-06
5.822939e+01	1.829833e-06
5.833648e+01	1.864072e-06
5.844366e+01	1.830594e-06
5.855488e+01	1.877006e-06
5.866414e+01	1.861028e-06
5.877138e+01	1.857224e-06
5.887845e+01	1.852658e-06
5.898680e+01	1.798639e-06
5.909616e+01	1.834398e-06
5.920277e+01	1.838964e-06
5.931160e+01	1.838964e-06
5.942386e+01	1.851137e-06
5.953338e+01	1.816899e-06
5.967941e+01	1.851898e-06
5.978963e+01	1.898310e-06
5.989637e+01	1.838203e-06
6.000445e+01	9.614920e-04
6.011334e+01	1.182624e-03
6.022140e+01	1.109901e-03
6.033019e+01	1.040188e-03
6.043975e+01	9.820402e-04
6.054620e+01	9.346250e-04
6.065430e+01	8.964160e-04
6.076201e+01	8.661076e-04
6.086973e+01	8.413367e-04
6.097729e+01	8.209962e-04
6.108711e+01	8.046151e-04
6.119547e+01	7.907715e-04
6.130395e+01	7.793696e-04
6.141454e+01	7.693971e-04
6.152532e+01	7.610574e-04
6.163309e+01	7.539207e-04
6.174276e+01	7.479678e-04
6.185133e+01	7.427020e-04
6.196156e+01	7.379878e-04
6.206879e+01	7.341485e-04
6.217803e+01	7.305383e-04
6.228845e+01	7.274462e-04
6.239657e+01	7.246759e-04
6.250554e+01	7.223675e-04
6.261608e+01	7.200980e-04
6.272688e+01	7.180809e-04
6.283480e+01	7.163059e-04
6.294153e+01	7.145826e-04
6.305016e+01	7.129194e-04
6.315977e+01	7.116808e-04
6.326814e+01	7.103348e-04
6.337555e+01	7.090467e-04
6.348343e+01	7.078757e-04
6.359335e+01	7.067367e-04
6.370035e+01	7.057217e-04
6.380815e+01	7.047753e-04
6.391852e+01	7.039330e-04
6.402825e+01	7.030360e-04
6.413707e+01	7.022135e-04
6.424725e+01	7.014754e-04
6.435450e+01	7.007557e-04
6.446334e+01	7.000458e-04
6.457360e+01	6.993299e-04
6.468293e+01	6.987455e-04
6.479273e+01	6.981041e-04
6.490098e+01	6.974727e-04
6.500739e+01	6.970017e-04
6.511707e+01	6.964014e-04
6.522700e+01	6.958832e-04
6.533443e+01	6.954169e-04
6.544422e+01	6.950190e-04
6.555196e+01	6.943487e-04
6.566125e+01	6.939857e-04
6.577354e+01	6.935817e-04
6.588325e+01	6.930217e-04
6.599249e+01	6.925956e-04
6.610229e+01	6.922327e-04
6.621209e+01	6.917032e-04
6.631933e+01	6.913243e-04
6.642856e+01	6.910092e-04
6.653781e+01	6.906509e-04
6.664755e+01	6.902614e-04
6.675580e+01	6.899470e-04
6.686332e+01	6.896991e-04
6.697299e+01	6.892913e-04
6.708151e+01	6.887936e-04
6.718881e+01	6.886271e-04
6.729815e+01	6.882040e-04
6.740739e+01	6.880762e-04
6.751549e+01	6.876090e-04
6.762508e+01	6.873770e-04
6.773513e+01	6.870339e-04
6.784447e+01	6.868056e-04
6.795492e+01	6.865172e-04
6.806369e+01	6.861399e-04
6.817218e+01	6.860242e-04
6.827972e+01	6.857191e-04
6.838930e+01	6.854170e-04
6.849831e+01	6.851484e-04
6.860477e+01	6.849194e-04
6.871313e+01	6.846037e-04
6.882196e+01	6.843298e-04
6.893153e+01	6.841411e-04
6.904397e+01	6.771953e-04
6.915021e+01	6.844111e-04
6.926139e+01	6.844157e-04
6.937446e+01	6.842225e-04
6.948561e+01	6.839577e-04
6.959395e+01	6.837531e-04
6.970463e+01	6.834730e-04
6.981414e+01	6.832829e-04
6.992260e+01	6.831049e-04
7.003126e+01	6.829457e-04
7.014094e+01	6.826247e-04
7.024914e+01	6.824672e-04
7.035660e+01	6.823097e-04
7.046477e+01	6.820617e-04
7.057617e+01	6.819065e-04
7.068520e+01	6.817535e-04
7.079515e+01	6.815504e-04
7.090323e+01	6.813320e-04
7.101124e+01	6.812498e-04
7.112053e+01	6.809844e-04
7.122880e+01	6.808306e-04
7.133798e+01	6.807568e-04
7.144704e+01	6.804320e-04
7.155437e+01	6.802759e-04
7.166328e+01	6.801642e-04
7.177244e+01	6.800233e-04
7.188166e+01	6.797990e-04
7.198971e+01	6.796292e-04
7.209891e+01	6.794992e-04
7.220717e+01	6.793409e-04
7.231749e+01	6.792223e-04
7.242656e+01	6.790693e-04
7.253567e+01	6.788927e-04
7.264414e+01	6.787315e-04
7.275411e+01	6.786454e-04
7.286255e+01	6.785093e-04
7.296947e+01	6.783076e-04
7.307812e+01	6.782263e-04
7.318785e+01	6.780756e-04
7.329613e+01	6.779311e-04
7.340386e+01	6.778123e-04
7.351197e+01	6.776914e-04
7.362441e+01	6.774798e-04
7.373524e+01	6.774851e-04
7.384530e+01	6.772546e-04
7.395705e+01	6.770903e-04
7.406524e+01	6.769298e-04
7.417437e+01	6.768293e-04
7.428362e+01	6.767654e-04
7.439459e+01	6.765646e-04
7.450183e+01	6.764588e-04
7.461016e+01	6.764169e-04
7.472248e+01	6.762389e-04
7.482990e+01	6.762145e-04
7.494014e+01	6.759384e-04
7.504943e+01	6.758440e-04
7.515714e+01	6.758151e-04
7.526774e+01	6.756310e-04
7.537828e+01	6.755306e-04
7.548957e+01	6.753989e-04
7.559830e+01	6.752567e-04
7.570778e+01	6.751821e-04
7.581725e+01	6.751858e-04
7.592716e+01	6.750018e-04
7.603505e+01	6.749235e-04
7.614453e+01	6.748800e-04
7.625423e+01	6.746700e-04
7.636375e+01	6.745719e-04
7.647363e+01	6.744479e-04
7.658182e+01	6.744144e-04
7.668973e+01	6.741641e-04
7.679922e+01	6.741816e-04
7.690879e+01	6.740796e-04
7.701784e+01	6.740432e-04
7.712620e+01	6.739001e-04
7.723558e+01	6.737685e-04
7.734462e+01	6.736520e-04
7.745710e+01	6.734892e-04
7.756569e+01	6.735371e-04
7.767534e+01	6.735334e-04
7.778728e+01	6.733287e-04
7.789683e+01	6.732161e-04
7.800521e+01	6.732427e-04
7.811675e+01	6.730274e-04
7.822624e+01	6.730251e-04
7.833539e+01	6.729072e-04
7.844758e+01	6.726964e-04
7.855438e+01	6.727869e-04
7.866264e+01	6.726933e-04
7.877135e+01	6.725396e-04
7.888047e+01	6.724339e-04
7.898869e+01	6.724469e-04
7.909910e+01	6.723305e-04
7.920971e+01	6.722095e-04
7.931695e+01	6.721851e-04
7.942495e+01	6.721973e-04
7.953340e+01	6.718854e-04
7.964237e+01	6.718366e-04
7.975072e+01	6.718633e-04
7.985798e+01	6.717575e-04
7.996682e+01	6.715650e-04
8.007810e+01	6.716350e-04
8.018835e+01	6.714403e-04
8.029839e+01	6.714220e-04
8.040634e+01	6.714372e-04
8.051388e+01	6.712676e-04
8.062253e+01	6.711389e-04
8.073189e+01	6.711230e-04
8.084092e+01	6.709830e-04
8.095212e+01	6.710027e-04
8.106207e+01	6.709815e-04
8.117048e+01	6.708011e-04
8.127829e+01	6.708186e-04
8.138587e+01	6.707464e-04
8.149390e+01	6.705995e-04
8.160232e+01	6.706291e-04
8.171257e+01	6.705554e-04
8.182037e+01	6.704245e-04
8.192911e+01	6.702860e-04
8.203973e+01	6.703911e-04
8.214815e+01	6.703348e-04
8.225635e+01	6.702609e-04
8.236718e+01	6.701932e-04
8.247534e+01	6.701453e-04
8.258280e+01	6.699597e-04
8.269323e+01	6.699437e-04
8.280012e+01	6.699985e-04
8.290762e+01	6.698888e-04
8.301679e+01	6.697322e-04
8.312590e+01	6.696994e-04
8.323584e+01	6.697444e-04
8.334494e+01	6.695945e-04
8.345279e+01	6.696119e-04
8.356196e+01	6.695099e-04
8.366833e+01	6.693920e-04
8.377751e+01	6.694781e-04
8.388641e+01	6.692832e-04
8.399465e+01	6.691995e-04
8.410309e+01	6.692467e-04
8.421278e+01	6.691143e-04
8.432040e+01	6.690732e-04
8.442968e+01	6.690041e-04
8.453818e+01	6.690078e-04
8.464616e+01	6.688899e-04
8.475333e+01	6.688259e-04
8.486380e+01	6.687886e-04
8.497161e+01	6.687378e-04
8.508106e+01	6.686731e-04
8.519096e+01	6.687354e-04
8.529993e+01	6.685954e-04
8.540771e+01	6.684440e-04
8.551697e+01	6.683627e-04
8.562620e+01	6.682781e-04
8.573524e+01	6.682927e-04
8.584447e+01	6.682682e-04
8.595349e+01	6.682721e-04
8.606744e+01	6.681306e-04
8.617766e+01	6.680986e-04
8.628610e+01	6.681488e-04
8.639532e+01	6.680019e-04
8.650530e+01	6.679434e-04
8.661370e+01	6.678483e-04
8.672301e+01	6.678202e-04
8.683292e+01	6.678003e-04
8.694206e+01	6.678231e-04
8.705272e+01	6.677060e-04
8.716070e+01	6.675714e-04
8.726966e+01	6.676140e-04
8.737841e+01	6.675226e-04
8.748612e+01	6.675897e-04
8.759454e+01	6.675310e-04
8.770461e+01	6.675721e-04
8.781495e+01	6.674907e-04
8.792418e+01	6.674367e-04
8.803370e+01	6.672678e-04
8.814138e+01	6.673203e-04
8.825030e+01	6.672883e-04
8.835892e+01	6.672038e-04
8.846770e+01	6.669870e-04
8.857580e+01	6.671399e-04
8.868738e+01	6.671764e-04
8.879997e+01	6.669900e-04
8.890755e+01	6.669428e-04
8.901538e+01	6.669459e-04
8.912529e+01	6.668615e-04
8.923630e+01	6.668196e-04
8.934579e+01	6.668988e-04
8.945669e+01	6.668097e-04
8.956586e+01	6.666873e-04
8.967525e+01	6.667154e-04
8.978539e+01	6.665875e-04
8.989315e+01	6.665533e-04
9.000124e+01	6.665541e-04
9.010947e+01	6.665396e-04
9.021670e+01	6.663935e-04
9.032599e+01	6.664224e-04
9.043547e+01	6.663365e-04
9.054324e+01	6.663577e-04
9.065259e+01	6.663014e-04
9.076208e+01	6.662292e-04
9.087009e+01	6.661797e-04
9.097894e+01	6.661135e-04
9.109094e+01	6.661044e-04
9.120127e+01	6.660702e-04
9.131079e+01	6.660223e-04
9.142057e+01	6.660435e-04
9.153210e+01	6.659362e-04
9.164051e+01	6.659142e-04
9.175146e+01	6.659112e-04
9.186314e+01	6.658891e-04
9.197150e+01	6.658138e-04
9.207879e+01	6.657088e-04
9.219121e+01	6.657719e-04
9.229943e+01	6.656783e-04
9.241097e+01	6.656046e-04
9.252141e+01	6.656410e-04
9.263155e+01	6.655763e-04
9.274011e+01	6.653747e-04
9.285076e+01	6.655657e-04
9.296037e+01	6.654858e-04
9.306848e+01	6.654129e-04
9.317853e+01	6.653999e-04
9.328724e+01	6.653687e-04
9.339578e+01	6.652994e-04
9.350527e+01	6.653169e-04
9.361413e+01	6.653032e-04
9.372459e+01	6.652233e-04
9.383404e+01	6.651975e-04
9.394319e+01	6.651511e-04
9.405201e+01	6.651153e-04
9.415920e+01	6.650286e-04
9.426859e+01	6.651153e-04
9.437814e+01	6.650369e-04
9.448657e+01	6.649190e-04
9.459507e+01	6.650232e-04
9.470448e+01	6.649243e-04
9.481186e+01	6.648749e-04
9.492138e+01	6.648650e-04
9.503015e+01	6.648559e-04
9.513913e+01	6.647660e-04
9.524638e+01	6.647326e-04
9.535576e+01	6.647881e-04
9.546521e+01	6.647143e-04
9.557355e+01	6.646634e-04
9.568233e+01	6.646368e-04
9.579128e+01	6.645971e-04
9.590113e+01	6.645227e-04
9.600948e+01	6.644633e-04
9.611732e+01	6.646002e-04
9.622683e+01	6.645218e-04
9.634184e+01	6.644017e-04
9.644877e+01	6.644458e-04
9.655954e+01	6.643728e-04
9.666681e+01	6.643758e-04
9.677652e+01	6.642784e-04
9.688837e+01	6.642875e-04
9.699748e+01	6.642465e-04
9.710602e+01	6.642738e-04
9.721417e+01	6.641232e-04
9.732266e+01	6.642030e-04
9.743237e+01	6.641361e-04
9.754180e+01	6.641049e-04
9.765069e+01	6.640486e-04
9.775975e+01	6.587029e-04
9.787029e+01	6.647075e-04
9.797937e+01	6.646991e-04
9.808778e+01	6.647441e-04
9.819576e+01	6.648399e-04
9.830466e+01	6.647128e-04
9.841482e+01	6.647417e-04
9.852326e+01	6.646284e-04
9.863353e+01	6.646269e-04
9.874280e+01	6.646170e-04
9.885017e+01	6.645021e-04
9.895833e+01	6.645607e-04
9.906795e+01	6.644275e-04
9.917672e+01	6.643993e-04
9.928562e+01	6.645203e-04
9.939429e+01	6.643849e-04
9.950358e+01	6.643134e-04
9.961319e+01	6.643735e-04
9.972096e+01	6.643538e-04
9.982919e+01	6.641703e-04
9.993967e+01	6.642046e-04
1.000481e+02	6.641818e-04
1.001566e+02	6.642198e-04
1.002677e+02	6.642023e-04
1.003774e+02	6.642092e-04
1.004867e+02	6.640639e-04
1.005948e+02	6.640813e-04
1.007037e+02	6.641027e-04
1.008149e+02	6.640120e-04
1.009239e+02	6.640493e-04
1.010321e+02	6.641027e-04
1.011407e+02	6.639376e-04
1.012506e+02	6.640166e-04
1.013589e+02	6.639802e-04
1.014666e+02	6.638599e-04
1.015779e+02	6.638196e-04
1.016867e+02	6.638440e-04
1.017964e+02	6.638204e-04
1.019041e+02	6.637976e-04
1.020121e+02	6.638447e-04
1.021217e+02	6.638417e-04
1.022319e+02	6.637093e-04
1.023419e+02	6.637656e-04
1.024513e+02	6.637724e-04
1.025603e+02	6.636027e-04
1.026701e+02	6.635861e-04
1.027792e+02	6.637230e-04
1.028855e+02	6.635244e-04
1.029934e+02	6.635031e-04
1.031016e+02	6.635122e-04
1.032149e+02	6.635495e-04
1.033226e+02	6.633236e-04
1.034309e+02	6.634673e-04
1.035407e+02	6.634627e-04
1.036497e+02	6.633540e-04
1.037599e+02	6.634369e-04
1.038694e+02	6.634072e-04
1.039798e+02	6.633090e-04
1.040888e+02	6.633509e-04
1.041979e+02	6.633311e-04
1.043065e+02	6.633388e-04
1.044156e+02	6.633829e-04
1.045250e+02	6.632885e-04
1.046342e+02	6.632017e-04
1.047434e+02	6.631889e-04
1.048526e+02	6.632817e-04
1.049616e+02	6.631295e-04
1.050743e+02	6.630915e-04
1.051840e+02	6.632573e-04
1.052952e+02	6.630800e-04
1.054046e+02	6.631120e-04
1.055134e+02	6.631044e-04
1.056199e+02	6.630838e-04
1.057297e+02	6.630246e-04
1.058402e+02	6.629979e-04
1.059496e+02	6.630352e-04
1.060603e+02	6.629751e-04
1.061688e+02	6.629491e-04
1.062777e+02	6.629880e-04
1.063873e+02	6.629728e-04
1.064952e+02	6.628427e-04
1.066054e+02	6.628449e-04
1.067175e+02	6.630001e-04
1.068253e+02	6.627636e-04
1.069355e+02	6.628297e-04
1.070474e+02	6.627886e-04
1.071551e+02	6.627415e-04
1.072631e+02	6.626760e-04
1.073723e+02	6.626358e-04
1.074816e+02	6.626365e-04
1.075919e+02	6.626228e-04
1.077009e+02	6.626555e-04
1.078098e+02	6.624942e-04
1.079199e+02	6.625467e-04
1.080327e+02	6.624409e-04
1.081437e+02	6.625300e-04
1.082540e+02	6.624653e-04
1.083623e+02	6.624501e-04
1.084723e+02	6.624022e-04
1.085808e+02	6.623914e-04
1.086912e+02	6.623603e-04
1.088004e+02	6.623945e-04
1.089106e+02	6.622507e-04
1.090196e+02	6.623207e-04
1.091319e+02	6.622697e-04
1.092430e+02	6.622225e-04
1.093521e+02	6.622157e-04
1.094615e+02	6.622690e-04
1.095701e+02	6.621891e-04
1.096763e+02	6.622256e-04
1.097860e+02	6.621085e-04
1.098993e+02	6.621807e-04
1.100065e+02	6.620613e-04
1.101155e+02	6.621176e-04
1.102234e+02	6.620971e-04
1.103324e+02	6.620940e-04
1.104411e+02	6.620948e-04
1.105504e+02	6.620247e-04
1.106599e+02	6.619944e-04
1.107693e+02	6.619540e-04
1.108782e+02	6.619304e-04
1.109868e+02	6.620308e-04
1.110968e+02	6.619023e-04
1.112057e+02	6.618505e-04
1.113168e+02	6.618460e-04
1.114254e+02	6.619297e-04
1.115336e+02	6.617227e-04
1.116435e+02	6.617942e-04
1.117525e+02	6.619692e-04
1.118649e+02	6.617456e-04
1.119741e+02	6.617402e-04
1.120833e+02	6.618460e-04
1.121926e+02	6.617257e-04
1.123033e+02	6.617052e-04
1.124122e+02	6.616732e-04
1.125209e+02	6.617500e-04
1.126306e+02	6.616124e-04
1.127389e+02	6.617204e-04
1.128479e+02	6.616694e-04
1.129567e+02	6.615827e-04
1.130685e+02	6.615043e-04
1.131778e+02	6.616162e-04
1.132858e+02	6.615561e-04
1.133950e+02	6.615294e-04
1.135040e+02	6.615325e-04
1.136123e+02	6.615021e-04
1.137226e+02	6.615264e-04
1.138328e+02	6.615469e-04
1.139428e+02	6.615097e-04
1.140520e+02	6.613667e-04
1.141614e+02	6.614040e-04
1.142703e+02	6.614115e-04
1.143796e+02	6.613735e-04
1.144882e+02	6.614974e-04
1.145975e+02	6.613795e-04
1.147084e+02	6.613157e-04
1.148172e+02	6.613179e-04
1.149257e+02	6.612517e-04
1.150341e+02	6.613263e-04
1.151435e+02	6.612130e-04
1.152520e+02	6.613248e-04
1.153607e+02	6.612594e-04
1.154703e+02	6.611985e-04
1.155785e+02	6.611932e-04
1.156881e+02	6.612099e-04
1.157976e+02	6.612837e-04
1.159050e+02	6.612594e-04
1.160133e+02	6.612320e-04
1.161256e+02	6.610920e-04
1.162359e+02	6.611521e-04
1.163434e+02	6.611810e-04
1.164522e+02	6.610220e-04
1.165617e+02	6.610075e-04
1.166710e+02	6.611239e-04
1.167815e+02	6.609017e-04
1.168879e+02	6.609916e-04
1.169959e+02	6.609672e-04
1.171075e+02	6.610029e-04
1.172175e+02	6.609154e-04
1.173275e+02	6.609284e-04
1.174354e+02	6.609657e-04
1.175436e+02	6.608546e-04
1.176523e+02	6.608066e-04
1.177646e+02	6.608424e-04
1.178747e+02	6.608561e-04
1.179837e+02	6.608120e-04
1.180928e+02	6.608370e-04
1.182032e+02	6.607838e-04
1.183153e+02	6.606933e-04
1.184235e+02	6.608226e-04
1.185318e+02	6.607777e-04
1.186422e+02	6.607222e-04
1.187516e+02	6.607268e-04
1.188612e+02	6.606370e-04
1.189699e+02	6.606621e-04
1.190791e+02	6.607708e-04
1.191904e+02	6.607100e-04
1.192985e+02	6.606849e-04
1.194086e+02	6.606445e-04
1.195210e+02	6.605937e-04
1.196299e+02	6.605716e-04
1.197420e+02	6.605114e-04
1.198502e+02	6.605951e-04
1.199604e+02	6.604285e-04
1.200714e+02	6.605122e-04
1.201825e+02	6.605898e-04
1.202933e+02	6.604330e-04
1.204013e+02	6.604992e-04
1.205104e+02	6.605571e-04
1.206217e+02	6.603981e-04
1.207306e+02	6.605198e-04
1.208407e+02	6.604756e-04
1.209546e+02	6.604551e-04
1.210634e+02	6.604171e-04
1.211721e+02	6.603532e-04
1.212831e+02	6.604148e-04
1.213924e+02	6.603821e-04
1.215016e+02	6.603098e-04
1.216112e+02	6.603327e-04
1.217194e+02	6.602512e-04
1.218285e+02	6.603136e-04
1.219369e+02	6.603851e-04
1.220459e+02	6.601782e-04
1.221588e+02	6.602269e-04
1.222695e+02	6.602855e-04
1.223789e+02	6.601638e-04
1.224906e+02	6.602086e-04
1.226004e+02	6.601349e-04
1.227100e+02	6.602391e-04
1.228232e+02	6.601630e-04
1.229319e+02	6.602071e-04
1.230418e+02	6.601196e-04
1.231504e+02	6.600952e-04
1.232605e+02	6.601713e-04
1.233695e+02	6.601250e-04
1.234779e+02	6.600329e-04
1.235876e+02	6.601272e-04
1.236961e+02	6.537262e-04
1.238058e+02	6.606971e-04
1.239141e+02	6.608880e-04
1.240218e+02	6.609543e-04
1.241325e+02	6.608971e-04
1.242424e+02	6.608401e-04
1.243514e+02	6.609322e-04
1.244626e+02	6.609070e-04
1.245729e+02	6.606827e-04
1.246819e+02	6.608576e-04
1.247927e+02	6.608218e-04
1.249021e+02	6.607100e-04
1.250123e+02	6.608591e-04
1.251216e+02	6.607854e-04
1.252303e+02	6.606727e-04
1.253395e+02	6.606971e-04
1.254495e+02	6.607975e-04
1.255600e+02	6.606560e-04
1.256687e+02	6.605647e-04
1.257788e+02	6.606659e-04
1.258905e+02	6.607092e-04
1.260001e+02	6.606240e-04
1.261105e+02	6.606377e-04
1.262215e+02	6.605853e-04
1.263308e+02	6.605001e-04
1.264389e+02	6.604970e-04
1.265487e+02	6.604498e-04
1.266578e+02	6.604955e-04
1.267682e+02	6.605114e-04
1.268781e+02	6.605358e-04
1.269879e+02	6.605259e-04
1.270981e+02	6.605670e-04
1.272057e+02	6.605411e-04
1.273137e+02	6.604734e-04
1.274247e+02	6.604392e-04
1.275332e+02	6.604544e-04
1.276423e+02	6.604681e-04
1.277518e+02	6.603912e-04
1.278607e+02	6.603897e-04
1.279696e+02	6.604118e-04
1.280810e+02	6.603592e-04
1.281894e+02	6.603654e-04
1.282978e+02	6.603775e-04
1.284050e+02	6.602954e-04
1.285146e+02	6.602672e-04
1.286228e+02	6.603646e-04
1.287324e+02	6.602338e-04
1.288437e+02	6.602665e-04
1.289539e+02	6.602078e-04
1.290644e+02	6.602261e-04
1.291742e+02	6.601226e-04
1.292824e+02	6.602939e-04
1.293909e+02	6.603623e-04
1.295021e+02	6.603144e-04
1.296102e+02	6.601980e-04
1.297192e+02	6.602870e-04
1.298295e+02	6.602687e-04
1.299387e+02	6.603585e-04
1.300473e+02	6.601402e-04
1.301548e+02	6.602466e-04
1.302636e+02	6.601987e-04
1.303733e+02	6.601638e-04
1.304830e+02	6.602139e-04
1.305914e+02	6.600938e-04
1.306987e+02	6.600854e-04
1.308078e+02	6.601667e-04
1.309216e+02	6.600587e-04
1.310304e+02	6.600283e-04
1.311399e+02	6.600846e-04
1.312495e+02	6.600207e-04
1.313576e+02	6.600329e-04
1.314673e+02	6.600450e-04
1.315766e+02	6.601082e-04
1.316858e+02	6.600907e-04
1.317952e+02	6.600854e-04
1.319029e+02	6.600450e-04
1.320126e+02	6.599431e-04
1.321229e+02	6.600375e-04
1.322312e+02	6.600389e-04
1.323401e+02	6.599233e-04
1.324516e+02	6.599682e-04
1.325586e+02	6.599841e-04
1.326688e+02	6.599651e-04
1.327770e+02	6.599377e-04
1.328870e+02	6.599514e-04
1.329965e+02	6.599287e-04
1.331051e+02	6.599013e-04
1.332123e+02	6.598777e-04
1.333206e+02	6.599523e-04
1.334299e+02	6.597962e-04
1.335857e+02	6.598534e-04
1.336949e+02	6.598754e-04
1.338053e+02	6.598876e-04
1.339196e+02	6.597947e-04
1.340293e+02	6.597726e-04
1.341393e+02	6.597681e-04
1.342483e+02	6.596852e-04
1.343576e+02	6.597779e-04
1.344651e+02	6.598115e-04
1.345733e+02	6.597042e-04
1.346823e+02	6.596752e-04
1.347906e+02	6.595825e-04
1.348997e+02	6.596653e-04
1.350124e+02	6.596311e-04
1.351204e+02	6.595361e-04
1.352306e+02	6.596167e-04
1.353398e+02	6.595482e-04
1.354491e+02	6.596425e-04
1.355592e+02	6.595962e-04
1.356674e+02	6.595787e-04
1.357763e+02	6.595931e-04
1.358855e+02	6.595116e-04
1.359924e+02	6.595284e-04
1.361013e+02	6.594767e-04
1.362133e+02	6.595513e-04
1.363218e+02	6.595018e-04
1.364295e+02	6.594432e-04
1.365385e+02	6.595026e-04
1.366477e+02	6.595474e-04
1.367584e+02	6.594919e-04
1.368666e+02	6.594599e-04
1.369767e+02	6.594173e-04
1.370864e+02	6.593884e-04
1.371947e+02	6.594675e-04
1.373029e+02	6.545867e-04
1.374111e+02	6.587539e-04
1.375209e+02	6.599477e-04
1.376331e+02	6.599682e-04
1.377418e+02	6.600960e-04
1.378510e+02	6.599704e-04
1.379625e+02	6.600488e-04
1.380707e+02	6.599484e-04
1.381801e+02	6.598967e-04
1.382910e+02	6.599225e-04
1.384009e+02	6.600603e-04
1.385106e+02	6.599812e-04
1.386217e+02	6.599081e-04
1.387319e+02	6.599523e-04
1.388416e+02	6.599499e-04
1.389505e+02	6.598472e-04
1.390591e+02	6.599088e-04
1.391668e+02	6.598282e-04
1.392780e+02	6.598373e-04
1.393875e+02	6.598061e-04
1.394964e+02	6.599005e-04
1.396044e+02	6.598000e-04
1.397140e+02	6.598024e-04
1.398216e+02	6.597971e-04
1.399299e+02	6.596942e-04
1.400388e+02	6.597490e-04
1.401474e+02	6.598053e-04
1.402566e+02	6.596030e-04
1.403639e+02	6.596121e-04
1.404757e+02	6.595726e-04
1.405838e+02	6.595399e-04
1.406911e+02	6.594653e-04
1.407999e+02	6.595041e-04
1.409121e+02	6.595900e-04
1.410210e+02	6.595026e-04
1.411290e+02	6.594950e-04
1.412373e+02	6.595908e-04
1.413470e+02	6.594189e-04
1.414550e+02	6.594059e-04
1.415633e+02	6.593884e-04
1.416741e+02	6.594827e-04
1.417823e+02	6.593025e-04
1.418897e+02	6.594964e-04
1.419983e+02	6.594615e-04
1.421072e+02	6.593633e-04
1.422164e+02	6.594509e-04
1.423248e+02	6.594478e-04
1.424351e+02	6.594524e-04
1.425433e+02	6.594151e-04
1.426499e+02	6.595162e-04
1.427584e+02	6.594196e-04
1.428677e+02	6.594774e-04
1.429744e+02	6.594836e-04
1.430841e+02	6.594432e-04
1.431943e+02	6.594379e-04
1.433032e+02	6.595474e-04
1.434104e+02	6.595527e-04
1.435186e+02	6.594295e-04
1.436297e+02	6.595984e-04
1.437376e+02	6.593900e-04
1.438463e+02	6.592705e-04
1.439539e+02	6.593162e-04
1.440635e+02	6.594059e-04
1.441708e+02	6.592074e-04
1.442800e+02	6.593573e-04
1.443862e+02	6.594767e-04
1.444942e+02	6.593679e-04
1.446035e+02	6.593337e-04
1.447117e+02	6.593610e-04
1.448189e+02	6.592583e-04
1.449275e+02	6.592674e-04
1.450357e+02	6.593138e-04
1.451439e+02	6.592659e-04
1.452514e+02	6.593504e-04
1.453600e+02	6.593352e-04
1.454692e+02	6.592796e-04
1.455764e+02	6.591846e-04
1.456851e+02	6.592500e-04
1.457937e+02	6.592568e-04
1.459030e+02	6.591884e-04
1.460112e+02	6.592720e-04
1.461183e+02	6.593054e-04
1.462265e+02	6.591868e-04
1.463351e+02	6.592575e-04
1.464411e+02	6.593191e-04
1.465498e+02	6.591983e-04
1.466593e+02	6.590651e-04
1.467685e+02	6.591579e-04
1.468757e+02	6.592385e-04
1.469837e+02	6.590621e-04
1.470908e+02	6.591716e-04
1.472001e+02	6.591016e-04
1.473102e+02	6.591837e-04
1.474181e+02	6.592043e-04
1.475244e+02	6.592301e-04
1.476329e+02	6.590749e-04
1.477440e+02	6.591701e-04
1.478545e+02	6.591990e-04
1.479622e+02	6.591290e-04
1.480694e+02	6.590369e-04
1.481782e+02	6.592005e-04
1.482866e+02	6.589912e-04
1.483953e+02	6.591449e-04
1.485030e+02	6.590331e-04
1.486095e+02	6.590955e-04
1.487185e+02	6.592736e-04
1.488266e+02	6.592294e-04
1.489346e+02	6.589784e-04
1.490439e+02	6.590323e-04
1.491529e+02	6.590727e-04
1.492610e+02	6.590848e-04
1.493702e+02	6.591906e-04
1.494792e+02	6.590665e-04
1.495873e+02	6.590179e-04
1.496948e+02	6.589784e-04
1.498039e+02	6.588954e-04
1.499107e+02	6.590422e-04
1.500193e+02	6.592058e-04
1.501298e+02	6.590528e-04
1.502385e+02	6.588216e-04
1.503483e+02	6.590932e-04
1.504577e+02	6.590376e-04
1.505650e+02	6.589159e-04
1.506741e+02	6.588482e-04
1.507816e+02	6.590818e-04
1.508898e+02	6.590217e-04
1.509977e+02	6.589921e-04
1.511092e+02	6.588901e-04
1.512184e+02	6.590422e-04
1.513261e+02	6.589981e-04
1.514344e+02	6.589722e-04
1.515521e+02	6.590088e-04
1.516595e+02	6.589631e-04
1.517691e+02	6.590141e-04
1.518792e+02	6.589936e-04
1.519861e+02	6.589212e-04
1.520956e+02	6.588901e-04
1.522031e+02	6.588459e-04
1.523108e+02	6.589137e-04
1.524199e+02	6.587737e-04
1.525326e+02	6.589334e-04
1.526410e+02	6.590011e-04
1.527504e+02	6.588885e-04
1.528582e+02	6.588680e-04
1.529655e+02	6.588139e-04
1.530731e+02	6.587067e-04
1.531807e+02	6.587554e-04
1.532881e+02	6.586869e-04
1.533963e+02	6.589875e-04
1.535036e+02	6.589387e-04
1.536120e+02	6.586877e-04
1.537240e+02	6.586337e-04
1.538337e+02	6.586923e-04
1.539431e+02	6.589897e-04
1.540523e+02	6.588223e-04
1.541598e+02	6.586245e-04
1.542684e+02	6.586459e-04
1.543772e+02	6.588916e-04
1.544851e+02	6.587905e-04
1.545955e+02	6.587455e-04
1.547037e+02	6.588475e-04
1.548121e+02	6.586892e-04
1.549193e+02	6.585896e-04
1.550282e+02	6.587615e-04
1.551365e+02	6.587059e-04
1.552448e+02	6.585492e-04
1.553522e+02	6.586938e-04
1.554636e+02	6.588003e-04
1.555714e+02	6.586839e-04
1.556823e+02	6.585514e-04
1.557932e+02	6.587029e-04
1.559012e+02	6.585941e-04
1.560094e+02	6.587212e-04
1.561203e+02	6.586450e-04
1.562288e+02	6.586040e-04
1.563433e+02	6.585896e-04
1.564528e+02	6.584663e-04
1.565619e+02	6.587006e-04
1.566697e+02	6.586450e-04
1.567770e+02	6.587143e-04
1.568854e+02	6.586679e-04
1.569947e+02	6.585500e-04
1.571022e+02	6.586139e-04
1.572120e+02	6.585735e-04
1.573243e+02	6.585591e-04
1.574328e+02	6.586352e-04
1.575401e+02	6.585035e-04
1.576485e+02	6.585393e-04
1.577557e+02	6.585896e-04
1.578639e+02	6.585987e-04
1.579745e+02	6.584982e-04
1.580836e+02	6.584693e-04
1.581912e+02	6.585028e-04
1.583004e+02	6.584237e-04
1.584089e+02	6.585797e-04
1.585180e+02	6.584814e-04
1.586271e+02	6.585340e-04
1.587374e+02	6.584549e-04
1.588456e+02	6.584609e-04
1.589527e+02	6.584686e-04
1.590613e+02	6.584982e-04
1.591705e+02	6.584039e-04
1.592788e+02	6.584123e-04
1.593861e+02	6.584898e-04
1.594952e+02	6.584617e-04
1.596046e+02	6.584115e-04
1.597127e+02	6.584838e-04
1.598209e+02	6.584145e-04
1.599292e+02	6.583498e-04
1.600378e+02	6.583483e-04
1.601461e+02	6.584237e-04
1.602548e+02	6.583811e-04
1.603643e+02	6.584344e-04
1.604723e+02	6.583125e-04
1.605813e+02	6.583423e-04
1.606876e+02	6.583659e-04
1.607952e+02	6.583567e-04
1.609024e+02	6.582738e-04
1.610104e+02	6.584496e-04
1.611181e+02	6.583681e-04
1.612266e+02	6.583346e-04
1.613347e+02	6.582973e-04
1.614416e+02	6.583164e-04
1.615496e+02	6.581999e-04
1.616571e+02	6.582289e-04
1.617646e+02	6.583035e-04
1.618730e+02	6.581270e-04
1.619805e+02	6.582891e-04
1.620888e+02	6.581018e-04
1.621970e+02	6.581566e-04
1.623040e+02	6.581764e-04
1.624112e+02	6.582357e-04
1.625183e+02	6.582068e-04
1.626260e+02	6.581688e-04
1.627347e+02	6.582235e-04
1.628421e+02	6.580820e-04
1.629498e+02	6.582935e-04
1.630580e+02	6.582068e-04
1.631665e+02	6.581528e-04
1.632758e+02	6.581650e-04
1.633844e+02	6.581749e-04
1.634954e+02	6.581246e-04
1.636052e+02	6.581193e-04
1.637131e+02	6.581475e-04
1.638213e+02	6.581734e-04
1.639291e+02	6.580409e-04
1.640371e+02	6.581985e-04
1.641471e+02	6.581787e-04
1.642544e+02	6.580646e-04
1.643619e+02	6.581239e-04
1.644710e+02	6.581642e-04
1.645785e+02	6.580889e-04
1.646878e+02	6.580014e-04
1.647973e+02	6.580996e-04
1.649057e+02	6.580509e-04
1.650127e+02	6.580859e-04
1.651207e+02	6.581330e-04
1.652290e+02	6.580577e-04
1.653365e+02	6.579976e-04
1.654456e+02	6.580714e-04
1.655523e+02	6.580661e-04
1.656596e+02	6.579694e-04
1.657682e+02	6.580052e-04
1.658750e+02	6.580813e-04
1.659846e+02	6.580219e-04
1.660945e+02	6.580319e-04
1.662041e+02	6.579968e-04
1.663117e+02	6.580197e-04
1.664209e+02	6.579862e-04
1.665273e+02	6.580151e-04
1.666351e+02	6.579002e-04
1.667435e+02	6.579352e-04
1.668541e+02	6.580235e-04
1.669624e+02	6.580235e-04
1.670716e+02	6.579619e-04
1.671789e+02	6.579718e-04
1.672867e+02	6.579215e-04
1.673955e+02	6.578416e-04
1.675030e+02	6.579283e-04
1.676123e+02	6.579405e-04
1.677211e+02	6.578347e-04
1.678273e+02	6.579261e-04
1.679356e+02	6.579802e-04
1.680458e+02	6.577967e-04
1.681536e+02	6.578424e-04
1.682619e+02	6.579429e-04
1.683701e+02	6.578378e-04
1.684793e+02	6.578416e-04
1.685866e+02	6.579846e-04
1.686950e+02	6.578058e-04
1.688066e+02	6.578325e-04
1.689158e+02	6.577731e-04
1.690234e+02	6.578773e-04
1.691325e+02	6.578203e-04
1.692412e+02	6.578455e-04
1.693507e+02	6.578729e-04
1.694613e+02	6.578523e-04
1.695695e+02	6.578195e-04
1.696796e+02	6.577930e-04
1.697882e+02	6.578294e-04
1.698961e+02	6.578378e-04
1.700074e+02	6.578066e-04
1.701177e+02	6.579047e-04
1.702242e+02	6.578363e-04
1.703342e+02	6.578013e-04
1.704430e+02	6.579802e-04
1.705512e+02	6.578127e-04
1.706603e+02	6.577260e-04
1.707686e+02	6.579018e-04
1.708758e+02	6.578188e-04
1.709832e+02	6.577762e-04
1.710916e+02	6.578097e-04
1.712016e+02	6.577906e-04
1.713085e+02	6.576256e-04
1.714153e+02	6.576697e-04
1.715245e+02	6.577382e-04
1.716338e+02	6.577093e-04
1.717443e+02	6.577283e-04
1.718528e+02	6.576134e-04
1.719640e+02	6.578210e-04
1.720727e+02	6.577351e-04
1.721808e+02	6.576521e-04
1.722874e+02	6.577625e-04
1.724143e+02	6.576697e-04
1.725235e+02	6.576872e-04
1.726302e+02	6.576803e-04
1.727403e+02	6.577603e-04
1.728511e+02	6.576278e-04
1.729599e+02	6.576377e-04
1.730684e+02	6.576811e-04
1.731800e+02	6.576506e-04
1.732888e+02	6.576575e-04
1.733982e+02	6.576682e-04
1.735053e+02	6.576438e-04
1.736140e+02	6.575875e-04
1.737233e+02	6.576514e-04
1.738310e+02	6.576819e-04
1.739400e+02	6.576050e-04
1.740475e+02	6.575845e-04
1.741559e+02	6.575647e-04
1.742634e+02	6.510679e-04
1.743732e+02	6.581985e-04
1.744854e+02	6.584198e-04
1.745943e+02	6.583293e-04
1.747016e+02	6.583772e-04
1.748110e+02	6.583575e-04
1.749200e+02	6.582973e-04
1.750302e+02	6.583712e-04
1.751376e+02	6.583454e-04
1.752463e+02	6.583050e-04
1.753553e+02	6.584008e-04
1.754635e+02	6.582251e-04
1.755735e+02	6.584960e-04
1.756848e+02	6.582738e-04
1.757949e+02	6.582244e-04
1.759014e+02	6.583035e-04
1.760111e+02	6.581924e-04
1.761190e+02	6.583825e-04
1.762271e+02	6.582586e-04
1.763349e+02	6.583454e-04
1.764447e+02	6.584457e-04
1.765519e+02	6.582045e-04
1.766611e+02	6.581582e-04
1.767701e+02	6.581528e-04
1.768788e+02	6.583354e-04
1.769858e+02	6.583019e-04
1.770967e+02	6.582235e-04
1.772054e+02	6.582038e-04
1.773126e+02	6.581498e-04
1.774200e+02	6.581772e-04
1.775317e+02	6.582654e-04
1.776408e+02	6.581338e-04
1.777480e+02	6.581840e-04
1.778567e+02	6.582160e-04
1.779646e+02	6.582167e-04
1.780721e+02	6.580851e-04
1.781809e+02	6.580486e-04
1.782883e+02	6.581361e-04
1.783960e+02	6.580356e-04
1.785056e+02	6.581147e-04
1.786142e+02	6.581376e-04
1.787238e+02	6.580813e-04
1.788314e+02	6.580912e-04
1.789403e+02	6.580828e-04
1.790480e+02	6.580463e-04
1.791548e+02	6.580182e-04
1.792623e+02	6.580805e-04
1.793707e+02	6.580942e-04
1.794809e+02	6.580349e-04
1.795895e+02	6.581102e-04
1.797003e+02	6.580326e-04
1.798091e+02	6.580090e-04
1.799170e+02	6.579663e-04
1.800268e+02	6.579672e-04
1.801354e+02	6.580996e-04
1.802415e+02	6.580745e-04
1.803527e+02	6.580235e-04
1.804616e+02	6.580486e-04
1.805704e+02	6.579999e-04
1.806823e+02	6.579855e-04
1.807937e+02	6.579193e-04
1.809007e+02	6.580981e-04
1.810097e+02	6.579626e-04
1.811190e+02	6.580745e-04
1.812265e+02	6.577846e-04
1.813376e+02	6.580859e-04
1.814455e+02	6.578181e-04
1.815540e+02	6.580912e-04
1.816632e+02	6.578400e-04
1.817725e+02	6.580151e-04
1.818787e+02	6.580409e-04
1.819860e+02	6.579420e-04
1.820972e+02	6.580463e-04
1.822054e+02	6.578393e-04
1.823127e+02	6.580882e-04
1.824209e+02	6.578386e-04
1.825294e+02	6.579109e-04
1.826404e+02	6.580942e-04
1.827524e+02	6.577837e-04
1.828620e+02	6.579193e-04
1.829709e+02	6.581391e-04
1.830810e+02	6.578713e-04
1.831890e+02	6.577503e-04
1.832971e+02	6.580105e-04
1.834098e+02	6.580699e-04
1.835173e+02	6.578089e-04
1.836265e+02	6.578850e-04
1.837381e+02	6.579184e-04
1.838464e+02	6.578926e-04
1.839549e+02	6.578210e-04
1.840632e+02	6.579071e-04
1.841751e+02	6.582038e-04
1.842834e+02	6.580136e-04
1.843906e+02	6.576704e-04
1.845003e+02	6.578303e-04
1.846083e+02	6.581756e-04
1.847165e+02	6.575859e-04
1.848242e+02	6.579352e-04
1.849336e+02	6.578386e-04
1.850423e+02	6.576834e-04
1.851501e+02	6.580775e-04
1.852603e+02	6.577503e-04
1.853677e+02	6.578310e-04
1.854741e+02	6.579961e-04
1.855840e+02	6.577610e-04
1.856920e+02	6.578705e-04
1.858008e+02	6.581231e-04
1.859095e+02	6.577108e-04
1.860180e+02	6.579268e-04
1.861248e+02	6.580113e-04
1.862322e+02	6.577640e-04
1.863412e+02	6.580144e-04
1.864483e+02	6.578210e-04
1.865561e+02	6.579078e-04
1.866634e+02	6.579314e-04
1.867738e+02	6.578629e-04
1.868846e+02	6.579413e-04
1.869934e+02	6.579063e-04
1.871064e+02	6.579109e-04
1.872138e+02	6.578347e-04
1.873207e+02	6.577868e-04
1.874325e+02	6.578919e-04
1.875430e+02	6.577473e-04
1.876498e+02	6.577579e-04
1.877575e+02	6.579283e-04
1.878643e+02	6.557615e-04
1.879747e+02	6.559365e-04
1.880830e+02	6.578120e-04
1.881932e+02	6.579679e-04
1.883023e+02	6.577252e-04
1.884125e+02	6.580303e-04
1.885208e+02	6.578934e-04
1.886312e+02	6.578484e-04
1.887381e+02	6.579542e-04
1.888474e+02	6.578249e-04
1.889571e+02	6.579345e-04
1.890653e+02	6.578568e-04
1.891744e+02	6.578583e-04
1.892820e+02	6.578850e-04
1.893912e+02	6.577274e-04
1.895016e+02	6.578553e-04
1.896088e+02	6.576422e-04
1.897183e+02	6.575380e-04
1.898275e+02	6.575320e-04
1.899357e+02	6.576232e-04
1.900439e+02	6.576727e-04
1.901533e+02	6.575236e-04
1.902617e+02	6.576499e-04
1.903730e+02	6.575548e-04
1.904812e+02	6.575715e-04
1.905896e+02	6.575898e-04
1.906970e+02	6.576263e-04
1.908052e+02	6.575274e-04
1.909145e+02	6.576027e-04
1.910237e+02	6.575243e-04
1.911322e+02	6.575061e-04
1.912434e+02	6.576248e-04
1.913545e+02	6.575601e-04
1.914630e+02	6.573410e-04
1.915732e+02	6.575594e-04
1.916813e+02	6.575890e-04
1.917920e+02	6.575708e-04
1.919012e+02	6.574406e-04
1.920106e+02	6.575168e-04
1.921192e+02	6.575616e-04
1.922299e+02	6.575578e-04
1.923385e+02	6.573562e-04
1.924468e+02	6.575411e-04
1.925547e+02	6.577237e-04
1.926616e+02	6.574156e-04
1.927687e+02	6.577047e-04
1.928804e+02	6.575015e-04
1.929903e+02	6.576225e-04
1.931006e+02	6.574528e-04
1.932101e+02	6.575068e-04
1.933190e+02	6.576225e-04
1.934282e+02	6.573448e-04
1.935384e+02	6.576872e-04
1.936481e+02	6.574695e-04
1.937584e+02	6.575175e-04
1.938660e+02	6.575585e-04
1.939752e+02	6.574247e-04
1.940832e+02	6.574627e-04
1.941927e+02	6.575077e-04
1.943013e+02	6.576393e-04
1.944099e+02	6.574733e-04
1.945168e+02	6.575221e-04
1.946266e+02	6.574658e-04
1.947358e+02	6.575419e-04
1.948415e+02	6.573638e-04
1.949527e+02	6.576468e-04
1.950622e+02	6.573326e-04
1.951717e+02	6.575015e-04
1.952800e+02	6.573478e-04
1.953895e+02	6.574779e-04
1.954978e+02	6.572672e-04
1.956079e+02	6.575616e-04
1.957189e+02	6.572741e-04
1.958269e+02	6.575031e-04
1.959361e+02	6.574117e-04
1.960438e+02	6.574170e-04
1.961521e+02	6.573379e-04
1.962627e+02	6.575015e-04
1.963710e+02	6.573889e-04
1.964789e+02	6.572428e-04
1.965858e+02	6.575190e-04
1.966962e+02	6.573121e-04
1.968038e+02	6.574787e-04
1.969121e+02	6.573676e-04
1.970193e+02	6.575243e-04
1.971274e+02	6.573105e-04
1.972378e+02	6.573798e-04
1.973451e+02	6.575867e-04
1.974534e+02	6.572116e-04
1.975624e+02	6.575068e-04
1.976703e+02	6.575008e-04
1.977801e+02	6.574224e-04
1.978878e+02	6.573927e-04
1.980029e+02	6.574673e-04
1.981101e+02	6.573958e-04
1.982188e+02	6.574163e-04
1.983316e+02	6.573159e-04
1.984419e+02	6.575777e-04
1.985501e+02	6.573227e-04
1.986565e+02	6.575404e-04
1.987649e+02	6.574293e-04
1.988738e+02	6.573196e-04
1.989817e+02	6.573516e-04
1.990915e+02	6.574940e-04
1.992003e+02	6.573554e-04
1.993087e+02	6.573357e-04
1.994158e+02	6.575685e-04
1.995242e+02	6.573958e-04
1.996309e+02	6.573273e-04
1.997402e+02	6.574262e-04
1.998487e+02	6.573189e-04
1.999554e+02	6.573402e-04
2.000626e+02	6.572710e-04
2.001740e+02	6.574505e-04
2.002829e+02	6.573143e-04
2.003918e+02	6.573296e-04
2.005021e+02	6.573410e-04
2.006096e+02	6.572474e-04
2.007191e+02	6.573128e-04
2.008313e+02	6.573593e-04
2.009404e+02	6.573181e-04
2.010479e+02	6.572269e-04
2.011683e+02	6.573790e-04
2.012775e+02	6.573935e-04
2.013863e+02	6.571904e-04
2.014937e+02	6.572741e-04
2.016073e+02	6.508723e-04
2.017177e+02	6.581734e-04
2.018252e+02	6.582099e-04
2.019347e+02	6.581970e-04
2.020434e+02	6.582076e-04
2.021516e+02	6.582471e-04
2.022597e+02	6.581513e-04
2.023712e+02	6.581635e-04
2.024804e+02	6.581901e-04
2.025885e+02	6.583217e-04
2.026957e+02	6.582875e-04
2.028032e+02	6.581566e-04
2.029157e+02	6.582381e-04
2.030228e+02	6.583286e-04
2.031310e+02	6.580859e-04
2.032405e+02	6.582335e-04
2.033501e+02	6.582692e-04
2.034573e+02	6.581551e-04
2.035655e+02	6.581209e-04
2.036720e+02	6.582836e-04
2.037817e+02	6.582335e-04
2.038900e+02	6.581079e-04
2.039986e+02	6.581597e-04
2.041065e+02	6.582662e-04
2.042138e+02	6.581559e-04
2.043229e+02	6.581642e-04
2.044319e+02	6.580882e-04
2.045382e+02	6.581147e-04
2.046492e+02	6.580972e-04
2.047584e+02	6.582160e-04
2.048663e+02	6.580736e-04
2.049762e+02	6.582167e-04
2.050851e+02	6.580082e-04
2.051934e+02	6.582365e-04
2.053024e+02	6.580608e-04
2.054124e+02	6.582502e-04
2.055209e+02	6.579816e-04
2.056296e+02	6.582480e-04
2.057386e+02	6.581429e-04
2.058473e+02	6.579535e-04
2.059561e+02	6.583233e-04
2.060638e+02	6.580873e-04
2.061712e+02	6.579253e-04
2.062785e+02	6.580897e-04
2.063865e+02	6.582091e-04
2.065004e+02	6.579208e-04
2.066087e+02	6.579938e-04
2.067150e+02	6.582951e-04
2.068224e+02	6.581422e-04
2.069330e+02	6.579725e-04
2.070411e+02	6.581376e-04
2.071517e+02	6.580334e-04
2.072608e+02	6.580623e-04
2.073694e+02	6.582068e-04
2.074788e+02	6.581079e-04
2.075870e+02	6.580965e-04
2.076934e+02	6.581072e-04
2.078022e+02	6.579649e-04
2.079097e+02	6.580897e-04
2.080201e+02	6.581125e-04
2.081287e+02	6.581635e-04
2.082374e+02	6.581094e-04
2.083470e+02	6.580882e-04
2.084549e+02	6.579870e-04
2.085614e+02	6.580296e-04
2.086715e+02	6.580790e-04
2.087802e+02	6.581193e-04
2.088888e+02	6.581270e-04
2.090000e+02	6.578203e-04
2.091083e+02	6.581391e-04
2.092164e+02	6.580729e-04
2.093253e+02	6.578013e-04
2.094347e+02	6.580981e-04
2.095434e+02	6.582023e-04
2.096542e+02	6.579588e-04
2.097636e+02	6.579649e-04
2.098710e+02	6.578797e-04
2.099790e+02	6.580668e-04
2.100861e+02	6.582129e-04
2.101941e+02	6.579497e-04
2.103030e+02	6.579056e-04
2.104130e+02	6.580090e-04
2.105222e+02	6.581330e-04
2.106311e+02	6.579550e-04
2.107387e+02	6.577823e-04
2.108468e+02	6.580928e-04
2.109540e+02	6.578043e-04
2.110622e+02	6.579025e-04
2.111724e+02	6.581041e-04
2.112800e+02	6.578439e-04
2.113893e+02	6.578713e-04
2.114980e+02	6.579086e-04
2.116084e+02	6.580447e-04
2.117158e+02	6.579283e-04
2.118236e+02	6.578926e-04
2.119315e+02	6.579489e-04
2.120387e+02	6.580060e-04
2.121469e+02	6.579352e-04
2.122563e+02	6.579124e-04
2.123644e+02	6.578523e-04
2.124715e+02	6.579109e-04
2.125803e+02	6.579938e-04
2.126876e+02	6.579588e-04
2.127958e+02	6.579169e-04
2.129038e+02	6.579542e-04
2.130134e+02	6.579542e-04
2.131210e+02	6.579429e-04
2.132292e+02	6.579078e-04
2.133367e+02	6.578621e-04
2.134458e+02	6.578888e-04
2.135536e+02	6.579169e-04
2.136615e+02	6.579047e-04
2.137698e+02	6.578135e-04
2.138788e+02	6.578744e-04
2.139870e+02	6.578713e-04
2.140959e+02	6.577823e-04
2.142062e+02	6.578804e-04
2.143145e+02	6.578773e-04
2.144231e+02	6.579032e-04
2.145329e+02	6.577998e-04
2.146404e+02	6.578561e-04
2.147464e+02	6.578424e-04
2.148583e+02	6.578340e-04
2.149683e+02	6.578744e-04
2.150773e+02	6.579146e-04
2.151877e+02	6.578279e-04
2.152954e+02	6.578400e-04
2.154041e+02	6.580014e-04
2.155152e+02	6.578873e-04
2.156240e+02	6.578956e-04
2.157325e+02	6.579458e-04
2.158419e+02	6.579809e-04
2.159509e+02	6.578994e-04
2.160595e+02	6.580144e-04
2.161685e+02	6.578820e-04
2.162777e+02	6.578857e-04
2.163892e+02	6.579169e-04
2.164984e+02	6.579208e-04
2.166064e+02	6.579239e-04
2.167240e+02	6.578835e-04
2.168352e+02	6.578537e-04
2.169418e+02	6.579093e-04
2.170507e+02	6.578751e-04
2.171603e+02	6.578758e-04
2.172675e+02	6.578210e-04
2.173789e+02	6.579292e-04
2.174854e+02	6.578812e-04
2.175934e+02	6.578919e-04
2.177038e+02	6.578797e-04
2.178115e+02	6.577647e-04
2.179202e+02	6.578690e-04
2.180284e+02	6.578667e-04
2.181386e+02	6.577389e-04
2.182481e+02	6.577937e-04
2.183552e+02	6.577937e-04
2.184629e+02	6.578652e-04
2.185713e+02	6.578592e-04
2.186827e+02	6.578188e-04
2.187910e+02	6.577267e-04
2.189000e+02	6.579193e-04
2.190088e+02	6.577389e-04
2.191156e+02	6.578614e-04
2.192253e+02	6.578241e-04
2.193334e+02	6.578066e-04
2.194428e+02	6.578356e-04
2.195518e+02	6.577572e-04
2.196603e+02	6.578371e-04
2.197679e+02	6.578226e-04
2.198838e+02	6.577731e-04
2.199920e+02	6.577541e-04
2.201015e+02	6.577990e-04
2.202126e+02	6.577488e-04
2.203218e+02	6.577952e-04
2.204296e+02	6.578294e-04
2.205439e+02	6.578120e-04
2.206506e+02	6.576643e-04
2.207598e+02	6.577640e-04
2.208679e+02	6.577777e-04
2.209769e+02	6.577572e-04
2.210855e+02	6.579100e-04
2.211937e+02	6.577640e-04
2.213028e+02	6.578264e-04
2.214140e+02	6.577040e-04
2.215226e+02	6.579405e-04
2.216359e+02	6.577579e-04
2.217441e+02	6.578135e-04
2.218516e+02	6.578956e-04
2.219607e+02	6.579155e-04
2.220697e+02	6.577077e-04
2.221789e+02	6.577397e-04
2.222863e+02	6.576605e-04
2.223967e+02	6.576925e-04
2.225047e+02	6.577564e-04
2.226118e+02	6.578949e-04
2.227196e+02	6.577656e-04
2.228274e+02	6.577404e-04
2.229362e+02	6.576727e-04
2.230424e+02	6.577298e-04
2.231505e+02	6.577701e-04
2.232588e+02	6.578241e-04
2.233659e+02	6.578188e-04
2.234746e+02	6.513234e-04
2.235819e+02	6.581901e-04
2.236914e+02	6.585949e-04
2.237998e+02	6.586313e-04
2.239082e+02	6.585660e-04
2.240156e+02	6.586048e-04
2.241240e+02	6.584541e-04
2.242320e+02	6.586489e-04
2.243382e+02	6.586587e-04
2.244466e+02	6.584496e-04
2.245549e+02	6.585903e-04
2.246653e+02	6.586618e-04
2.247727e+02	6.586108e-04
2.248817e+02	6.583803e-04
2.249919e+02	6.585637e-04
2.251012e+02	6.585470e-04
2.252087e+02	6.586435e-04
2.253183e+02	6.585530e-04
2.254270e+02	6.585583e-04
2.255345e+02	6.585264e-04
2.256447e+02	6.585926e-04
2.257545e+02	6.584770e-04
2.258633e+02	6.586512e-04
2.259724e+02	6.585454e-04
2.260827e+02	6.584183e-04
2.261930e+02	6.583514e-04
2.263017e+02	6.584556e-04
2.264112e+02	6.585348e-04
2.265206e+02	6.584251e-04
2.266277e+02	6.584260e-04
2.267352e+02	6.583575e-04
2.268459e+02	6.584746e-04
2.269548e+02	6.584153e-04
2.270657e+02	6.585203e-04
2.271740e+02	6.582973e-04
2.272832e+02	6.584222e-04
2.273925e+02	6.585446e-04
2.274995e+02	6.583780e-04
2.276071e+02	6.586360e-04
2.277163e+02	6.586839e-04
2.278248e+02	6.586161e-04
2.279337e+02	6.585606e-04
2.280436e+02	6.586033e-04
2.281533e+02	6.586390e-04
2.282614e+02	6.585507e-04
2.283695e+02	6.587311e-04
2.284778e+02	6.587006e-04
2.285851e+02	6.586367e-04
2.286912e+02	6.586847e-04
2.287995e+02	6.586048e-04
2.289063e+02	6.586284e-04
2.290140e+02	6.586070e-04
2.291224e+02	6.586611e-04
2.292307e+02	6.585987e-04
2.293393e+02	6.586611e-04
2.294478e+02	6.586390e-04
2.295560e+02	6.586329e-04
2.296631e+02	6.585485e-04
2.297713e+02	6.586313e-04
2.298793e+02	6.585013e-04
2.299884e+02	6.586024e-04
2.300984e+02	6.586832e-04
2.302089e+02	6.584670e-04
2.303158e+02	6.585507e-04
2.304234e+02	6.585690e-04
2.305323e+02	6.585127e-04
2.306415e+02	6.585682e-04
2.307496e+02	6.585887e-04
2.308602e+02	6.585583e-04
2.309696e+02	6.586352e-04
2.310797e+02	6.585393e-04
2.311895e+02	6.585812e-04
2.312972e+02	6.585629e-04
2.314065e+02	6.584761e-04
2.315156e+02	6.585006e-04
2.316224e+02	6.585446e-04
2.317305e+02	6.584732e-04
2.318370e+02	6.585150e-04
2.319469e+02	6.585165e-04
2.320541e+02	6.585165e-04
2.321636e+02	6.584891e-04
2.322707e+02	6.585949e-04
2.323793e+02	6.584443e-04
2.324862e+02	6.585119e-04
2.325941e+02	6.586169e-04
2.327041e+02	6.585377e-04
2.328129e+02	6.583978e-04
2.329194e+02	6.585660e-04
2.330285e+02	6.584990e-04
2.331391e+02	6.584838e-04
2.332474e+02	6.584845e-04
2.333551e+02	6.584814e-04
2.334632e+02	6.584556e-04
2.335716e+02	6.585066e-04
2.336792e+02	6.585370e-04
2.337877e+02	6.583909e-04
2.338954e+02	6.584374e-04
2.340037e+02	6.584320e-04
2.341116e+02	6.584678e-04
2.342206e+02	6.584061e-04
2.343307e+02	6.583962e-04
2.344395e+02	6.584290e-04
2.345468e+02	6.584853e-04
2.346577e+02	6.584732e-04
2.347681e+02	6.584465e-04
2.348764e+02	6.583894e-04
2.349898e+02	6.585492e-04
2.350984e+02	6.584412e-04
2.352073e+02	6.584739e-04
2.353175e+02	6.585644e-04
2.354259e+02	6.584169e-04
2.355343e+02	6.584907e-04
2.356434e+02	6.585439e-04
2.357514e+02	6.584624e-04
2.358579e+02	6.584480e-04
2.359669e+02	6.585143e-04
2.360758e+02	6.584944e-04
2.361844e+02	6.584541e-04
2.362927e+02	6.585028e-04
2.364054e+02	6.585348e-04
2.365132e+02	6.583909e-04
2.366201e+02	6.584609e-04
2.367331e+02	6.585507e-04
2.368424e+02	6.584518e-04
2.369516e+02	6.584359e-04
2.370623e+02	6.584807e-04
2.371686e+02	6.520265e-04
2.372797e+02	6.588839e-04
2.373897e+02	6.589928e-04
2.374984e+02	6.590491e-04
2.376055e+02	6.589738e-04
2.377298e+02	6.590475e-04
2.378389e+02	6.590460e-04
2.379450e+02	6.589753e-04
2.380535e+02	6.591434e-04
2.381630e+02	6.591351e-04
2.382692e+02	6.590826e-04
2.383755e+02	6.591031e-04
2.384832e+02	6.590720e-04
2.385922e+02	6.592347e-04
2.386993e+02	6.590513e-04
2.388078e+02	6.591777e-04
2.389162e+02	6.591990e-04
2.390235e+02	6.589266e-04
2.391312e+02	6.593191e-04
2.392386e+02	6.591381e-04
2.393492e+02	6.590475e-04
2.394577e+02	6.591320e-04
2.395683e+02	6.591868e-04
2.396784e+02	6.591990e-04
2.397860e+02	6.590278e-04
2.398944e+02	6.591267e-04
2.400027e+02	6.590818e-04
2.401118e+02	6.590148e-04
2.402195e+02	6.591054e-04
2.403270e+02	6.592469e-04
2.404354e+02	6.591107e-04
2.405450e+02	6.590665e-04
2.406546e+02	6.590901e-04
2.407632e+02	6.590963e-04
2.408699e+02	6.591153e-04
2.409798e+02	6.591175e-04
2.410885e+02	6.591420e-04
2.411979e+02	6.590833e-04
2.413078e+02	6.591411e-04
2.414170e+02	6.593025e-04
2.415238e+02	6.590948e-04
2.416326e+02	6.590118e-04
2.417417e+02	6.592507e-04
2.418500e+02	6.592599e-04
2.419594e+02	6.589958e-04
2.420708e+02	6.590567e-04
2.421797e+02	6.594295e-04
2.422885e+02	6.589821e-04
2.423979e+02	6.591884e-04
2.425047e+02	6.591678e-04
2.426119e+02	6.590894e-04
2.427216e+02	6.590932e-04
2.428299e+02	6.590484e-04
2.429380e+02	6.592477e-04
2.430502e+02	6.590948e-04
2.431606e+02	6.590263e-04
2.432677e+02	6.590186e-04
2.433746e+02	6.592393e-04
2.434836e+02	6.590239e-04
2.435936e+02	6.591252e-04
2.437024e+02	6.590285e-04
2.438119e+02	6.590157e-04
2.439294e+02	6.591084e-04
2.440376e+02	6.590073e-04
2.441448e+02	6.589075e-04
2.442527e+02	6.592736e-04
2.443626e+02	6.589418e-04
2.444729e+02	6.591305e-04
2.445816e+02	6.591457e-04
2.446902e+02	6.590004e-04
2.447984e+02	6.591526e-04
2.449072e+02	6.589882e-04
2.450152e+02	6.590575e-04
2.451221e+02	6.589905e-04
2.452337e+02	6.590590e-04
2.453435e+02	6.590871e-04
2.454509e+02	6.590316e-04
2.455590e+02	6.591837e-04
2.456656e+02	6.589890e-04
2.457759e+02	6.591146e-04
2.458842e+02	6.589844e-04
2.459932e+02	6.590879e-04
2.461010e+02	6.590605e-04
2.462106e+02	6.591442e-04
2.463189e+02	6.589897e-04
2.464287e+02	6.591100e-04
2.465380e+02	6.590073e-04
2.466491e+02	6.589974e-04
2.467584e+02	6.591237e-04
2.468671e+02	6.590802e-04
2.469749e+02	6.590612e-04
2.470823e+02	6.590164e-04
2.471910e+02	6.591130e-04
2.472985e+02	6.590994e-04
2.474067e+02	6.590354e-04
2.475151e+02	6.590537e-04
2.476232e+02	6.590978e-04
2.477324e+02	6.589745e-04
2.478397e+02	6.590681e-04
2.479471e+02	6.590431e-04
2.480547e+02	6.590126e-04
2.481670e+02	6.591237e-04
2.482754e+02	6.591138e-04
2.483845e+02	6.590742e-04
2.484952e+02	6.590628e-04
2.486035e+02	6.591449e-04
2.487122e+02	6.591959e-04
2.488197e+02	6.591944e-04
2.489274e+02	6.592264e-04
2.490378e+02	6.592028e-04
2.491486e+02	6.591184e-04
2.492573e+02	6.591747e-04
2.493647e+02	6.591647e-04
2.494745e+02	6.590689e-04
2.495849e+02	6.591639e-04
2.496919e+02	6.591791e-04
2.498009e+02	6.591502e-04
2.499132e+02	6.591875e-04
2.500213e+02	6.591594e-04
2.501312e+02	6.591122e-04
2.502401e+02	6.590879e-04
2.503492e+02	6.592766e-04
2.504594e+02	6.591328e-04
2.505684e+02	6.590338e-04
2.506750e+02	6.592164e-04
2.507854e+02	6.530208e-04
2.508937e+02	6.592964e-04
2.510043e+02	6.597726e-04
2.511131e+02	6.599507e-04
2.512202e+02	6.599918e-04
2.513275e+02	6.598746e-04
2.514378e+02	6.598830e-04
2.515457e+02	6.599660e-04
2.516527e+02	6.597788e-04
2.517606e+02	6.598305e-04
2.518684e+02	6.599150e-04
2.519768e+02	6.598282e-04
2.520862e+02	6.597909e-04
2.521940e+02	6.599750e-04
2.523041e+02	6.597476e-04
2.524120e+02	6.599941e-04
2.525198e+02	6.598130e-04
2.526299e+02	6.598578e-04
2.527381e+02	6.598662e-04
2.528482e+02	6.599187e-04
2.529558e+02	6.598457e-04
2.530650e+02	6.597552e-04
2.531735e+02	6.599249e-04
2.532836e+02	6.599195e-04
2.533914e+02	6.598724e-04
2.534997e+02	6.598419e-04
2.536071e+02	6.598989e-04
2.537158e+02	6.598830e-04
2.538265e+02	6.598541e-04
2.539375e+02	6.598616e-04
2.540465e+02	6.599294e-04
2.541546e+02	6.599552e-04
2.542630e+02	6.597688e-04
2.543714e+02	6.597916e-04
2.544791e+02	6.599225e-04
2.545865e+02	6.598031e-04
2.546945e+02	6.599058e-04
2.548033e+02	6.599073e-04
2.549120e+02	6.599583e-04
2.550198e+02	6.599834e-04
2.551303e+02	6.598191e-04
2.552386e+02	6.599203e-04
2.553449e+02	6.599020e-04
2.554535e+02	6.597924e-04
2.555612e+02	6.599256e-04
2.556704e+02	6.597894e-04
2.557768e+02	6.599377e-04
2.558859e+02	6.598525e-04
2.559948e+02	6.598115e-04
2.561024e+02	6.599819e-04
2.562130e+02	6.600055e-04
2.563224e+02	6.597711e-04
2.564303e+02	6.598077e-04
2.565415e+02	6.597498e-04
2.566518e+02	6.598632e-04
2.567585e+02	6.598107e-04
2.568693e+02	6.598053e-04
2.569777e+02	6.599583e-04
2.570872e+02	6.598823e-04
2.571995e+02	6.599119e-04
2.573094e+02	6.598944e-04
2.574160e+02	6.598495e-04
2.575243e+02	6.598267e-04
2.576310e+02	6.597795e-04
2.577412e+02	6.597909e-04
2.578491e+02	6.597369e-04
2.579569e+02	6.597765e-04
2.580633e+02	6.598556e-04
2.581782e+02	6.599614e-04
2.582857e+02	6.598251e-04
2.583942e+02	6.598883e-04
2.585021e+02	6.597916e-04
2.586110e+02	6.596996e-04
2.587191e+02	6.599271e-04
2.588278e+02	6.599157e-04
2.589364e+02	6.597110e-04
2.590450e+02	6.597605e-04
2.591517e+02	6.599461e-04
2.592602e+02	6.597628e-04
2.593707e+02	6.597179e-04
2.594794e+02	6.599614e-04
2.595907e+02	6.598024e-04
2.597010e+02	6.599278e-04
2.598094e+02	6.599636e-04
2.599179e+02	6.598176e-04
2.600261e+02	6.598982e-04
2.601344e+02	6.598039e-04
2.602441e+02	6.600055e-04
2.603526e+02	6.599591e-04
2.604619e+02	6.598616e-04
2.605707e+02	6.599523e-04
2.606791e+02	6.598434e-04
2.607877e+02	6.599742e-04
2.608965e+02	6.598761e-04
2.610047e+02	6.599834e-04
2.611139e+02	6.598768e-04
2.612228e+02	6.599287e-04
2.613370e+02	6.598609e-04
2.614443e+02	6.598905e-04
2.615525e+02	6.599150e-04
2.616594e+02	6.599370e-04
2.617676e+02	6.599660e-04
2.618747e+02	6.598609e-04
2.619830e+02	6.599468e-04
2.620915e+02	6.600252e-04
2.622002e+02	6.598655e-04
2.623091e+02	6.600298e-04
2.624154e+02	6.600618e-04
2.625247e+02	6.598381e-04
2.626345e+02	6.599994e-04
2.627441e+02	6.599591e-04
2.628510e+02	6.598944e-04
2.629598e+02	6.600914e-04
2.630681e+02	6.598548e-04
2.631761e+02	6.599020e-04
2.632852e+02	6.599141e-04
2.633931e+02	6.598960e-04
2.635030e+02	6.599218e-04
2.636136e+02	6.600115e-04
2.637240e+02	6.600108e-04
2.638319e+02	6.599028e-04
2.639389e+02	6.599682e-04
2.640463e+02	6.598587e-04
2.641531e+02	6.599644e-04
2.642616e+02	6.599157e-04
2.643703e+02	6.600686e-04
2.644782e+02	6.535299e-04
2.645857e+02	6.603402e-04
2.646969e+02	6.606491e-04
2.648053e+02	6.605434e-04
2.649154e+02	6.607063e-04
2.650256e+02	6.606940e-04
2.651330e+02	6.606507e-04
2.652420e+02	6.607191e-04
2.653511e+02	6.607047e-04
2.654588e+02	6.606964e-04
2.655695e+02	6.607298e-04
2.656763e+02	6.606202e-04
2.657886e+02	6.607145e-04
2.658981e+02	6.606582e-04
2.660065e+02	6.607518e-04
2.661143e+02	6.606233e-04
2.662251e+02	6.606758e-04
2.663352e+02	6.607116e-04
2.664421e+02	6.607405e-04
2.665498e+02	6.606560e-04
2.666584e+02	6.607321e-04
2.667651e+02	6.607222e-04
2.668751e+02	6.606940e-04
2.669844e+02	6.607663e-04
2.670932e+02	6.606286e-04
2.672016e+02	6.607092e-04
2.673103e+02	6.606803e-04
2.674187e+02	6.607633e-04
2.675274e+02	6.606955e-04
2.676345e+02	6.607420e-04
2.677440e+02	6.607777e-04
2.678511e+02	6.607116e-04
2.679589e+02	6.607944e-04
2.680681e+02	6.608561e-04
2.681773e+02	6.606690e-04
2.682844e+02	6.607626e-04
2.683946e+02	6.607648e-04
2.685050e+02	6.607229e-04
2.686139e+02	6.606659e-04
2.687222e+02	6.607412e-04
2.688294e+02	6.607732e-04
2.689377e+02	6.606727e-04
2.690465e+02	6.607907e-04
2.691555e+02	6.607587e-04
2.692649e+02	6.606476e-04
2.693757e+02	6.608340e-04
2.694847e+02	6.607237e-04
2.695939e+02	6.607100e-04
2.697007e+02	6.607557e-04
2.698094e+02	6.606416e-04
2.699165e+02	6.606522e-04
2.700242e+02	6.607434e-04
2.701314e+02	6.607054e-04
2.702416e+02	6.607298e-04
2.703503e+02	6.607237e-04
2.704573e+02	6.608249e-04
2.705641e+02	6.606028e-04
2.706744e+02	6.605906e-04
2.707826e+02	6.607351e-04
2.708909e+02	6.606317e-04
2.709979e+02	6.607534e-04
2.711084e+02	6.607443e-04
2.712194e+02	6.606454e-04
2.713271e+02	6.606666e-04
2.714366e+02	6.607503e-04
2.715455e+02	6.606445e-04
2.716530e+02	6.606818e-04
2.717630e+02	6.606827e-04
2.718698e+02	6.608576e-04
2.719779e+02	6.606955e-04
2.720857e+02	6.606834e-04
2.721941e+02	6.607915e-04
2.723024e+02	6.606164e-04
2.724104e+02	6.606818e-04
2.725180e+02	6.607876e-04
2.726292e+02	6.607434e-04
2.727366e+02	6.606582e-04
2.728452e+02	6.607039e-04
2.729581e+02	6.608386e-04
2.730678e+02	6.607100e-04
2.731754e+02	6.608143e-04
2.732829e+02	6.607922e-04
2.733924e+02	6.606240e-04
2.735005e+02	6.607145e-04
2.736103e+02	6.608569e-04
2.737192e+02	6.608417e-04
2.738292e+02	6.607154e-04
2.739405e+02	6.608478e-04
2.740503e+02	6.608615e-04
2.741574e+02	6.606484e-04
2.742645e+02	6.607549e-04
2.743719e+02	6.608363e-04
2.744807e+02	6.607047e-04
2.745892e+02	6.607937e-04
2.746971e+02	6.607434e-04
2.748048e+02	6.607617e-04
2.749131e+02	6.608653e-04
2.750202e+02	6.606979e-04
2.751282e+02	6.608463e-04
2.752374e+02	6.607176e-04
2.753464e+02	6.609550e-04
2.754559e+02	6.606279e-04
2.755633e+02	6.609642e-04
2.756719e+02	6.607732e-04
2.757818e+02	6.608097e-04
2.758913e+02	6.606339e-04
2.759983e+02	6.609938e-04
2.761097e+02	6.607214e-04
2.762191e+02	6.608066e-04
2.763274e+02	6.608668e-04
2.764366e+02	6.607694e-04
2.765479e+02	6.608097e-04
2.766563e+02	6.607640e-04
2.767669e+02	6.610235e-04
2.768771e+02	6.607854e-04
2.769852e+02	6.606392e-04
2.770951e+02	6.608995e-04
2.772050e+02	6.609428e-04
2.773143e+02	6.606317e-04
2.774221e+02	6.607077e-04
2.775324e+02	6.608408e-04
2.776409e+02	6.608834e-04
2.777506e+02	6.608203e-04
2.778608e+02	6.606294e-04
2.779705e+02	6.607968e-04
2.780787e+02	6.609026e-04
2.781868e+02	6.608264e-04
2.782967e+02	6.607054e-04
2.784051e+02	6.606940e-04
2.785123e+02	6.609535e-04
2.786198e+02	6.607427e-04
2.787291e+02	6.607580e-04
2.788391e+02	6.610029e-04
2.789468e+02	6.606301e-04
2.790559e+02	6.606568e-04
2.791652e+02	6.610052e-04
2.792737e+02	6.607929e-04
2.793813e+02	6.607108e-04
2.794927e+02	6.607381e-04
2.796012e+02	6.608006e-04
2.797091e+02	6.608790e-04
2.798195e+02	6.607564e-04
2.799277e+02	6.609550e-04
2.800353e+02	6.609397e-04
2.801444e+02	6.608363e-04
2.802549e+02	6.608226e-04
2.803633e+02	6.608408e-04
2.804719e+02	6.608264e-04
2.805813e+02	6.608721e-04
2.806890e+02	6.608743e-04
2.807996e+02	6.607481e-04
2.809080e+02	6.609916e-04
2.810151e+02	6.609094e-04
2.811226e+02	6.606347e-04
2.812328e+02	6.607823e-04
2.813431e+02	6.610296e-04
2.814499e+02	6.607869e-04
2.815583e+02	6.608713e-04
2.816656e+02	6.608105e-04
2.817729e+02	6.607602e-04
2.818810e+02	6.609543e-04
2.819899e+02	6.607298e-04
2.820976e+02	6.608090e-04
2.822058e+02	6.556451e-04
2.823139e+02	6.602147e-04
2.824246e+02	6.612251e-04
2.825332e+02	6.612738e-04
2.826404e+02	6.612814e-04
2.827466e+02	6.613484e-04
2.828551e+02	6.614085e-04
2.829647e+02	6.611346e-04
2.830713e+02	6.611665e-04
2.831812e+02	6.612996e-04
2.832890e+02	6.612282e-04
2.833969e+02	6.614245e-04
2.835048e+02	6.612038e-04
2.836127e+02	6.610638e-04
2.837210e+02	6.614526e-04
2.838299e+02	6.613385e-04
2.839399e+02	6.610075e-04
2.840460e+02	6.614724e-04
2.841544e+02	6.613217e-04
2.842623e+02	6.610600e-04
2.843714e+02	6.614047e-04
2.844807e+02	6.614701e-04
2.845913e+02	6.612457e-04
2.847013e+02	6.611939e-04
2.848097e+02	6.613788e-04
2.849308e+02	6.613354e-04
2.850396e+02	6.612137e-04
2.851468e+02	6.612488e-04
2.852575e+02	6.613614e-04
2.853661e+02	6.614245e-04
2.854733e+02	6.612647e-04
2.855852e+02	6.613202e-04
2.856947e+02	6.615097e-04
2.858012e+02	6.614830e-04
2.859107e+02	6.612578e-04
2.860171e+02	6.613316e-04
2.861243e+02	6.615667e-04
2.862319e+02	6.614526e-04
2.863392e+02	6.613431e-04
2.864490e+02	6.613270e-04
2.865578e+02	6.612982e-04
2.866661e+02	6.613750e-04
2.867775e+02	6.614427e-04
2.868863e+02	6.614259e-04
2.869921e+02	6.613978e-04
2.871019e+02	6.613415e-04
2.872126e+02	6.612365e-04
2.873210e+02	6.614336e-04
2.874309e+02	6.613491e-04
2.875390e+02	6.613773e-04
2.876463e+02	6.614952e-04
2.877540e+02	6.612076e-04
2.878640e+02	6.612707e-04
2.879745e+02	6.613499e-04
2.880837e+02	6.613994e-04
2.881904e+02	6.614830e-04
2.882977e+02	6.613095e-04
2.884057e+02	6.612084e-04
2.885140e+02	6.613758e-04
2.886246e+02	6.616131e-04
2.887336e+02	6.612296e-04
2.888422e+02	6.612609e-04
2.889506e+02	6.613941e-04
2.890608e+02	6.611978e-04
2.891700e+02	6.612022e-04
2.892775e+02	6.614861e-04
2.893849e+02	6.610744e-04
2.894966e+02	6.614709e-04
2.896036e+02	6.612541e-04
2.897139e+02	6.611293e-04
2.898235e+02	6.614930e-04
2.899316e+02	6.611278e-04
2.900469e+02	6.614594e-04
2.901566e+02	6.612722e-04
2.902650e+02	6.614504e-04
2.903723e+02	6.612130e-04
2.904807e+02	6.615698e-04
2.905890e+02	6.611148e-04
2.906983e+02	6.613925e-04
2.908072e+02	6.613301e-04
2.909150e+02	6.613994e-04
2.910250e+02	6.612669e-04
2.911325e+02	6.614138e-04
2.912428e+02	6.613088e-04
2.913534e+02	6.614245e-04
2.914624e+02	6.612175e-04
2.915708e+02	6.614442e-04
2.916836e+02	6.612312e-04
2.917913e+02	6.614632e-04
2.918995e+02	6.612967e-04
2.920073e+02	6.614069e-04
2.921165e+02	6.614594e-04
2.922245e+02	6.613742e-04
2.923311e+02	6.614230e-04
2.924425e+02	6.614047e-04
2.925508e+02	6.614146e-04
2.926597e+02	6.615797e-04
2.927682e+02	6.614458e-04
2.928788e+02	6.614853e-04
2.929864e+02	6.614177e-04
2.930962e+02	6.614458e-04
2.932047e+02	6.613765e-04
2.933143e+02	6.615013e-04
2.934214e+02	6.615135e-04
2.935487e+02	6.613910e-04
2.936572e+02	6.615303e-04
2.937641e+02	6.614868e-04
2.938711e+02	6.614906e-04
2.939791e+02	6.613956e-04
2.940875e+02	6.614952e-04
2.941947e+02	6.614237e-04
2.943028e+02	6.614168e-04
2.944120e+02	6.614603e-04
2.945253e+02	6.614214e-04
2.946358e+02	6.613841e-04
2.947450e+02	6.613917e-04
2.948524e+02	6.614914e-04
2.949617e+02	6.613956e-04
2.950709e+02	6.613712e-04
2.951778e+02	6.614358e-04
2.952876e+02	6.613956e-04
2.953968e+02	6.614678e-04
2.955050e+02	6.614153e-04
2.956139e+02	6.613354e-04
2.957224e+02	6.614648e-04
2.958301e+02	6.613963e-04
2.959392e+02	6.547716e-04
2.960477e+02	6.617584e-04
2.961546e+02	6.618825e-04
2.962646e+02	6.619472e-04
2.963712e+02	6.618863e-04
2.964806e+02	6.619981e-04
2.965885e+02	6.618079e-04
2.966955e+02	6.618794e-04
2.968035e+02	6.619905e-04
2.969112e+02	6.619655e-04
2.970192e+02	6.619107e-04
2.971273e+02	6.618094e-04
2.972381e+02	6.619441e-04
2.973464e+02	6.620141e-04
2.974537e+02	6.618695e-04
2.975614e+02	6.620202e-04
2.976703e+02	6.619973e-04
2.977788e+02	6.619807e-04
2.978866e+02	6.618414e-04
2.979949e+02	6.618901e-04
2.981031e+02	6.620666e-04
2.982134e+02	6.620598e-04
2.983205e+02	6.619959e-04
2.984311e+02	6.619152e-04
2.985381e+02	6.618635e-04
2.986467e+02	6.619814e-04
2.987549e+02	6.618681e-04
2.988644e+02	6.621534e-04
2.989715e+02	6.619540e-04
2.990787e+02	6.619372e-04
2.991911e+02	6.619829e-04
2.993000e+02	6.619182e-04
2.994074e+02	6.620818e-04
2.995182e+02	6.620081e-04
2.996301e+02	6.620096e-04
2.997371e+02	6.619639e-04
2.998486e+02	6.619213e-04
2.999601e+02	6.620491e-04
3.000665e+02	2.513307e-04
3.001762e+02	1.895266e-06
3.002854e+02	1.888419e-06
3.003929e+02	1.889940e-06
3.005043e+02	1.843528e-06
3.006138e+02	1.861789e-06
3.007201e+02	1.896788e-06
3.008277e+02	1.861028e-06
3.009363e+02	1.884615e-06
3.010439e+02	1.870919e-06
3.011525e+02	1.870158e-06
3.012673e+02	1.879289e-06
3.013756e+02	1.845811e-06
3.014834e+02	1.838203e-06
3.015914e+02	1.864832e-06
3.017002e+02	1.867115e-06
3.018078e+02	1.873202e-06
3.019182e+02	1.868636e-06
3.020270e+02	1.880049e-06
3.021379e+02	1.856464e-06
3.022471e+02	1.868636e-06
3.023547e+02	1.867876e-06
3.024647e+02	1.833637e-06
3.025730e+02	1.861028e-06
3.026825e+02	1.883853e-06
3.027914e+02	1.881571e-06
3.029015e+02	1.837441e-06
3.030090e+02	1.864832e-06
3.031205e+02	1.819181e-06
3.032298e+02	1.864832e-06
3.033378e+02	1.826029e-06
3.034465e+02	1.865594e-06
3.035548e+02	1.848094e-06
3.036632e+02	1.878528e-06
3.037747e+02	1.891462e-06
3.038852e+02	1.852658e-06
3.039927e+02	1.864072e-06
3.041016e+02	1.832877e-06
3.042090e+02	1.886898e-06
3.043163e+02	1.843528e-06
3.044255e+02	1.843528e-06
3.045341e+02	1.880049e-06
3.046407e+02	1.874724e-06
3.047519e+02	1.872441e-06
3.048632e+02	1.835920e-06
3.049700e+02	1.849615e-06
3.050769e+02	1.858745e-06
3.051855e+02	1.863311e-06
3.052977e+02	1.869398e-06
3.054063e+02	1.902875e-06
3.055138e+02	1.874724e-06
3.056477e+02	1.833637e-06
3.057551e+02	1.871681e-06
3.058628e+02	1.877766e-06
3.059695e+02	1.890702e-06
3.060789e+02	1.884615e-06
3.061866e+02	1.846572e-06
3.062957e+02	1.889179e-06
3.064032e+02	1.872441e-06
3.065115e+02	1.865594e-06
3.066215e+02	1.867115e-06
3.067303e+02	1.841246e-06
3.068379e+02	1.852658e-06
3.069451e+02	1.862549e-06
3.070527e+02	1.854181e-06
3.071620e+02	1.869398e-06
3.072695e+02	1.827551e-06
3.073782e+02	1.865594e-06
3.074872e+02	1.845050e-06
3.075955e+02	1.832877e-06
3.077043e+02	1.841246e-06
3.078136e+02	1.880049e-06
3.079208e+02	1.857224e-06
3.080294e+02	1.829833e-06
3.081376e+02	1.856464e-06
3.082446e+02	1.854181e-06
3.083540e+02	1.829833e-06
3.084616e+02	1.851137e-06
3.085716e+02	1.880049e-06
3.086799e+02	1.832877e-06
3.087863e+02	1.873962e-06
3.088977e+02	1.845050e-06
3.090055e+02	1.863311e-06
3.091174e+02	1.840485e-06
3.092277e+02	1.872441e-06
3.093355e+02	1.860268e-06
3.094445e+02	1.839724e-06
3.095516e+02	1.865594e-06
3.096585e+02	1.835160e-06
3.097668e+02	1.839724e-06
3.098764e+02	1.810052e-06
3.099898e+02	1.845050e-06
3.100990e+02	1.838203e-06
3.102078e+02	1.800160e-06
3.103161e+02	1.829833e-06
3.104230e+02	1.859507e-06
3.105311e+02	1.850377e-06
3.106416e+02	1.816899e-06
3.107485e+02	1.850377e-06
3.108582e+02	1.850377e-06
3.109670e+02	1.847333e-06
3.110765e+02	1.857224e-06
3.111848e+02	1.847333e-06
3.112927e+02	1.893745e-06
3.114004e+02	1.840485e-06
3.115113e+02	1.857985e-06
3.116177e+02	1.851137e-06
3.117261e+02	1.851137e-06
3.118339e+02	1.873962e-06
3.119431e+02	1.836681e-06
3.120519e+02	1.844290e-06
3.121606e+02	1.849615e-06
3.122679e+02	1.875485e-06
3.123771e+02	1.818420e-06
3.124845e+02	1.844290e-06
3.125931e+02	1.841246e-06
3.127026e+02	1.837441e-06
3.128107e+02	1.871681e-06
3.129179e+02	1.846572e-06
3.130277e+02	1.864072e-06
3.131359e+02	1.845811e-06
3.132440e+02	1.838964e-06
3.133526e+02	1.857224e-06
3.134629e+02	1.873202e-06
3.135720e+02	1.847333e-06
3.136831e+02	1.857985e-06
3.137926e+02	1.851137e-06
3.139011e+02	1.864832e-06
3.140111e+02	1.854941e-06
3.141191e+02	1.850377e-06
3.142265e+02	1.851898e-06
3.143368e+02	1.875485e-06
3.144450e+02	1.861789e-06
3.145524e+02	1.863311e-06
3.146609e+02	1.847333e-06
3.147703e+02	1.865594e-06
3.148773e+02	1.840485e-06
3.149863e+02	1.838203e-06
3.150930e+02	1.911244e-06
3.151996e+02	1.854181e-06
3.153084e+02	1.851137e-06
3.154174e+02	1.824507e-06
3.155258e+02	1.865594e-06
3.156327e+02	1.835160e-06
3.157418e+02	1.845811e-06
3.158500e+02	1.865594e-06
3.159606e+02	1.841246e-06
3.160714e+02	1.845050e-06
3.161808e+02	1.878528e-06
3.162883e+02	1.888419e-06
3.163967e+02	1.851898e-06
3.165055e+02	1.901353e-06
3.166183e+02	1.869398e-06
3.167277e+02	1.882332e-06
3.168356e+02	1.867876e-06
3.169436e+02	1.886898e-06
3.170545e+02	1.861789e-06
3.171628e+02	1.856464e-06
3.172711e+02	1.892223e-06
3.173801e+02	1.877766e-06
3.174868e+02	1.855702e-06
3.175975e+02	1.845811e-06
3.177068e+02	1.861028e-06
3.178158e+02	1.868636e-06
3.179238e+02	1.911244e-06
3.180325e+02	1.864832e-06
3.181414e+02	1.878528e-06
3.182506e+02	1.850377e-06
3.183590e+02	1.857224e-06
3.184693e+02	1.859507e-06
3.185768e+02	1.870919e-06
3.186855e+02	1.877006e-06
3.187958e+02	1.864072e-06
3.189031e+02	1.842007e-06
3.190107e+02	1.855702e-06
3.191192e+02	1.850377e-06
3.192273e+02	1.857224e-06
3.193370e+02	1.885375e-06
3.194458e+02	1.896788e-06
3.195534e+02	1.843528e-06
3.196648e+02	1.846572e-06
3.197721e+02	1.857224e-06
3.198846e+02	1.796356e-06
3.199957e+02	1.861789e-06
3.201041e+02	1.883853e-06
3.202135e+02	1.851898e-06
3.203219e+02	1.883093e-06
3.204317e+02	1.878528e-06
3.205395e+02	1.853420e-06
3.206470e+02	1.878528e-06
3.207559e+02	1.849615e-06
3.208632e+02	1.850377e-06
3.209725e+02	1.861028e-06
3.210801e+02	1.842768e-06
3.211876e+02	1.872441e-06
3.212957e+02	1.875485e-06
3.214044e+02	1.869398e-06
3.215167e+02	1.848094e-06
3.216255e+02	1.853420e-06
3.217335e+02	1.852658e-06
3.218427e+02	1.870919e-06
3.219517e+02	1.854941e-06
3.220609e+02	1.855702e-06
3.221701e+02	1.888419e-06
3.222787e+02	1.836681e-06
3.223888e+02	1.824507e-06
3.224967e+02	1.848854e-06
3.226072e+02	1.842768e-06
3.227175e+02	1.844290e-06
3.228258e+02	1.841246e-06
3.229335e+02	1.860268e-06
3.230423e+02	1.883853e-06
3.231493e+02	1.860268e-06
3.232595e+02	1.851898e-06
3.233685e+02	1.867876e-06
3.234779e+02	1.869398e-06
3.235873e+02	1.864832e-06
3.236990e+02	1.891462e-06
3.238076e+02	1.853420e-06
3.239153e+02	1.843528e-06
3.240245e+02	1.918092e-06
3.241330e+02	1.848094e-06
3.242422e+02	1.852658e-06
3.243487e+02	1.870158e-06
3.244579e+02	1.869398e-06
3.245682e+02	1.864832e-06
3.246792e+02	1.873202e-06
3.247902e+02	1.846572e-06
3.248983e+02	1.855702e-06
3.250054e+02	1.849615e-06
3.251140e+02	1.857224e-06
3.252227e+02	1.873962e-06
3.253290e+02	1.863311e-06
3.254368e+02	1.864832e-06
3.255482e+02	1.885375e-06
3.256562e+02	1.869398e-06
3.257816e+02	1.826790e-06
3.258890e+02	1.849615e-06
3.259962e+02	1.842007e-06
3.261037e+02	1.845050e-06
3.262166e+02	1.880811e-06
3.263249e+02	1.871681e-06
3.264362e+02	1.845050e-06
3.265455e+02	1.835920e-06
3.266532e+02	1.841246e-06
3.267647e+02	1.885375e-06
3.268752e+02	1.847333e-06
3.269853e+02	1.852658e-06
3.270960e+02	1.843528e-06
3.272037e+02	1.830594e-06
3.273130e+02	1.867115e-06
3.274210e+02	1.809290e-06
3.275293e+02	1.852658e-06
3.276376e+02	1.860268e-06
3.277456e+02	1.845050e-06
3.278541e+02	1.826790e-06
3.279619e+02	1.811573e-06
3.280692e+02	1.853420e-06
3.281782e+02	1.826790e-06
3.282860e+02	1.842007e-06
3.283956e+02	1.843528e-06
3.285030e+02	1.834398e-06
3.286132e+02	1.829833e-06
3.287233e+02	1.829073e-06
3.288326e+02	1.880811e-06
3.289432e+02	1.859507e-06
3.290510e+02	1.880049e-06
3.291617e+02	1.851898e-06
3.292711e+02	1.848854e-06
3.293812e+02	1.883853e-06
3.294897e+02	1.878528e-06
3.295990e+02	1.877006e-06
3.297064e+02	1.855702e-06
3.298149e+02	1.842007e-06
3.299223e+02	1.847333e-06
3.300301e+02	1.850377e-06
3.301382e+02	1.837441e-06
3.302473e+02	1.816899e-06
3.303582e+02	1.858745e-06
3.304691e+02	1.834398e-06
3.305782e+02	1.831355e-06
3.306882e+02	1.845811e-06
3.307968e+02	1.819943e-06
3.309050e+02	1.843528e-06
3.310134e+02	1.839724e-06
3.311224e+02	1.885375e-06
3.312341e+02	1.845811e-06
3.313409e+02	1.839724e-06
3.314503e+02	1.831355e-06
3.315577e+02	1.816899e-06
3.316653e+02	1.850377e-06
3.317736e+02	1.841246e-06
3.318809e+02	1.874724e-06
3.319889e+02	1.829833e-06
3.320980e+02	1.879289e-06
3.322074e+02	1.849615e-06
3.323158e+02	1.861028e-06
3.324252e+02	1.847333e-06
3.325378e+02	1.839724e-06
3.326455e+02	1.877006e-06
3.327558e+02	1.816899e-06
3.328631e+02	1.845050e-06
3.329709e+02	1.848094e-06
3.330792e+02	1.881571e-06
3.331865e+02	1.868636e-06
3.332932e+02	1.895266e-06
3.334043e+02	1.822986e-06
3.335140e+02	1.853420e-06
3.336220e+02	1.841246e-06
3.337314e+02	1.847333e-06
3.338401e+02	1.850377e-06
3.339492e+02	1.863311e-06
3.340574e+02	1.812334e-06
3.341664e+02	1.832877e-06
3.342744e+02	1.857985e-06
3.343866e+02	1.822224e-06
3.344943e+02	1.791791e-06
3.346027e+02	1.851137e-06
3.347129e+02	1.807007e-06
3.348222e+02	1.877766e-06
3.349306e+02	1.824507e-06
3.350464e+02	1.865594e-06
3.351541e+02	1.869398e-06
3.352616e+02	1.862549e-06
3.353691e+02	1.830594e-06
3.354779e+02	1.900592e-06
3.355845e+02	1.861028e-06
3.356918e+02	1.851137e-06
3.357986e+02	1.888419e-06
3.359091e+02	1.885375e-06
3.360176e+02	1.860268e-06
3.361250e+02	1.859507e-06
3.362328e+02	1.835160e-06
3.363420e+02	1.882332e-06
3.364506e+02	1.851898e-06
3.365603e+02	1.814616e-06
3.366692e+02	1.868636e-06
3.367788e+02	1.904396e-06
3.368885e+02	1.861028e-06
3.369973e+02	1.857224e-06
3.371085e+02	1.823747e-06
3.372190e+02	1.873962e-06
3.373276e+02	1.862549e-06
3.374355e+02	1.851137e-06
3.375458e+02	1.857224e-06
3.376527e+02	1.869398e-06
3.377625e+02	1.862549e-06
3.378708e+02	1.844290e-06
3.379811e+02	1.861789e-06
3.380885e+02	1.854181e-06
3.381974e+02	1.883093e-06
3.383047e+02	1.838203e-06
3.384140e+02	1.877006e-06
3.385223e+02	1.870158e-06
3.386312e+02	1.859507e-06
3.387396e+02	1.859507e-06
3.388478e+02	1.884615e-06
3.389599e+02	1.881571e-06
3.390678e+02	1.869398e-06
3.391767e+02	1.880811e-06
3.392853e+02	1.871681e-06
3.393965e+02	1.881571e-06
3.395065e+02	1.829833e-06
3.396148e+02	1.845811e-06
3.397214e+02	1.874724e-06
3.398286e+02	1.874724e-06
3.399366e+02	1.856464e-06
3.400426e+02	1.848854e-06
3.401503e+02	1.857224e-06
3.402589e+02	1.870158e-06
3.403681e+02	1.857224e-06
3.404779e+02	1.870919e-06
3.405862e+02	1.875485e-06
3.406957e+02	1.880811e-06
3.408022e+02	1.875485e-06
3.409092e+02	1.861789e-06
3.410172e+02	1.857224e-06
3.411265e+02	1.854181e-06
3.412353e+02	1.856464e-06
3.413446e+02	1.902875e-06
3.414518e+02	1.867876e-06
3.415604e+02	1.896788e-06
3.416701e+02	1.857224e-06
3.417793e+02	1.880049e-06
3.418880e+02	1.831355e-06
3.419968e+02	1.877766e-06
3.421050e+02	1.853420e-06
3.422123e+02	1.864072e-06
3.423248e+02	1.857224e-06
3.424341e+02	1.870158e-06
3.425419e+02	1.857224e-06
3.426509e+02	1.869398e-06
3.427581e+02	1.842007e-06
3.428656e+02	1.837441e-06
3.429738e+02	1.866354e-06
3.430821e+02	1.831355e-06
3.431890e+02	1.864832e-06
3.433020e+02	1.857224e-06
3.434103e+02	1.883853e-06
3.435196e+02	1.853420e-06
3.436292e+02	1.867115e-06
3.437364e+02	1.849615e-06
3.438458e+02	1.880049e-06
3.439543e+02	1.864072e-06
3.440621e+02	1.863311e-06
3.441718e+02	1.853420e-06
3.442805e+02	1.869398e-06
3.443908e+02	1.885375e-06
3.444990e+02	1.864072e-06
3.446078e+02	1.860268e-06
3.447163e+02	1.857985e-06
3.448266e+02	1.870158e-06
3.449358e+02	1.838964e-06
3.450434e+02	1.857224e-06
3.451527e+02	1.864072e-06
3.452618e+02	1.882332e-06
3.453697e+02	1.865594e-06
3.454794e+02	1.860268e-06
3.455888e+02	1.863311e-06
3.456986e+02	1.861028e-06
3.458069e+02	1.895266e-06
3.459149e+02	1.840485e-06
3.460230e+02	1.842007e-06
3.461320e+02	1.873962e-06
3.462428e+02	1.822224e-06
3.463505e+02	1.880811e-06
3.464594e+02	1.882332e-06
3.465670e+02	1.876245e-06
3.466744e+02	1.873202e-06
3.467834e+02	1.883093e-06
3.468917e+02	1.896027e-06
3.469998e+02	1.909723e-06
3.471071e+02	1.853420e-06
3.472143e+02	1.873962e-06
3.473214e+02	1.836681e-06
3.474302e+02	1.861028e-06
3.475391e+02	1.862549e-06
3.476480e+02	1.840485e-06
3.477554e+02	1.854941e-06
3.478643e+02	1.832877e-06
3.479727e+02	1.886136e-06
3.480808e+02	1.908200e-06
3.481892e+02	1.888419e-06
3.482984e+02	1.842007e-06
3.484056e+02	1.877006e-06
3.485130e+02	1.918853e-06
3.486219e+02	1.910483e-06
3.487298e+02	1.870158e-06
3.488366e+02	1.850377e-06
3.489456e+02	1.851137e-06
3.490534e+02	1.859507e-06
3.491613e+02	1.868636e-06
3.492698e+02	1.899070e-06
3.493777e+02	1.887658e-06
3.494854e+02	1.856464e-06
3.495951e+02	1.896027e-06
3.497059e+02	1.848094e-06
3.498144e+02	1.854941e-06
3.499231e+02	1.861028e-06
3.500321e+02	1.859507e-06
3.501396e+02	1.838964e-06
3.502478e+02	1.873962e-06
3.503567e+02	1.873962e-06
3.504662e+02	1.828311e-06
3.505734e+02	1.834398e-06
3.506817e+02	1.810812e-06
3.507899e+02	1.852658e-06
3.508971e+02	1.859507e-06
3.510045e+02	1.826029e-06
3.511131e+02	1.878528e-06
3.512205e+02	1.857224e-06
3.513302e+02	1.865594e-06
3.514392e+02	1.861789e-06
3.515479e+02	1.897549e-06
3.516552e+02	1.874724e-06
3.517648e+02	1.838964e-06
3.518737e+02	1.850377e-06
3.519839e+02	1.870919e-06
3.520945e+02	1.867115e-06
3.522029e+02	1.875485e-06
3.523116e+02	1.863311e-06
3.524202e+02	1.857224e-06
3.525286e+02	1.822986e-06
3.526374e+02	1.845811e-06
3.527462e+02	1.897549e-06
3.528538e+02	1.870919e-06
3.529612e+02	1.905919e-06
3.530693e+02	1.860268e-06
3.531784e+02	1.857985e-06
3.532866e+02	1.855702e-06
3.533967e+02	1.838964e-06
3.535045e+02	1.879289e-06
3.536124e+02	1.866354e-06
3.537216e+02	1.854941e-06
3.538288e+02	1.846572e-06
3.539354e+02	1.857985e-06
3.540486e+02	1.856464e-06
3.541572e+02	1.870919e-06
3.542666e+02	1.881571e-06
3.543761e+02	1.880811e-06
3.544847e+02	1.862549e-06
3.545931e+02	1.861028e-06
3.547004e+02	1.838964e-06
3.548101e+02	1.892983e-06
3.549188e+02	1.828311e-06
3.550269e+02	1.822224e-06
3.551365e+02	1.865594e-06
3.552445e+02	1.832116e-06
3.553514e+02	1.844290e-06
3.554608e+02	1.835920e-06
3.555710e+02	1.848094e-06
3.556794e+02	1.832877e-06
3.557891e+02	1.887658e-06
3.558983e+02	1.842768e-06
3.560071e+02	1.854181e-06
3.561154e+02	1.891462e-06
3.562268e+02	1.858745e-06
3.563349e+02	1.851137e-06
3.564453e+02	1.851898e-06
3.565556e+02	1.855702e-06
3.566641e+02	1.849615e-06
3.567754e+02	1.879289e-06
3.568855e+02	1.864832e-06
3.569929e+02	1.863311e-06
3.571024e+02	1.857224e-06
3.572127e+02	1.877766e-06
3.573197e+02	1.858745e-06
3.574288e+02	1.848094e-06
3.575353e+02	1.854181e-06
3.576461e+02	1.831355e-06
3.577533e+02	1.872441e-06
3.578622e+02	1.867876e-06
3.579709e+02	1.871681e-06
3.580785e+02	1.855702e-06
3.581876e+02	1.870919e-06
3.582998e+02	1.879289e-06
3.584092e+02	1.858745e-06
3.585166e+02	1.854181e-06
3.586261e+02	1.842768e-06
3.587335e+02	1.883093e-06
3.588414e+02	1.852658e-06
3.589499e+02	1.860268e-06
3.590607e+02	1.867115e-06
3.591688e+02	1.829833e-06
3.592764e+02	1.835160e-06
3.593844e+02	1.888419e-06
3.594935e+02	1.893745e-06
3.596000e+02	1.837441e-06
3.597083e+02	1.857985e-06
3.598155e+02	1.825268e-06
3.599257e+02	1.877006e-06
3.600347e+02	1.822986e-06
