# TEY data for sample P950-InO2 1
# time(s)	normalized_TEY
0.000000e+00	2.007270e-06
1.201720e-01	1.801142e-06
2.284280e-01	1.878726e-06
3.376630e-01	1.928926e-06
4.448880e-01	1.776802e-06
5.521220e-01	1.866555e-06
6.613490e-01	1.942617e-06
7.696280e-01	1.775281e-06
8.778560e-01	1.985972e-06
9.856070e-01	1.848300e-06
1.094836e+00	1.830807e-06
1.201106e+00	1.921320e-06
1.309332e+00	1.849061e-06
1.417562e+00	1.842216e-06
1.526023e+00	1.894698e-06
1.636004e+00	1.795818e-06
1.744120e+00	1.866555e-06
1.853153e+00	1.884050e-06
1.963452e+00	1.874162e-06
2.073745e+00	1.912193e-06
2.181451e+00	1.791253e-06
2.287840e+00	1.884050e-06
2.397083e+00	1.853625e-06
2.504421e+00	1.896980e-06
2.616742e+00	1.858188e-06
2.724933e+00	1.856667e-06
2.832563e+00	1.843737e-06
2.940949e+00	1.918278e-06
3.049095e+00	1.793536e-06
3.156381e+00	1.854385e-06
3.268105e+00	1.887853e-06
3.377229e+00	1.774520e-06
3.483908e+00	1.960872e-06
3.593406e+00	1.798100e-06
3.701632e+00	1.823200e-06
3.809525e+00	1.914475e-06
3.919345e+00	1.799621e-06
4.027796e+00	1.818636e-06
4.136675e+00	1.942617e-06
4.245612e+00	1.722038e-06
4.357828e+00	1.916757e-06
4.464507e+00	1.849061e-06
4.571622e+00	1.748660e-06
4.679981e+00	1.910672e-06
4.786976e+00	1.877204e-06
4.895768e+00	1.765393e-06
5.003715e+00	1.958591e-06
5.116515e+00	1.817115e-06
5.225773e+00	1.827003e-06
5.335011e+00	1.947181e-06
5.442307e+00	1.748660e-06
5.550985e+00	1.909151e-06
5.659167e+00	1.874923e-06
5.767425e+00	1.798860e-06
5.876136e+00	1.881768e-06
5.982269e+00	1.845258e-06
6.091756e+00	1.773760e-06
6.198653e+00	1.912193e-06
6.310114e+00	1.804185e-06
6.415771e+00	1.830807e-06
6.525645e+00	1.865794e-06
6.635376e+00	1.801142e-06
6.742603e+00	1.855146e-06
6.851400e+00	1.836131e-06
6.960660e+00	1.770717e-06
7.070226e+00	1.862752e-06
7.177415e+00	1.843737e-06
7.285578e+00	1.793536e-06
7.393958e+00	1.875683e-06
7.500326e+00	1.796579e-06
7.609165e+00	1.855907e-06
7.716652e+00	1.833088e-06
7.825016e+00	1.851343e-06
7.934609e+00	1.861231e-06
8.044468e+00	1.817875e-06
8.152382e+00	1.832328e-06
8.259865e+00	1.849822e-06
8.367251e+00	1.850582e-06
8.475923e+00	1.852864e-06
8.584050e+00	1.868838e-06
8.693497e+00	1.827763e-06
8.801233e+00	1.879486e-06
8.909344e+00	1.811791e-06
9.016107e+00	1.855907e-06
9.125374e+00	1.902304e-06
9.235080e+00	1.823960e-06
9.343827e+00	1.822439e-06
9.451998e+00	1.889374e-06
9.561908e+00	1.761590e-06
9.671580e+00	1.905347e-06
9.779279e+00	1.826242e-06
9.887030e+00	1.838413e-06
9.995473e+00	1.903825e-06
1.010355e+01	1.835370e-06
1.021096e+01	1.814833e-06
1.031929e+01	1.927405e-06
1.042701e+01	1.839934e-06
1.053735e+01	1.864273e-06
1.064435e+01	1.914475e-06
1.075372e+01	1.774520e-06
1.086216e+01	1.873401e-06
1.097238e+01	1.881007e-06
1.108113e+01	1.807227e-06
1.118738e+01	1.903825e-06
1.129700e+01	1.824721e-06
1.140543e+01	1.798860e-06
1.151436e+01	1.919038e-06
1.162245e+01	1.790494e-06
1.173057e+01	1.871880e-06
1.184199e+01	1.914475e-06
1.194980e+01	1.812551e-06
1.205795e+01	1.881007e-06
1.216661e+01	1.860470e-06
1.227375e+01	1.861231e-06
1.238156e+01	1.903825e-06
1.248851e+01	1.821678e-06
1.259575e+01	1.815594e-06
1.270527e+01	1.922841e-06
1.281421e+01	1.822439e-06
1.292175e+01	1.886332e-06
1.302971e+01	1.850582e-06
1.313920e+01	1.824721e-06
1.324745e+01	1.849822e-06
1.335586e+01	1.871880e-06
1.346296e+01	1.826242e-06
1.357150e+01	1.874162e-06
1.367919e+01	1.813312e-06
1.378793e+01	1.866555e-06
1.389599e+01	1.851343e-06
1.400406e+01	1.823200e-06
1.411233e+01	1.860470e-06
1.421929e+01	1.832328e-06
1.432753e+01	1.816354e-06
1.443444e+01	1.874162e-06
1.454481e+01	1.836131e-06
1.465308e+01	1.823200e-06
1.476108e+01	1.884050e-06
1.486791e+01	1.829284e-06
1.497714e+01	1.880247e-06
1.508497e+01	1.855146e-06
1.519146e+01	1.854385e-06
1.530058e+01	1.861991e-06
1.540978e+01	1.851343e-06
1.551557e+01	1.823200e-06
1.562387e+01	1.906107e-06
1.573170e+01	1.792015e-06
1.583938e+01	1.900783e-06
1.594634e+01	1.829284e-06
1.605440e+01	1.818636e-06
1.616374e+01	1.880247e-06
1.627209e+01	1.881007e-06
1.638037e+01	1.817875e-06
1.648689e+01	1.885571e-06
1.659338e+01	1.811791e-06
1.670246e+01	1.794297e-06
1.681186e+01	1.895459e-06
1.692020e+01	1.813312e-06
1.702836e+01	1.830807e-06
1.713568e+01	1.867317e-06
1.724343e+01	1.795818e-06
1.735314e+01	1.867317e-06
1.745995e+01	1.881007e-06
1.756669e+01	1.834610e-06
1.767396e+01	1.865794e-06
1.778261e+01	1.779844e-06
1.789143e+01	1.842976e-06
1.800046e+01	1.872641e-06
1.810719e+01	1.805706e-06
1.821747e+01	1.818636e-06
1.832788e+01	1.846779e-06
1.843615e+01	1.833849e-06
1.854512e+01	1.872641e-06
1.865222e+01	1.835370e-06
1.876116e+01	1.790494e-06
1.886981e+01	1.888613e-06
1.897784e+01	1.825481e-06
1.908600e+01	1.801903e-06
1.919411e+01	1.877204e-06
1.930335e+01	1.823960e-06
1.941115e+01	1.839173e-06
1.951738e+01	1.847540e-06
1.962861e+01	1.776802e-06
1.973883e+01	1.857428e-06
1.984706e+01	1.808748e-06
1.995476e+01	1.803424e-06
2.006471e+01	1.881768e-06
2.017541e+01	1.798100e-06
2.028427e+01	1.853625e-06
2.039277e+01	1.807227e-06
2.050113e+01	1.810269e-06
2.060861e+01	1.846779e-06
2.071796e+01	1.817115e-06
2.082771e+01	1.816354e-06
2.093833e+01	1.865034e-06
2.104575e+01	1.815594e-06
2.115347e+01	1.814072e-06
2.126226e+01	1.881007e-06
2.136933e+01	1.820157e-06
2.147890e+01	1.833088e-06
2.158721e+01	1.798100e-06
2.169641e+01	1.842976e-06
2.180546e+01	1.846019e-06
2.191323e+01	1.814833e-06
2.202299e+01	1.837652e-06
2.213176e+01	1.900783e-06
2.223899e+01	1.776041e-06
2.234638e+01	1.859710e-06
2.245433e+01	1.861231e-06
2.256279e+01	1.838413e-06
2.267035e+01	1.875683e-06
2.277774e+01	1.849061e-06
2.288808e+01	1.804945e-06
2.299695e+01	1.890135e-06
2.310607e+01	1.833849e-06
2.321706e+01	1.869597e-06
2.332418e+01	1.855146e-06
2.343187e+01	1.798100e-06
2.353970e+01	1.859710e-06
2.364726e+01	1.852864e-06
2.375659e+01	1.807227e-06
2.386392e+01	1.832328e-06
2.397111e+01	1.847540e-06
2.408051e+01	1.798860e-06
2.418774e+01	1.831567e-06
2.429516e+01	1.819397e-06
2.440274e+01	1.806466e-06
2.451095e+01	1.868076e-06
2.461938e+01	1.820157e-06
2.472761e+01	1.824721e-06
2.483809e+01	1.823960e-06
2.494564e+01	1.823960e-06
2.505631e+01	1.819397e-06
2.516306e+01	1.823960e-06
2.527202e+01	1.816354e-06
2.538097e+01	1.877965e-06
2.549107e+01	1.800382e-06
2.560006e+01	1.881768e-06
2.570796e+01	1.838413e-06
2.581574e+01	1.842976e-06
2.592500e+01	1.814833e-06
2.603409e+01	1.807988e-06
2.614409e+01	1.828524e-06
2.625260e+01	1.846779e-06
2.636152e+01	1.849822e-06
2.646898e+01	1.859710e-06
2.657664e+01	1.812551e-06
2.668649e+01	1.849061e-06
2.679485e+01	1.861991e-06
2.690474e+01	1.883289e-06
2.701086e+01	1.812551e-06
2.712098e+01	1.829284e-06
2.722826e+01	1.812551e-06
2.733615e+01	1.811791e-06
2.744448e+01	1.841455e-06
2.755273e+01	1.831567e-06
2.766146e+01	1.846019e-06
2.777019e+01	1.848300e-06
2.787962e+01	1.821678e-06
2.799141e+01	1.830807e-06
2.809849e+01	1.837652e-06
2.820632e+01	1.818636e-06
2.831894e+01	1.881768e-06
2.842834e+01	1.848300e-06
2.853663e+01	1.864273e-06
2.864500e+01	1.865794e-06
2.875517e+01	1.823200e-06
2.886406e+01	1.831567e-06
2.897065e+01	1.814833e-06
2.908275e+01	1.817875e-06
2.919092e+01	1.841455e-06
2.929822e+01	1.809509e-06
2.940567e+01	1.844497e-06
2.951694e+01	1.881768e-06
2.962397e+01	1.796579e-06
2.973243e+01	1.831567e-06
2.983970e+01	1.847540e-06
2.994794e+01	1.820918e-06
3.005719e+01	1.795818e-06
3.016482e+01	1.820918e-06
3.027113e+01	1.794297e-06
3.037952e+01	1.866555e-06
3.049217e+01	1.822439e-06
3.059954e+01	1.849061e-06
3.070777e+01	1.864273e-06
3.081493e+01	1.812551e-06
3.092140e+01	1.818636e-06
3.103180e+01	1.837652e-06
3.113991e+01	1.796579e-06
3.124827e+01	1.824721e-06
3.135555e+01	1.789732e-06
3.146489e+01	1.817115e-06
3.157400e+01	1.814833e-06
3.168089e+01	1.785929e-06
3.178853e+01	1.838413e-06
3.189813e+01	1.813312e-06
3.200648e+01	1.804945e-06
3.211480e+01	1.834610e-06
3.222537e+01	1.811030e-06
3.233421e+01	1.836891e-06
3.244217e+01	1.836131e-06
3.255195e+01	1.808748e-06
3.265925e+01	1.777563e-06
3.276645e+01	1.869597e-06
3.287448e+01	1.808748e-06
3.298263e+01	1.845258e-06
3.309192e+01	1.852103e-06
3.320039e+01	1.837652e-06
3.330783e+01	1.835370e-06
3.341792e+01	1.836891e-06
3.352719e+01	1.860470e-06
3.363861e+01	1.848300e-06
3.374604e+01	1.814072e-06
3.385557e+01	1.838413e-06
3.396706e+01	1.810269e-06
3.407560e+01	1.809509e-06
3.418287e+01	1.848300e-06
3.429032e+01	1.839934e-06
3.439976e+01	1.851343e-06
3.450804e+01	1.833849e-06
3.461828e+01	1.824721e-06
3.472525e+01	1.849822e-06
3.483461e+01	1.864273e-06
3.494561e+01	1.782126e-06
3.505483e+01	1.791253e-06
3.516519e+01	1.779084e-06
3.527421e+01	1.817875e-06
3.538377e+01	1.868076e-06
3.549102e+01	1.801142e-06
3.559942e+01	1.814072e-06
3.570766e+01	1.823960e-06
3.581446e+01	1.800382e-06
3.592422e+01	1.811030e-06
3.603428e+01	1.823960e-06
3.614335e+01	1.828524e-06
3.625299e+01	1.848300e-06
3.636096e+01	1.804945e-06
3.646871e+01	1.825481e-06
3.657862e+01	1.848300e-06
3.668831e+01	1.795818e-06
3.679621e+01	1.795057e-06
3.690412e+01	1.839934e-06
3.701475e+01	1.820918e-06
3.712313e+01	1.831567e-06
3.723060e+01	1.836131e-06
3.734285e+01	1.811030e-06
3.745210e+01	1.836131e-06
3.756199e+01	1.817115e-06
3.766978e+01	1.820918e-06
3.777957e+01	1.876444e-06
3.788885e+01	1.808748e-06
3.799719e+01	1.824721e-06
3.810406e+01	1.881007e-06
3.821346e+01	1.798860e-06
3.832800e+01	1.814833e-06
3.843529e+01	1.850582e-06
3.854416e+01	1.772238e-06
3.865249e+01	1.832328e-06
3.876112e+01	1.814833e-06
3.887432e+01	1.844497e-06
3.898200e+01	1.803424e-06
3.908897e+01	1.766154e-06
3.920159e+01	1.835370e-06
3.931425e+01	1.810269e-06
3.942350e+01	1.864273e-06
3.953400e+01	1.852103e-06
3.964241e+01	1.795818e-06
3.975051e+01	1.828524e-06
3.985949e+01	1.853625e-06
3.996790e+01	1.816354e-06
4.007607e+01	1.837652e-06
4.018439e+01	1.823200e-06
4.029177e+01	1.804185e-06
4.039863e+01	1.844497e-06
4.050575e+01	1.811791e-06
4.061732e+01	1.833088e-06
4.072588e+01	1.849061e-06
4.083564e+01	1.843737e-06
4.094407e+01	1.835370e-06
4.105205e+01	1.846019e-06
4.115984e+01	1.815594e-06
4.127070e+01	1.823960e-06
4.137952e+01	1.816354e-06
4.148966e+01	1.838413e-06
4.159789e+01	1.840694e-06
4.170627e+01	1.811791e-06
4.181488e+01	1.831567e-06
4.192356e+01	1.796579e-06
4.203403e+01	1.849061e-06
4.214107e+01	1.865034e-06
4.225013e+01	1.803424e-06
4.235674e+01	1.837652e-06
4.246538e+01	1.855146e-06
4.257293e+01	1.822439e-06
4.268222e+01	1.850582e-06
4.279030e+01	1.852103e-06
4.289969e+01	1.823960e-06
4.300779e+01	1.817115e-06
4.311603e+01	1.795818e-06
4.322363e+01	1.836891e-06
4.333197e+01	1.840694e-06
4.344408e+01	1.840694e-06
4.355354e+01	1.871880e-06
4.366180e+01	1.832328e-06
4.377103e+01	1.841455e-06
4.387956e+01	1.857428e-06
4.398936e+01	1.846019e-06
4.409821e+01	1.842976e-06
4.420582e+01	1.844497e-06
4.432005e+01	1.833849e-06
4.443035e+01	1.830807e-06
4.453832e+01	1.874162e-06
4.464554e+01	1.824721e-06
4.475342e+01	1.865034e-06
4.486152e+01	1.830046e-06
4.496971e+01	1.856667e-06
4.507869e+01	1.832328e-06
4.518727e+01	1.856667e-06
4.529704e+01	1.795057e-06
4.540539e+01	1.873401e-06
4.551399e+01	1.875683e-06
4.562265e+01	1.835370e-06
4.573069e+01	1.833088e-06
4.584059e+01	1.827763e-06
4.594803e+01	1.814833e-06
4.605525e+01	1.823200e-06
4.616283e+01	1.807227e-06
4.627036e+01	1.837652e-06
4.637918e+01	1.833849e-06
4.648798e+01	1.807988e-06
4.659649e+01	1.866555e-06
4.670537e+01	1.828524e-06
4.681759e+01	1.815594e-06
4.692631e+01	1.851343e-06
4.703545e+01	1.866555e-06
4.714336e+01	1.814072e-06
4.725210e+01	1.823200e-06
4.735971e+01	1.855146e-06
4.746940e+01	1.840694e-06
4.757780e+01	1.846019e-06
4.768722e+01	1.826242e-06
4.779659e+01	1.855907e-06
4.790302e+01	1.836131e-06
4.800964e+01	1.846779e-06
4.812092e+01	1.832328e-06
4.822972e+01	1.854385e-06
4.833720e+01	1.818636e-06
4.844499e+01	1.836891e-06
4.855508e+01	1.842216e-06
4.866435e+01	1.839934e-06
4.877203e+01	1.849822e-06
4.888009e+01	1.837652e-06
4.898950e+01	1.830046e-06
4.909843e+01	1.801142e-06
4.920725e+01	1.816354e-06
4.931606e+01	1.830807e-06
4.942653e+01	1.829284e-06
4.953477e+01	1.847540e-06
4.964394e+01	1.841455e-06
4.975325e+01	1.842976e-06
4.986219e+01	1.856667e-06
4.996976e+01	1.813312e-06
5.007753e+01	1.843737e-06
5.018657e+01	1.838413e-06
5.029383e+01	1.820157e-06
5.040205e+01	1.820918e-06
5.051125e+01	1.830046e-06
5.062120e+01	1.845258e-06
5.073044e+01	1.826242e-06
5.084002e+01	1.812551e-06
5.094772e+01	1.823960e-06
5.105640e+01	1.868838e-06
5.116665e+01	1.820918e-06
5.127555e+01	1.865034e-06
5.138347e+01	1.860470e-06
5.149259e+01	1.827763e-06
5.160175e+01	1.815594e-06
5.170901e+01	1.849061e-06
5.181890e+01	1.804945e-06
5.192969e+01	1.845258e-06
5.204006e+01	1.823960e-06
5.214735e+01	1.814072e-06
5.225463e+01	1.808748e-06
5.236202e+01	1.820918e-06
5.246978e+01	1.798860e-06
5.257708e+01	1.842976e-06
5.268388e+01	1.802663e-06
5.279266e+01	1.854385e-06
5.290242e+01	1.821678e-06
5.301187e+01	1.833088e-06
5.311877e+01	1.830046e-06
5.322784e+01	1.850582e-06
5.333803e+01	1.839934e-06
5.344780e+01	1.848300e-06
5.355807e+01	1.871880e-06
5.366861e+01	1.876444e-06
5.377761e+01	1.826242e-06
5.388535e+01	1.852864e-06
5.399413e+01	1.839173e-06
5.410110e+01	1.832328e-06
5.420947e+01	1.838413e-06
5.432175e+01	1.830807e-06
5.443799e+01	1.836131e-06
5.454720e+01	1.823200e-06
5.465496e+01	1.824721e-06
5.476306e+01	1.832328e-06
5.487002e+01	1.825481e-06
5.497691e+01	1.790494e-06
5.509257e+01	1.845258e-06
5.520017e+01	1.811791e-06
5.530875e+01	1.816354e-06
5.541561e+01	1.846779e-06
5.552492e+01	1.855146e-06
5.563126e+01	1.813312e-06
5.574125e+01	1.852103e-06
5.584828e+01	1.848300e-06
5.595744e+01	1.845258e-06
5.606831e+01	1.837652e-06
5.617500e+01	1.863513e-06
5.628144e+01	1.843737e-06
5.639178e+01	1.844497e-06
5.650209e+01	1.835370e-06
5.661004e+01	1.821678e-06
5.671923e+01	1.861991e-06
5.682802e+01	1.842976e-06
5.693626e+01	1.849061e-06
5.704578e+01	1.807988e-06
5.715224e+01	1.838413e-06
5.726223e+01	1.792015e-06
5.736982e+01	1.811030e-06
5.747750e+01	1.868076e-06
5.758588e+01	1.839934e-06
5.769661e+01	1.862752e-06
5.780590e+01	1.852864e-06
5.791490e+01	1.836131e-06
5.802685e+01	1.833088e-06
5.813712e+01	1.849061e-06
5.824582e+01	1.812551e-06
5.835726e+01	1.828524e-06
5.846604e+01	1.852864e-06
5.857405e+01	1.830046e-06
5.868225e+01	1.818636e-06
5.879009e+01	1.829284e-06
5.889914e+01	1.813312e-06
5.900962e+01	1.843737e-06
5.911785e+01	1.842216e-06
5.922510e+01	1.820918e-06
5.933336e+01	1.826242e-06
5.944398e+01	1.823200e-06
5.955608e+01	1.829284e-06
5.966448e+01	1.841455e-06
5.977451e+01	1.807988e-06
5.988461e+01	1.849822e-06
5.999338e+01	1.807988e-06
6.010306e+01	9.384339e-04
6.021192e+01	1.159910e-03
6.032195e+01	1.086817e-03
6.043283e+01	1.016237e-03
6.054295e+01	9.594422e-04
6.065286e+01	9.136104e-04
6.076130e+01	8.761780e-04
6.087218e+01	8.479150e-04
6.098100e+01	8.244970e-04
6.109212e+01	8.051126e-04
6.120211e+01	7.901162e-04
6.131236e+01	7.774815e-04
6.142069e+01	7.669478e-04
6.152882e+01	7.579603e-04
6.164011e+01	7.502879e-04
6.175539e+01	7.434431e-04
6.186506e+01	7.379286e-04
6.197498e+01	7.332523e-04
6.208488e+01	7.289928e-04
6.219502e+01	7.255906e-04
6.230351e+01	7.223473e-04
6.241516e+01	7.197688e-04
6.252464e+01	7.170580e-04
6.263258e+01	7.147837e-04
6.274216e+01	7.128312e-04
6.285082e+01	7.112453e-04
6.296027e+01	7.095788e-04
6.306715e+01	7.078240e-04
6.317672e+01	7.062586e-04
6.328685e+01	7.050448e-04
6.339459e+01	7.040301e-04
6.350182e+01	7.028192e-04
6.361104e+01	7.015261e-04
6.371907e+01	7.005791e-04
6.382734e+01	6.996291e-04
6.393612e+01	6.987879e-04
6.404566e+01	6.979497e-04
6.415252e+01	6.972233e-04
6.426561e+01	6.964703e-04
6.437494e+01	6.955758e-04
6.448385e+01	6.948631e-04
6.459575e+01	6.942843e-04
6.470869e+01	6.936514e-04
6.481773e+01	6.931630e-04
6.492587e+01	6.925181e-04
6.503569e+01	6.919020e-04
6.514428e+01	6.914304e-04
6.525336e+01	6.907823e-04
6.536128e+01	6.904896e-04
6.547062e+01	6.900027e-04
6.557884e+01	6.895243e-04
6.568926e+01	6.891083e-04
6.579854e+01	6.887180e-04
6.590703e+01	6.881103e-04
6.601512e+01	6.877506e-04
6.612514e+01	6.873535e-04
6.623373e+01	6.869481e-04
6.634251e+01	6.864887e-04
6.645283e+01	6.862240e-04
6.656072e+01	6.857791e-04
6.666963e+01	6.855098e-04
6.677788e+01	6.853462e-04
6.688891e+01	6.847955e-04
6.699772e+01	6.845225e-04
6.710573e+01	6.842890e-04
6.721433e+01	6.838570e-04
6.732391e+01	6.836972e-04
6.743266e+01	6.832218e-04
6.754110e+01	6.830758e-04
6.765065e+01	6.826521e-04
6.775990e+01	6.824704e-04
6.786830e+01	6.822086e-04
6.797786e+01	6.818937e-04
6.808818e+01	6.816063e-04
6.819595e+01	6.813438e-04
6.830333e+01	6.810152e-04
6.841128e+01	6.809019e-04
6.852120e+01	6.806197e-04
6.862772e+01	6.803793e-04
6.873570e+01	6.802250e-04
6.884563e+01	6.799032e-04
6.895638e+01	6.797290e-04
6.906489e+01	6.794392e-04
6.917456e+01	6.792110e-04
6.928473e+01	6.789410e-04
6.939395e+01	6.787280e-04
6.950313e+01	6.786239e-04
6.961174e+01	6.784543e-04
6.972105e+01	6.781142e-04
6.982779e+01	6.780732e-04
6.993702e+01	6.778215e-04
7.004580e+01	6.774617e-04
7.015491e+01	6.773787e-04
7.026386e+01	6.770859e-04
7.037603e+01	6.768965e-04
7.048683e+01	6.768227e-04
7.059596e+01	6.765155e-04
7.070543e+01	6.764583e-04
7.081521e+01	6.761564e-04
7.092311e+01	6.760599e-04
7.103467e+01	6.758674e-04
7.114204e+01	6.756878e-04
7.125196e+01	6.754779e-04
7.136194e+01	6.753213e-04
7.146868e+01	6.752459e-04
7.157794e+01	6.751342e-04
7.168911e+01	6.747272e-04
7.180128e+01	6.747455e-04
7.190966e+01	6.746473e-04
7.201935e+01	6.744458e-04
7.212857e+01	6.742853e-04
7.223868e+01	6.740784e-04
7.234756e+01	6.740495e-04
7.245709e+01	6.737924e-04
7.256456e+01	6.736273e-04
7.267586e+01	6.736677e-04
7.278543e+01	6.734136e-04
7.289446e+01	6.731900e-04
7.300400e+01	6.731748e-04
7.311225e+01	6.730113e-04
7.322091e+01	6.728705e-04
7.333131e+01	6.727702e-04
7.343930e+01	6.726036e-04
7.354764e+01	6.723427e-04
7.365561e+01	6.724537e-04
7.376515e+01	6.722803e-04
7.387397e+01	6.719860e-04
7.398159e+01	6.721449e-04
7.409209e+01	6.718483e-04
7.420161e+01	6.716209e-04
7.431794e+01	6.715973e-04
7.443016e+01	6.715189e-04
7.453827e+01	6.713995e-04
7.464716e+01	6.713196e-04
7.475662e+01	6.711119e-04
7.486595e+01	6.709910e-04
7.497674e+01	6.709210e-04
7.508511e+01	6.707272e-04
7.519682e+01	6.706868e-04
7.530465e+01	6.705818e-04
7.541196e+01	6.703712e-04
7.551996e+01	6.704761e-04
7.563253e+01	6.702145e-04
7.574182e+01	6.701080e-04
7.585315e+01	6.700365e-04
7.596407e+01	6.699072e-04
7.607220e+01	6.698600e-04
7.617906e+01	6.697117e-04
7.628665e+01	6.696790e-04
7.639638e+01	6.695489e-04
7.650491e+01	6.694234e-04
7.661316e+01	6.693214e-04
7.672052e+01	6.693002e-04
7.682923e+01	6.691762e-04
7.693951e+01	6.689724e-04
7.704634e+01	6.689382e-04
7.715445e+01	6.688241e-04
7.726489e+01	6.688065e-04
7.737557e+01	6.687647e-04
7.748683e+01	6.684445e-04
7.759806e+01	6.684042e-04
7.770816e+01	6.683776e-04
7.781638e+01	6.682491e-04
7.792464e+01	6.682376e-04
7.803250e+01	6.680725e-04
7.814153e+01	6.680498e-04
7.825043e+01	6.679136e-04
7.835733e+01	6.678565e-04
7.846800e+01	6.677797e-04
7.857703e+01	6.677052e-04
7.868690e+01	6.675995e-04
7.879722e+01	6.675028e-04
7.890853e+01	6.674693e-04
7.901937e+01	6.673378e-04
7.912878e+01	6.673994e-04
7.923737e+01	6.671119e-04
7.934461e+01	6.671773e-04
7.945198e+01	6.671020e-04
7.956039e+01	6.670746e-04
7.967297e+01	6.668967e-04
7.978293e+01	6.669331e-04
7.989310e+01	6.668115e-04
8.000106e+01	6.666449e-04
8.011085e+01	6.665939e-04
8.022028e+01	6.664928e-04
8.032710e+01	6.664912e-04
8.043565e+01	6.664213e-04
8.054306e+01	6.663460e-04
8.065338e+01	6.663619e-04
8.076066e+01	6.661908e-04
8.086889e+01	6.661162e-04
8.098138e+01	6.661178e-04
8.109211e+01	6.658834e-04
8.120224e+01	6.659162e-04
8.131200e+01	6.658355e-04
8.142188e+01	6.656887e-04
8.153043e+01	6.657139e-04
8.164313e+01	6.656088e-04
8.175441e+01	6.654400e-04
8.186241e+01	6.655176e-04
8.197227e+01	6.653914e-04
8.208374e+01	6.653671e-04
8.219279e+01	6.653411e-04
8.230310e+01	6.652042e-04
8.241353e+01	6.584339e-04
8.252175e+01	6.655481e-04
8.263231e+01	6.657907e-04
8.274342e+01	6.657352e-04
8.285438e+01	6.656827e-04
8.296392e+01	6.656850e-04
8.307515e+01	6.655952e-04
8.318237e+01	6.654750e-04
8.329188e+01	6.654940e-04
8.340317e+01	6.653914e-04
8.350987e+01	6.653183e-04
8.361976e+01	6.653221e-04
8.372915e+01	6.652461e-04
8.383923e+01	6.651929e-04
8.394773e+01	6.651243e-04
8.405732e+01	6.650552e-04
8.416698e+01	6.650605e-04
8.427580e+01	6.648947e-04
8.438628e+01	6.648605e-04
8.449461e+01	6.648080e-04
8.460417e+01	6.648650e-04
8.471425e+01	6.647281e-04
8.482501e+01	6.646703e-04
8.493529e+01	6.646916e-04
8.504466e+01	6.645121e-04
8.515513e+01	6.645524e-04
8.526338e+01	6.643805e-04
8.537299e+01	6.643569e-04
8.548379e+01	6.642359e-04
8.559453e+01	6.643706e-04
8.570337e+01	6.643463e-04
8.581016e+01	6.640823e-04
8.591874e+01	6.641531e-04
8.602848e+01	6.641957e-04
8.613969e+01	6.639774e-04
8.624950e+01	6.639470e-04
8.636317e+01	6.639150e-04
8.647203e+01	6.638572e-04
8.658031e+01	6.636883e-04
8.668895e+01	6.637925e-04
8.679586e+01	6.637119e-04
8.690537e+01	6.635894e-04
8.701308e+01	6.636625e-04
8.712350e+01	6.635879e-04
8.723206e+01	6.635316e-04
8.734084e+01	6.634435e-04
8.744907e+01	6.634548e-04
8.755691e+01	6.633506e-04
8.766620e+01	6.632875e-04
8.777427e+01	6.633590e-04
8.788359e+01	6.631415e-04
8.799312e+01	6.631718e-04
8.810271e+01	6.631932e-04
8.821219e+01	6.630426e-04
8.832190e+01	6.630517e-04
8.843075e+01	6.630221e-04
8.853908e+01	6.630418e-04
8.865034e+01	6.628601e-04
8.875896e+01	6.628874e-04
8.886781e+01	6.628714e-04
8.897801e+01	6.627246e-04
8.908631e+01	6.628113e-04
8.919570e+01	6.627064e-04
8.930907e+01	6.627581e-04
8.941922e+01	6.626798e-04
8.952748e+01	6.626447e-04
8.963620e+01	6.625816e-04
8.974300e+01	6.626599e-04
8.985172e+01	6.625513e-04
8.996195e+01	6.625581e-04
9.006918e+01	6.625094e-04
9.017883e+01	6.624562e-04
9.028694e+01	6.624006e-04
9.039772e+01	6.622957e-04
9.050727e+01	6.622690e-04
9.061611e+01	6.622538e-04
9.072485e+01	6.621527e-04
9.083509e+01	6.621200e-04
9.094302e+01	6.620613e-04
9.105400e+01	6.621245e-04
9.116303e+01	6.620211e-04
9.127364e+01	6.620127e-04
9.138129e+01	6.620089e-04
9.148955e+01	6.619062e-04
9.160143e+01	6.618704e-04
9.171066e+01	6.618066e-04
9.181988e+01	6.617814e-04
9.192954e+01	6.617397e-04
9.203758e+01	6.616727e-04
9.214735e+01	6.616765e-04
9.225682e+01	6.617069e-04
9.236639e+01	6.616719e-04
9.247349e+01	6.616148e-04
9.258481e+01	6.614460e-04
9.269389e+01	6.614742e-04
9.280163e+01	6.613821e-04
9.291266e+01	6.614643e-04
9.302105e+01	6.613746e-04
9.314025e+01	6.613426e-04
9.324887e+01	6.613281e-04
9.335897e+01	6.612605e-04
9.346602e+01	6.612400e-04
9.357770e+01	6.612376e-04
9.368877e+01	6.611007e-04
9.379781e+01	6.611813e-04
9.390803e+01	6.612749e-04
9.401622e+01	6.610901e-04
9.412530e+01	6.610650e-04
9.423547e+01	6.610908e-04
9.434513e+01	6.610254e-04
9.445597e+01	6.609387e-04
9.456403e+01	6.609782e-04
9.467341e+01	6.609433e-04
9.478163e+01	6.609228e-04
9.488978e+01	6.609136e-04
9.499824e+01	6.608414e-04
9.511455e+01	6.607789e-04
9.522484e+01	6.607508e-04
9.533510e+01	6.607637e-04
9.544450e+01	6.608041e-04
9.555472e+01	6.605736e-04
9.566316e+01	6.605743e-04
9.577401e+01	6.607014e-04
9.588339e+01	6.604891e-04
9.599407e+01	6.604648e-04
9.610640e+01	6.604816e-04
9.621667e+01	6.605370e-04
9.632480e+01	6.605226e-04
9.643528e+01	6.604626e-04
9.654655e+01	6.605416e-04
9.665490e+01	6.602845e-04
9.676320e+01	6.603439e-04
9.687382e+01	6.602009e-04
9.698251e+01	6.601819e-04
9.709298e+01	6.601499e-04
9.720101e+01	6.601728e-04
9.731365e+01	6.601545e-04
9.742166e+01	6.600282e-04
9.753014e+01	6.600381e-04
9.764394e+01	6.600640e-04
9.775429e+01	6.599803e-04
9.786357e+01	6.600525e-04
9.797424e+01	6.600260e-04
9.808329e+01	6.599096e-04
9.819178e+01	6.598548e-04
9.830152e+01	6.598381e-04
9.840938e+01	6.599081e-04
9.851927e+01	6.598016e-04
9.862828e+01	6.597316e-04
9.873681e+01	6.597780e-04
9.884384e+01	6.597704e-04
9.895223e+01	6.597027e-04
9.906261e+01	6.597316e-04
9.917424e+01	6.597050e-04
9.928181e+01	6.596943e-04
9.939056e+01	6.597133e-04
9.949814e+01	6.595605e-04
9.960665e+01	6.595346e-04
9.971688e+01	6.595217e-04
9.982583e+01	6.595323e-04
9.993502e+01	6.595201e-04
1.000433e+02	6.594669e-04
1.001517e+02	6.594312e-04
1.002609e+02	6.593764e-04
1.003709e+02	6.593528e-04
1.004802e+02	6.593422e-04
1.005936e+02	6.593102e-04
1.007018e+02	6.593369e-04
1.008108e+02	6.593384e-04
1.009195e+02	6.592539e-04
1.010312e+02	6.592045e-04
1.011482e+02	6.593208e-04
1.012576e+02	6.592106e-04
1.013655e+02	6.591725e-04
1.014737e+02	6.591771e-04
1.015850e+02	6.591566e-04
1.016929e+02	6.590592e-04
1.018011e+02	6.590493e-04
1.019097e+02	6.590288e-04
1.020194e+02	6.590303e-04
1.021297e+02	6.590326e-04
1.022373e+02	6.590045e-04
1.023459e+02	6.589376e-04
1.024559e+02	6.590310e-04
1.025631e+02	6.588508e-04
1.026714e+02	6.587687e-04
1.027813e+02	6.589550e-04
1.028902e+02	6.588455e-04
1.030049e+02	6.587953e-04
1.031133e+02	6.586987e-04
1.032228e+02	6.588211e-04
1.033293e+02	6.587520e-04
1.034389e+02	6.587169e-04
1.035466e+02	6.586295e-04
1.036574e+02	6.587078e-04
1.037666e+02	6.587085e-04
1.038754e+02	6.585176e-04
1.039862e+02	6.588006e-04
1.040945e+02	6.586614e-04
1.042049e+02	6.583777e-04
1.043149e+02	6.584249e-04
1.044235e+02	6.586370e-04
1.045348e+02	6.585108e-04
1.046441e+02	6.584385e-04
1.047543e+02	6.583952e-04
1.048635e+02	6.583686e-04
1.049728e+02	6.583785e-04
1.050838e+02	6.584979e-04
1.051937e+02	6.584432e-04
1.053046e+02	6.583397e-04
1.054123e+02	6.584385e-04
1.055203e+02	6.584538e-04
1.056286e+02	6.583792e-04
1.057372e+02	6.583617e-04
1.058445e+02	6.581975e-04
1.059538e+02	6.581450e-04
1.060680e+02	6.581792e-04
1.061758e+02	6.581929e-04
1.062830e+02	6.581207e-04
1.063923e+02	6.582339e-04
1.065023e+02	6.580955e-04
1.066109e+02	6.580932e-04
1.067189e+02	6.581313e-04
1.068282e+02	6.582004e-04
1.069375e+02	6.580179e-04
1.070488e+02	6.513016e-04
1.071579e+02	6.587427e-04
1.072674e+02	6.586622e-04
1.073784e+02	6.587573e-04
1.074906e+02	6.588531e-04
1.075990e+02	6.586043e-04
1.077106e+02	6.586052e-04
1.078190e+02	6.586751e-04
1.079275e+02	6.586348e-04
1.080370e+02	6.585930e-04
1.081476e+02	6.587412e-04
1.082563e+02	6.584249e-04
1.083647e+02	6.585078e-04
1.084744e+02	6.585313e-04
1.085831e+02	6.584507e-04
1.086920e+02	6.584127e-04
1.088002e+02	6.584295e-04
1.089090e+02	6.586180e-04
1.090178e+02	6.586630e-04
1.091268e+02	6.583800e-04
1.092360e+02	6.582203e-04
1.093433e+02	6.583785e-04
1.094528e+02	6.582993e-04
1.095638e+02	6.582659e-04
1.096731e+02	6.584849e-04
1.097863e+02	6.582948e-04
1.098973e+02	6.580932e-04
1.100081e+02	6.581693e-04
1.101200e+02	6.583503e-04
1.102294e+02	6.583427e-04
1.103414e+02	6.581183e-04
1.104508e+02	6.582050e-04
1.105592e+02	6.582134e-04
1.106668e+02	6.581305e-04
1.107788e+02	6.581207e-04
1.108907e+02	6.583001e-04
1.110007e+02	6.580119e-04
1.111111e+02	6.579015e-04
1.112184e+02	6.581693e-04
1.113272e+02	6.579161e-04
1.114424e+02	6.580932e-04
1.115497e+02	6.581207e-04
1.116604e+02	6.578559e-04
1.117712e+02	6.579898e-04
1.118804e+02	6.579640e-04
1.119905e+02	6.578201e-04
1.120988e+02	6.580134e-04
1.122074e+02	6.579031e-04
1.123180e+02	6.578932e-04
1.124258e+02	6.577859e-04
1.125338e+02	6.577936e-04
1.126425e+02	6.579342e-04
1.127516e+02	6.577585e-04
1.128605e+02	6.576863e-04
1.129703e+02	6.577806e-04
1.130782e+02	6.578779e-04
1.131907e+02	6.577289e-04
1.133001e+02	6.575943e-04
1.134080e+02	6.577075e-04
1.135164e+02	6.577737e-04
1.136322e+02	6.578377e-04
1.137406e+02	6.576817e-04
1.138492e+02	6.574246e-04
1.139590e+02	6.575311e-04
1.140707e+02	6.576262e-04
1.141783e+02	6.577380e-04
1.142889e+02	6.577457e-04
1.143973e+02	6.574505e-04
1.145070e+02	6.574391e-04
1.146182e+02	6.575684e-04
1.147263e+02	6.576680e-04
1.148357e+02	6.577494e-04
1.149459e+02	6.574369e-04
1.150556e+02	6.573007e-04
1.151640e+02	6.573897e-04
1.152737e+02	6.573029e-04
1.153823e+02	6.575106e-04
1.154888e+02	6.573585e-04
1.155984e+02	6.572892e-04
1.157085e+02	6.574261e-04
1.158157e+02	6.575022e-04
1.159257e+02	6.572612e-04
1.160361e+02	6.571661e-04
1.161463e+02	6.574133e-04
1.162546e+02	6.571904e-04
1.163652e+02	6.573782e-04
1.164744e+02	6.572322e-04
1.165836e+02	6.572337e-04
1.166932e+02	6.572102e-04
1.168041e+02	6.571789e-04
1.169137e+02	6.571691e-04
1.170241e+02	6.571417e-04
1.171363e+02	6.572915e-04
1.172449e+02	6.572983e-04
1.173545e+02	6.571029e-04
1.174645e+02	6.571409e-04
1.175722e+02	6.571197e-04
1.176866e+02	6.571592e-04
1.177961e+02	6.570937e-04
1.179044e+02	6.570915e-04
1.180127e+02	6.570983e-04
1.181225e+02	6.570930e-04
1.182316e+02	6.570937e-04
1.183408e+02	6.571173e-04
1.184495e+02	6.570557e-04
1.185582e+02	6.571197e-04
1.186687e+02	6.570352e-04
1.187793e+02	6.570154e-04
1.188879e+02	6.570193e-04
1.189996e+02	6.570352e-04
1.191088e+02	6.568960e-04
1.192170e+02	6.569249e-04
1.193286e+02	6.568617e-04
1.194381e+02	6.568952e-04
1.195493e+02	6.568511e-04
1.196601e+02	6.569310e-04
1.197698e+02	6.568754e-04
1.198792e+02	6.568230e-04
1.199881e+02	6.569531e-04
1.200983e+02	6.569105e-04
1.202078e+02	6.567492e-04
1.203171e+02	6.567021e-04
1.204247e+02	6.568603e-04
1.205343e+02	6.567339e-04
1.206432e+02	6.566816e-04
1.207555e+02	6.566617e-04
1.208652e+02	6.565880e-04
1.209726e+02	6.566959e-04
1.210806e+02	6.567355e-04
1.211911e+02	6.566785e-04
1.213019e+02	6.566237e-04
1.214120e+02	6.566434e-04
1.215221e+02	6.566571e-04
1.216315e+02	6.565309e-04
1.217398e+02	6.564602e-04
1.218529e+02	6.566807e-04
1.219645e+02	6.563948e-04
1.220772e+02	6.565538e-04
1.222136e+02	6.564077e-04
1.223264e+02	6.566366e-04
1.224338e+02	6.564655e-04
1.225441e+02	6.563004e-04
1.226528e+02	6.565538e-04
1.227631e+02	6.566191e-04
1.228756e+02	6.564579e-04
1.229839e+02	6.563628e-04
1.230936e+02	6.563050e-04
1.232037e+02	6.563468e-04
1.233130e+02	6.565446e-04
1.234225e+02	6.562997e-04
1.235318e+02	6.561834e-04
1.236418e+02	6.563028e-04
1.237541e+02	6.564168e-04
1.238645e+02	6.564633e-04
1.239736e+02	6.563499e-04
1.240830e+02	6.562350e-04
1.241929e+02	6.560669e-04
1.243084e+02	6.561841e-04
1.244169e+02	6.563302e-04
1.245263e+02	6.563644e-04
1.246364e+02	6.562000e-04
1.247473e+02	6.561179e-04
1.248585e+02	6.560624e-04
1.249680e+02	6.561011e-04
1.250783e+02	6.560289e-04
1.251915e+02	6.561673e-04
1.253006e+02	6.561035e-04
1.254086e+02	6.560768e-04
1.255162e+02	6.561887e-04
1.256245e+02	6.560494e-04
1.257330e+02	6.560532e-04
1.258424e+02	6.560183e-04
1.259535e+02	6.560106e-04
1.260621e+02	6.560464e-04
1.261736e+02	6.559841e-04
1.262825e+02	6.560205e-04
1.263918e+02	6.560874e-04
1.265006e+02	6.561300e-04
1.266108e+02	6.561309e-04
1.267199e+02	6.558220e-04
1.268291e+02	6.559894e-04
1.269382e+02	6.560693e-04
1.270464e+02	6.559726e-04
1.271573e+02	6.560068e-04
1.272645e+02	6.559117e-04
1.273737e+02	6.559741e-04
1.274842e+02	6.558311e-04
1.275966e+02	6.558676e-04
1.277062e+02	6.559574e-04
1.278168e+02	6.559514e-04
1.279273e+02	6.558676e-04
1.280370e+02	6.558806e-04
1.281454e+02	6.558501e-04
1.282558e+02	6.558547e-04
1.283653e+02	6.558501e-04
1.284772e+02	6.558031e-04
1.285873e+02	6.556524e-04
1.286981e+02	6.557186e-04
1.288086e+02	6.558236e-04
1.289169e+02	6.492312e-04
1.290247e+02	6.564898e-04
1.291331e+02	6.568138e-04
1.292425e+02	6.566260e-04
1.293501e+02	6.566397e-04
1.294606e+02	6.567105e-04
1.295713e+02	6.566792e-04
1.296812e+02	6.566039e-04
1.297915e+02	6.565750e-04
1.298997e+02	6.566913e-04
1.300084e+02	6.565864e-04
1.301172e+02	6.565363e-04
1.302250e+02	6.565438e-04
1.303345e+02	6.566366e-04
1.304451e+02	6.565248e-04
1.305577e+02	6.564800e-04
1.306667e+02	6.565180e-04
1.307762e+02	6.564472e-04
1.308845e+02	6.564807e-04
1.309938e+02	6.564814e-04
1.311040e+02	6.564602e-04
1.312128e+02	6.564730e-04
1.313201e+02	6.564944e-04
1.314296e+02	6.563567e-04
1.315433e+02	6.564046e-04
1.316531e+02	6.564260e-04
1.317645e+02	6.564267e-04
1.318757e+02	6.562693e-04
1.319874e+02	6.563202e-04
1.320989e+02	6.563194e-04
1.322101e+02	6.563454e-04
1.323188e+02	6.563933e-04
1.324282e+02	6.562662e-04
1.325361e+02	6.563454e-04
1.326452e+02	6.563605e-04
1.327545e+02	6.563788e-04
1.328618e+02	6.564183e-04
1.329707e+02	6.562700e-04
1.330805e+02	6.564397e-04
1.331879e+02	6.562989e-04
1.332961e+02	6.563103e-04
1.334065e+02	6.562860e-04
1.335150e+02	6.562571e-04
1.336248e+02	6.562533e-04
1.337348e+02	6.561825e-04
1.338456e+02	6.562503e-04
1.339553e+02	6.561810e-04
1.340666e+02	6.562160e-04
1.341766e+02	6.562214e-04
1.342860e+02	6.561605e-04
1.343966e+02	6.561567e-04
1.345077e+02	6.561803e-04
1.346165e+02	6.561536e-04
1.347255e+02	6.561408e-04
1.348363e+02	6.561490e-04
1.349443e+02	6.561902e-04
1.350531e+02	6.561126e-04
1.351617e+02	6.560015e-04
1.352697e+02	6.561255e-04
1.353780e+02	6.559757e-04
1.354882e+02	6.559201e-04
1.355979e+02	6.560859e-04
1.357053e+02	6.560890e-04
1.358188e+02	6.560068e-04
1.359284e+02	6.559733e-04
1.360374e+02	6.561803e-04
1.361470e+02	6.559764e-04
1.362576e+02	6.559916e-04
1.363692e+02	6.560464e-04
1.364775e+02	6.559764e-04
1.365865e+02	6.559278e-04
1.366960e+02	6.560556e-04
1.368060e+02	6.559254e-04
1.369142e+02	6.560130e-04
1.370227e+02	6.560183e-04
1.371330e+02	6.558867e-04
1.372429e+02	6.559719e-04
1.373553e+02	6.559802e-04
1.374641e+02	6.559772e-04
1.375741e+02	6.558448e-04
1.376852e+02	6.558882e-04
1.377935e+02	6.558608e-04
1.379041e+02	6.558623e-04
1.380134e+02	6.558084e-04
1.381217e+02	6.558554e-04
1.382295e+02	6.558197e-04
1.383391e+02	6.558007e-04
1.384474e+02	6.558456e-04
1.385555e+02	6.557726e-04
1.386656e+02	6.556722e-04
1.387760e+02	6.557748e-04
1.388829e+02	6.557947e-04
1.389913e+02	6.558060e-04
1.391003e+02	6.556577e-04
1.392113e+02	6.557331e-04
1.393247e+02	6.557757e-04
1.394326e+02	6.557505e-04
1.395425e+02	6.557117e-04
1.396528e+02	6.557399e-04
1.397631e+02	6.557315e-04
1.398735e+02	6.556661e-04
1.399834e+02	6.556828e-04
1.400918e+02	6.556425e-04
1.402005e+02	6.556851e-04
1.403127e+02	6.556585e-04
1.404228e+02	6.557353e-04
1.405302e+02	6.557003e-04
1.406379e+02	6.556327e-04
1.407486e+02	6.556919e-04
1.408586e+02	6.556402e-04
1.409693e+02	6.557064e-04
1.410775e+02	6.556274e-04
1.411839e+02	6.556022e-04
1.412935e+02	6.556402e-04
1.414031e+02	6.556380e-04
1.415097e+02	6.555976e-04
1.416186e+02	6.555528e-04
1.417286e+02	6.556227e-04
1.418390e+02	6.555916e-04
1.419477e+02	6.556022e-04
1.420554e+02	6.555543e-04
1.421679e+02	6.556250e-04
1.422781e+02	6.555711e-04
1.423863e+02	6.555550e-04
1.424985e+02	6.555201e-04
1.426054e+02	6.555330e-04
1.427157e+02	6.554378e-04
1.428242e+02	6.555216e-04
1.429312e+02	6.555018e-04
1.430406e+02	6.554896e-04
1.431519e+02	6.554767e-04
1.432583e+02	6.555406e-04
1.433656e+02	6.554036e-04
1.434736e+02	6.554501e-04
1.435819e+02	6.554577e-04
1.436903e+02	6.554310e-04
1.437980e+02	6.554570e-04
1.439073e+02	6.554440e-04
1.440160e+02	6.553078e-04
1.441250e+02	6.553239e-04
1.442333e+02	6.553877e-04
1.443437e+02	6.553398e-04
1.444525e+02	6.553839e-04
1.445632e+02	6.553603e-04
1.446722e+02	6.553497e-04
1.447824e+02	6.552957e-04
1.448921e+02	6.553063e-04
1.450007e+02	6.552797e-04
1.451201e+02	6.553184e-04
1.452283e+02	6.552531e-04
1.453361e+02	6.552485e-04
1.454442e+02	6.553345e-04
1.455532e+02	6.553535e-04
1.456616e+02	6.551877e-04
1.457715e+02	6.552508e-04
1.458787e+02	6.553451e-04
1.459909e+02	6.552546e-04
1.460990e+02	6.551701e-04
1.462090e+02	6.552599e-04
1.463172e+02	6.552310e-04
1.464281e+02	6.552272e-04
1.465383e+02	6.552142e-04
1.466463e+02	6.551839e-04
1.467572e+02	6.551663e-04
1.468641e+02	6.551451e-04
1.469734e+02	6.552226e-04
1.470801e+02	6.551329e-04
1.471929e+02	6.553321e-04
1.473010e+02	6.550933e-04
1.474108e+02	6.552014e-04
1.475209e+02	6.551032e-04
1.476285e+02	6.550972e-04
1.477376e+02	6.552614e-04
1.478443e+02	6.551184e-04
1.479537e+02	6.551321e-04
1.480635e+02	6.551047e-04
1.481720e+02	6.550972e-04
1.482806e+02	6.550469e-04
1.483874e+02	6.551169e-04
1.484957e+02	6.550257e-04
1.486060e+02	6.550249e-04
1.487149e+02	6.551701e-04
1.488235e+02	6.550438e-04
1.489337e+02	6.550903e-04
1.490430e+02	6.551390e-04
1.491495e+02	6.549679e-04
1.492595e+02	6.550013e-04
1.493685e+02	6.550820e-04
1.494776e+02	6.550743e-04
1.495850e+02	6.548621e-04
1.496935e+02	6.551010e-04
1.498030e+02	6.551314e-04
1.499109e+02	6.548195e-04
1.500203e+02	6.548910e-04
1.501284e+02	6.550857e-04
1.502369e+02	6.550614e-04
1.503455e+02	6.549876e-04
1.504534e+02	6.548743e-04
1.505606e+02	6.548081e-04
1.506695e+02	6.548910e-04
1.507787e+02	6.551443e-04
1.508880e+02	6.549169e-04
1.509964e+02	6.546827e-04
1.511061e+02	6.547997e-04
1.512158e+02	6.550493e-04
1.513238e+02	6.548431e-04
1.514308e+02	6.546401e-04
1.515387e+02	6.550485e-04
1.516460e+02	6.549230e-04
1.517534e+02	6.548431e-04
1.518607e+02	6.547473e-04
1.519714e+02	6.548271e-04
1.520800e+02	6.550226e-04
1.521900e+02	6.548021e-04
1.522981e+02	6.546743e-04
1.524068e+02	6.548180e-04
1.525172e+02	6.549427e-04
1.526278e+02	6.546416e-04
1.527358e+02	6.549747e-04
1.528440e+02	6.548286e-04
1.529540e+02	6.548202e-04
1.530610e+02	6.549199e-04
1.531697e+02	6.546948e-04
1.532773e+02	6.547542e-04
1.533864e+02	6.548401e-04
1.534953e+02	6.546955e-04
1.536031e+02	6.548370e-04
1.537108e+02	6.547047e-04
1.538206e+02	6.545997e-04
1.539292e+02	6.548096e-04
1.540380e+02	6.547297e-04
1.541471e+02	6.546119e-04
1.542570e+02	6.547595e-04
1.543686e+02	6.546028e-04
1.544780e+02	6.547350e-04
1.545848e+02	6.546971e-04
1.546937e+02	6.546476e-04
1.548021e+02	6.546666e-04
1.549087e+02	6.547922e-04
1.550169e+02	6.546149e-04
1.551252e+02	6.544423e-04
1.552341e+02	6.545838e-04
1.553429e+02	6.548842e-04
1.554501e+02	6.545959e-04
1.555596e+02	6.545593e-04
1.556695e+02	6.546370e-04
1.557786e+02	6.545906e-04
1.558858e+02	6.546202e-04
1.559959e+02	6.546004e-04
1.561047e+02	6.546156e-04
1.562119e+02	6.545244e-04
1.563222e+02	6.546149e-04
1.564320e+02	6.545776e-04
1.565403e+02	6.546058e-04
1.566513e+02	6.545730e-04
1.567622e+02	6.546635e-04
1.568700e+02	6.544993e-04
1.569796e+02	6.544856e-04
1.570877e+02	6.545070e-04
1.571960e+02	6.545183e-04
1.573040e+02	6.545282e-04
1.574130e+02	6.545441e-04
1.575218e+02	6.545001e-04
1.576290e+02	6.544209e-04
1.577383e+02	6.544796e-04
1.578476e+02	6.545138e-04
1.579559e+02	6.545304e-04
1.580635e+02	6.545997e-04
1.581727e+02	6.544392e-04
1.582805e+02	6.544370e-04
1.583901e+02	6.544803e-04
1.584976e+02	6.545328e-04
1.586057e+02	6.544697e-04
1.587156e+02	6.545046e-04
1.588252e+02	6.546050e-04
1.589339e+02	6.544377e-04
1.590428e+02	6.544628e-04
1.591500e+02	6.545214e-04
1.592582e+02	6.543616e-04
1.593699e+02	6.543494e-04
1.594784e+02	6.544452e-04
1.595866e+02	6.544301e-04
1.596965e+02	6.544262e-04
1.598037e+02	6.544498e-04
1.599138e+02	6.544589e-04
1.600219e+02	6.543655e-04
1.601300e+02	6.544110e-04
1.602377e+02	6.544354e-04
1.603463e+02	6.543807e-04
1.604530e+02	6.543768e-04
1.605622e+02	6.544278e-04
1.606724e+02	6.543852e-04
1.607795e+02	6.542179e-04
1.608865e+02	6.544225e-04
1.609956e+02	6.542757e-04
1.611070e+02	6.543176e-04
1.612149e+02	6.543229e-04
1.613236e+02	6.543229e-04
1.614319e+02	6.542764e-04
1.615423e+02	6.542818e-04
1.616500e+02	6.480150e-04
1.617604e+02	6.539638e-04
1.618708e+02	6.545838e-04
1.619811e+02	6.546209e-04
1.620895e+02	6.547244e-04
1.622018e+02	6.547039e-04
1.623088e+02	6.547321e-04
1.624165e+02	6.547253e-04
1.625241e+02	6.547070e-04
1.626328e+02	6.546674e-04
1.627397e+02	6.546408e-04
1.628492e+02	6.547343e-04
1.629572e+02	6.546454e-04
1.630683e+02	6.546355e-04
1.631779e+02	6.546704e-04
1.632882e+02	6.545853e-04
1.633968e+02	6.546416e-04
1.635063e+02	6.546165e-04
1.636143e+02	6.546370e-04
1.637225e+02	6.546035e-04
1.638294e+02	6.545875e-04
1.639364e+02	6.545883e-04
1.640440e+02	6.546264e-04
1.641517e+02	6.544810e-04
1.642602e+02	6.545496e-04
1.643673e+02	6.545427e-04
1.644767e+02	6.545092e-04
1.645850e+02	6.544521e-04
1.646945e+02	6.545571e-04
1.648031e+02	6.544962e-04
1.649128e+02	6.545670e-04
1.650230e+02	6.545054e-04
1.651293e+02	6.545457e-04
1.652419e+02	6.544620e-04
1.653511e+02	6.544849e-04
1.654608e+02	6.544415e-04
1.655690e+02	6.544126e-04
1.656776e+02	6.544887e-04
1.657851e+02	6.544415e-04
1.658954e+02	6.544262e-04
1.660026e+02	6.545015e-04
1.661107e+02	6.544986e-04
1.662199e+02	6.544909e-04
1.663270e+02	6.544864e-04
1.664354e+02	6.544955e-04
1.665428e+02	6.545191e-04
1.666511e+02	6.545123e-04
1.667593e+02	6.544262e-04
1.668671e+02	6.544598e-04
1.669766e+02	6.544887e-04
1.670867e+02	6.545031e-04
1.671946e+02	6.544575e-04
1.673039e+02	6.544452e-04
1.674150e+02	6.544339e-04
1.675236e+02	6.544065e-04
1.676323e+02	6.543403e-04
1.677411e+02	6.544719e-04
1.678484e+02	6.543646e-04
1.679579e+02	6.544218e-04
1.680642e+02	6.544461e-04
1.681714e+02	6.543951e-04
1.682797e+02	6.542810e-04
1.683881e+02	6.544438e-04
1.684972e+02	6.544057e-04
1.686086e+02	6.543213e-04
1.687190e+02	6.543631e-04
1.688253e+02	6.543982e-04
1.689361e+02	6.543031e-04
1.690445e+02	6.542719e-04
1.691538e+02	6.543251e-04
1.692647e+02	6.542878e-04
1.693734e+02	6.542878e-04
1.694817e+02	6.543320e-04
1.695900e+02	6.543510e-04
1.696978e+02	6.543799e-04
1.698059e+02	6.543609e-04
1.699141e+02	6.543244e-04
1.700234e+02	6.542627e-04
1.701316e+02	6.542841e-04
1.702414e+02	6.542240e-04
1.703482e+02	6.542947e-04
1.704565e+02	6.543388e-04
1.705637e+02	6.542461e-04
1.706719e+02	6.542035e-04
1.707808e+02	6.543053e-04
1.708901e+02	6.541707e-04
1.709986e+02	6.542399e-04
1.711058e+02	6.542567e-04
1.712148e+02	6.540802e-04
1.713245e+02	6.542384e-04
1.714332e+02	6.541898e-04
1.715410e+02	6.542118e-04
1.716501e+02	6.541198e-04
1.717585e+02	6.541646e-04
1.718672e+02	6.541456e-04
1.719745e+02	6.541479e-04
1.720842e+02	6.541790e-04
1.721941e+02	6.542461e-04
1.723044e+02	6.542125e-04
1.724146e+02	6.541821e-04
1.725249e+02	6.541228e-04
1.726338e+02	6.541973e-04
1.727415e+02	6.540923e-04
1.728528e+02	6.541320e-04
1.729593e+02	6.542026e-04
1.730668e+02	6.542133e-04
1.731755e+02	6.541753e-04
1.732838e+02	6.541335e-04
1.733915e+02	6.542475e-04
1.734997e+02	6.540772e-04
1.736075e+02	6.542962e-04
1.737158e+02	6.542262e-04
1.738227e+02	6.541746e-04
1.739311e+02	6.540748e-04
1.740405e+02	6.541653e-04
1.741481e+02	6.540620e-04
1.742572e+02	6.540459e-04
1.743661e+02	6.540459e-04
1.744756e+02	6.542803e-04
1.745861e+02	6.540437e-04
1.746954e+02	6.540620e-04
1.748029e+02	6.541441e-04
1.749099e+02	6.540596e-04
1.750181e+02	6.540498e-04
1.751266e+02	6.541380e-04
1.752352e+02	6.539631e-04
1.753436e+02	6.473769e-04
1.754529e+02	6.542461e-04
1.755611e+02	6.545913e-04
1.756690e+02	6.545328e-04
1.757775e+02	6.546567e-04
1.758864e+02	6.546073e-04
1.759940e+02	6.543951e-04
1.761036e+02	6.546209e-04
1.762129e+02	6.544962e-04
1.763247e+02	6.545427e-04
1.764326e+02	6.546598e-04
1.765401e+02	6.545769e-04
1.766470e+02	6.544354e-04
1.767557e+02	6.546271e-04
1.768646e+02	6.544209e-04
1.769744e+02	6.545304e-04
1.770826e+02	6.544589e-04
1.771909e+02	6.545867e-04
1.772973e+02	6.544871e-04
1.774106e+02	6.542962e-04
1.775191e+02	6.545769e-04
1.776273e+02	6.544483e-04
1.777377e+02	6.543503e-04
1.778447e+02	6.545403e-04
1.779528e+02	6.543882e-04
1.780609e+02	6.542324e-04
1.781698e+02	6.545335e-04
1.782787e+02	6.545556e-04
1.783862e+02	6.543053e-04
1.784931e+02	6.543008e-04
1.786004e+02	6.545138e-04
1.787091e+02	6.545959e-04
1.788200e+02	6.544255e-04
1.789272e+02	6.542187e-04
1.790376e+02	6.544688e-04
1.791458e+02	6.545951e-04
1.792531e+02	6.543913e-04
1.793608e+02	6.543845e-04
1.794685e+02	6.542559e-04
1.795749e+02	6.543366e-04
1.796842e+02	6.543494e-04
1.797923e+02	6.543905e-04
1.799029e+02	6.544887e-04
1.800124e+02	6.546081e-04
1.801223e+02	6.543053e-04
1.802325e+02	6.543845e-04
1.803421e+02	6.544742e-04
1.804506e+02	6.542589e-04
1.805596e+02	6.543730e-04
1.806697e+02	6.543121e-04
1.807779e+02	6.543783e-04
1.808887e+02	6.543304e-04
1.809975e+02	6.543472e-04
1.811073e+02	6.544042e-04
1.812196e+02	6.544415e-04
1.813288e+02	6.543799e-04
1.814377e+02	6.543662e-04
1.815500e+02	6.543540e-04
1.816587e+02	6.544438e-04
1.817657e+02	6.543114e-04
1.818767e+02	6.543015e-04
1.819848e+02	6.543905e-04
1.820917e+02	6.543951e-04
1.822000e+02	6.543183e-04
1.823074e+02	6.543646e-04
1.824155e+02	6.543000e-04
1.825232e+02	6.543449e-04
1.826320e+02	6.543929e-04
1.827412e+02	6.543205e-04
1.828500e+02	6.543373e-04
1.829583e+02	6.542887e-04
1.830683e+02	6.543258e-04
1.831777e+02	6.543792e-04
1.832847e+02	6.543031e-04
1.833931e+02	6.542856e-04
1.835019e+02	6.542187e-04
1.836103e+02	6.543335e-04
1.837193e+02	6.542931e-04
1.838284e+02	6.542651e-04
1.839370e+02	6.542551e-04
1.840461e+02	6.542187e-04
1.841550e+02	6.543213e-04
1.842631e+02	6.542406e-04
1.843739e+02	6.542172e-04
1.844833e+02	6.542125e-04
1.845916e+02	6.541274e-04
1.847018e+02	6.542955e-04
1.848113e+02	6.542187e-04
1.849203e+02	6.542035e-04
1.850278e+02	6.542057e-04
1.851368e+02	6.542452e-04
1.852455e+02	6.542324e-04
1.853539e+02	6.542285e-04
1.854619e+02	6.542969e-04
1.855731e+02	6.542072e-04
1.856819e+02	6.541380e-04
1.857909e+02	6.542262e-04
1.859034e+02	6.542216e-04
1.860105e+02	6.541746e-04
1.861198e+02	6.542901e-04
1.862285e+02	6.542133e-04
1.863382e+02	6.541540e-04
1.864469e+02	6.541882e-04
1.865556e+02	6.541874e-04
1.866633e+02	6.541722e-04
1.867737e+02	6.541715e-04
1.868817e+02	6.541114e-04
1.869899e+02	6.541737e-04
1.870982e+02	6.542338e-04
1.872058e+02	6.542620e-04
1.873134e+02	6.541852e-04
1.874224e+02	6.541281e-04
1.875317e+02	6.540947e-04
1.876399e+02	6.541768e-04
1.877482e+02	6.540840e-04
1.878546e+02	6.541730e-04
1.879630e+02	6.541183e-04
1.880721e+02	6.541472e-04
1.881817e+02	6.540885e-04
1.882906e+02	6.541563e-04
1.883996e+02	6.541000e-04
1.885088e+02	6.541015e-04
1.886166e+02	6.541228e-04
1.887273e+02	6.540733e-04
1.888372e+02	6.541335e-04
1.889483e+02	6.542118e-04
1.890578e+02	6.540239e-04
1.891670e+02	6.541099e-04
1.892743e+02	6.541061e-04
1.893846e+02	6.540596e-04
1.894941e+02	6.541121e-04
1.896032e+02	6.541220e-04
1.897121e+02	6.540490e-04
1.898451e+02	6.542148e-04
1.899563e+02	6.541417e-04
1.900660e+02	6.540589e-04
1.901760e+02	6.541174e-04
1.902839e+02	6.541517e-04
1.903900e+02	6.475571e-04
1.904998e+02	6.545441e-04
1.906090e+02	6.547624e-04
1.907179e+02	6.549313e-04
1.908282e+02	6.548233e-04
1.909368e+02	6.547800e-04
1.910450e+02	6.547267e-04
1.911538e+02	6.548529e-04
1.912637e+02	6.545982e-04
1.913729e+02	6.548104e-04
1.914812e+02	6.548050e-04
1.915896e+02	6.546765e-04
1.916963e+02	6.547686e-04
1.918061e+02	6.547776e-04
1.919156e+02	6.546180e-04
1.920247e+02	6.547610e-04
1.921335e+02	6.548834e-04
1.922423e+02	6.548728e-04
1.923514e+02	6.545350e-04
1.924595e+02	6.547207e-04
1.925680e+02	6.547830e-04
1.926756e+02	6.548720e-04
1.927827e+02	6.548599e-04
1.928927e+02	6.547321e-04
1.929992e+02	6.546924e-04
1.931079e+02	6.546856e-04
1.932166e+02	6.546827e-04
1.933253e+02	6.546286e-04
1.934352e+02	6.545906e-04
1.935447e+02	6.548628e-04
1.936514e+02	6.549679e-04
1.937592e+02	6.545198e-04
1.938683e+02	6.545982e-04
1.939767e+02	6.549039e-04
1.940841e+02	6.547442e-04
1.941928e+02	6.546073e-04
1.943025e+02	6.548484e-04
1.944128e+02	6.546644e-04
1.945220e+02	6.546841e-04
1.946290e+02	6.548438e-04
1.947376e+02	6.546507e-04
1.948462e+02	6.546119e-04
1.949544e+02	6.546895e-04
1.950639e+02	6.546758e-04
1.951712e+02	6.546271e-04
1.952798e+02	6.547350e-04
1.953897e+02	6.546772e-04
1.954975e+02	6.545602e-04
1.956064e+02	6.547450e-04
1.957140e+02	6.545549e-04
1.958269e+02	6.545176e-04
1.959371e+02	6.545783e-04
1.960449e+02	6.547008e-04
1.961519e+02	6.546522e-04
1.962594e+02	6.546332e-04
1.963665e+02	6.547207e-04
1.964747e+02	6.547465e-04
1.965847e+02	6.545343e-04
1.966926e+02	6.546827e-04
1.968025e+02	6.546606e-04
1.969115e+02	6.544955e-04
1.970215e+02	6.547032e-04
1.971288e+02	6.546514e-04
1.972356e+02	6.546248e-04
1.973454e+02	6.547024e-04
1.974539e+02	6.546286e-04
1.975611e+02	6.544118e-04
1.976709e+02	6.546849e-04
1.977797e+02	6.546081e-04
1.978893e+02	6.544271e-04
1.979969e+02	6.546955e-04
1.981067e+02	6.545701e-04
1.982133e+02	6.545503e-04
1.983203e+02	6.546560e-04
1.984292e+02	6.545723e-04
1.985371e+02	6.545114e-04
1.986483e+02	6.545891e-04
1.987575e+02	6.546346e-04
1.988648e+02	6.544567e-04
1.989740e+02	6.545730e-04
1.990827e+02	6.546218e-04
1.991908e+02	6.545739e-04
1.993022e+02	6.546445e-04
1.994111e+02	6.545275e-04
1.995191e+02	6.545959e-04
1.996285e+02	6.544841e-04
1.997435e+02	6.545730e-04
1.998498e+02	6.546073e-04
1.999589e+02	6.545480e-04
2.000678e+02	6.545289e-04
2.001761e+02	6.545655e-04
2.002859e+02	6.546019e-04
2.003956e+02	6.544529e-04
2.005028e+02	6.546096e-04
2.006115e+02	6.545419e-04
2.007229e+02	6.545829e-04
2.008302e+02	6.545236e-04
2.009374e+02	6.545328e-04
2.010447e+02	6.546127e-04
2.011540e+02	6.544635e-04
2.012629e+02	6.545913e-04
2.013715e+02	6.545503e-04
2.014908e+02	6.544978e-04
2.016000e+02	6.546264e-04
2.017079e+02	6.545662e-04
2.018150e+02	6.545906e-04
2.019236e+02	6.545723e-04
2.020316e+02	6.545609e-04
2.021400e+02	6.545662e-04
2.022477e+02	6.545776e-04
2.023564e+02	6.546469e-04
2.024636e+02	6.545609e-04
2.025765e+02	6.546019e-04
2.026860e+02	6.545677e-04
2.027948e+02	6.545906e-04
2.029027e+02	6.545077e-04
2.030093e+02	6.546255e-04
2.031185e+02	6.546332e-04
2.032281e+02	6.546628e-04
2.033354e+02	6.544864e-04
2.034447e+02	6.546301e-04
2.035529e+02	6.546355e-04
2.036601e+02	6.546392e-04
2.037692e+02	6.546004e-04
2.038784e+02	6.545304e-04
2.039857e+02	6.545198e-04
2.040952e+02	6.546666e-04
2.042034e+02	6.545929e-04
2.043104e+02	6.545350e-04
2.044199e+02	6.546301e-04
2.045289e+02	6.545617e-04
2.046375e+02	6.546697e-04
2.047463e+02	6.546127e-04
2.048544e+02	6.545251e-04
2.049635e+02	6.546149e-04
2.050739e+02	6.544408e-04
2.051830e+02	6.545792e-04
2.052893e+02	6.544658e-04
2.054014e+02	6.544582e-04
2.055114e+02	6.546454e-04
2.056199e+02	6.546073e-04
2.057310e+02	6.545366e-04
2.058380e+02	6.545289e-04
2.059448e+02	6.545624e-04
2.060531e+02	6.546165e-04
2.061605e+02	6.546727e-04
2.062684e+02	6.546050e-04
2.063761e+02	6.545320e-04
2.064850e+02	6.545412e-04
2.065936e+02	6.544955e-04
2.067041e+02	6.546058e-04
2.068126e+02	6.544772e-04
2.069219e+02	6.546019e-04
2.070294e+02	6.545472e-04
2.071384e+02	6.546103e-04
2.072488e+02	6.546796e-04
2.073741e+02	6.546301e-04
2.074824e+02	6.545883e-04
2.075905e+02	6.546430e-04
2.076985e+02	6.546423e-04
2.078091e+02	6.544933e-04
2.079177e+02	6.545898e-04
2.080265e+02	6.544841e-04
2.081351e+02	6.544825e-04
2.082422e+02	6.547184e-04
2.083501e+02	6.544065e-04
2.084575e+02	6.544651e-04
2.085665e+02	6.546545e-04
2.086737e+02	6.544635e-04
2.087850e+02	6.546240e-04
2.088936e+02	6.545183e-04
2.090022e+02	6.543426e-04
2.091099e+02	6.545891e-04
2.092220e+02	6.546180e-04
2.093306e+02	6.543457e-04
2.094392e+02	6.543966e-04
2.095465e+02	6.547207e-04
2.096567e+02	6.544392e-04
2.097654e+02	6.542947e-04
2.098738e+02	6.545951e-04
2.099873e+02	6.545814e-04
2.100952e+02	6.545282e-04
2.102039e+02	6.544004e-04
2.103153e+02	6.545008e-04
2.104257e+02	6.544399e-04
2.105333e+02	6.546545e-04
2.106407e+02	6.547169e-04
2.107500e+02	6.545176e-04
2.108580e+02	6.544955e-04
2.109652e+02	6.544163e-04
2.110731e+02	6.546019e-04
2.111794e+02	6.545761e-04
2.112880e+02	6.545540e-04
2.113973e+02	6.543494e-04
2.115065e+02	6.546469e-04
2.116144e+02	6.545214e-04
2.117239e+02	6.545913e-04
2.118311e+02	6.544651e-04
2.119380e+02	6.545457e-04
2.120452e+02	6.544544e-04
2.121555e+02	6.544635e-04
2.122650e+02	6.476614e-04
2.123762e+02	6.548256e-04
2.124864e+02	6.548720e-04
2.125950e+02	6.547267e-04
2.127041e+02	6.547138e-04
2.128121e+02	6.547860e-04
2.129206e+02	6.548728e-04
2.130290e+02	6.548066e-04
2.131363e+02	6.548584e-04
2.132437e+02	6.549465e-04
2.133528e+02	6.548127e-04
2.134631e+02	6.547792e-04
2.135753e+02	6.546127e-04
2.136826e+02	6.548385e-04
2.137926e+02	6.548066e-04
2.139011e+02	6.547487e-04
2.140094e+02	6.548279e-04
2.141178e+02	6.547747e-04
2.142267e+02	6.547047e-04
2.143349e+02	6.547982e-04
2.144431e+02	6.548873e-04
2.145534e+02	6.547655e-04
2.146606e+02	6.547549e-04
2.147705e+02	6.547876e-04
2.148790e+02	6.547754e-04
2.149872e+02	6.547427e-04
2.150964e+02	6.548873e-04
2.152059e+02	6.546880e-04
2.153141e+02	6.548021e-04
2.154270e+02	6.548408e-04
2.155346e+02	6.547845e-04
2.156459e+02	6.547610e-04
2.157563e+02	6.547207e-04
2.158646e+02	6.548507e-04
2.159741e+02	6.547937e-04
2.160822e+02	6.547381e-04
2.161914e+02	6.548385e-04
2.162994e+02	6.547145e-04
2.164063e+02	6.546827e-04
2.165152e+02	6.547922e-04
2.166228e+02	6.547389e-04
2.167299e+02	6.546871e-04
2.168411e+02	6.547853e-04
2.169497e+02	6.547169e-04
2.170583e+02	6.547024e-04
2.171688e+02	6.548294e-04
2.172791e+02	6.547624e-04
2.173877e+02	6.547396e-04
2.174981e+02	6.547785e-04
2.176070e+02	6.547542e-04
2.177147e+02	6.547792e-04
2.178230e+02	6.547229e-04
2.179321e+02	6.546849e-04
2.180407e+02	6.549131e-04
2.181495e+02	6.548332e-04
2.182569e+02	6.546993e-04
2.183652e+02	6.547959e-04
2.184769e+02	6.548127e-04
2.185850e+02	6.547670e-04
2.186930e+02	6.547966e-04
2.188006e+02	6.547602e-04
2.189085e+02	6.547306e-04
2.190177e+02	6.546796e-04
2.191254e+02	6.548134e-04
2.192348e+02	6.547017e-04
2.193427e+02	6.547343e-04
2.194508e+02	6.547815e-04
2.195585e+02	6.547222e-04
2.196682e+02	6.546887e-04
2.197755e+02	6.547602e-04
2.198844e+02	6.546963e-04
2.199940e+02	6.547313e-04
2.201021e+02	6.548187e-04
2.202141e+02	6.547686e-04
2.203231e+02	6.547853e-04
2.204308e+02	6.548112e-04
2.205406e+02	6.546986e-04
2.206489e+02	6.547913e-04
2.207582e+02	6.547776e-04
2.208686e+02	6.547253e-04
2.209759e+02	6.548149e-04
2.210868e+02	6.547845e-04
2.211964e+02	6.548104e-04
2.213050e+02	6.546567e-04
2.214155e+02	6.548112e-04
2.215225e+02	6.546628e-04
2.216305e+02	6.546827e-04
2.217434e+02	6.546963e-04
2.218546e+02	6.546606e-04
2.219631e+02	6.548180e-04
2.220731e+02	6.546385e-04
2.221799e+02	6.547876e-04
2.222873e+02	6.547708e-04
2.223960e+02	6.546149e-04
2.225073e+02	6.547130e-04
2.226151e+02	6.546355e-04
2.227233e+02	6.547937e-04
2.228318e+02	6.546355e-04
2.229412e+02	6.547359e-04
2.230512e+02	6.547640e-04
2.231596e+02	6.545776e-04
2.232675e+02	6.548112e-04
2.233763e+02	6.545776e-04
2.234849e+02	6.547184e-04
2.235932e+02	6.547549e-04
2.237007e+02	6.546438e-04
2.238085e+02	6.546880e-04
2.239158e+02	6.547054e-04
2.240230e+02	6.545419e-04
2.241319e+02	6.548074e-04
2.242426e+02	6.547571e-04
2.243506e+02	6.547990e-04
2.244600e+02	6.545472e-04
2.245694e+02	6.546697e-04
2.246779e+02	6.546156e-04
2.247862e+02	6.545875e-04
2.248946e+02	6.547686e-04
2.250021e+02	6.548758e-04
2.251117e+02	6.546081e-04
2.252206e+02	6.546864e-04
2.253268e+02	6.546514e-04
2.254360e+02	6.547556e-04
2.255441e+02	6.545701e-04
2.256516e+02	6.547549e-04
2.257607e+02	6.547116e-04
2.258692e+02	6.496078e-04
2.259757e+02	6.537052e-04
2.260841e+02	6.550515e-04
2.261935e+02	6.551824e-04
2.263032e+02	6.551853e-04
2.264123e+02	6.552568e-04
2.265207e+02	6.551862e-04
2.266323e+02	6.552006e-04
2.267400e+02	6.551200e-04
2.268474e+02	6.550964e-04
2.269567e+02	6.551246e-04
2.270640e+02	6.551839e-04
2.271726e+02	6.551413e-04
2.272800e+02	6.551169e-04
2.273871e+02	6.551831e-04
2.274953e+02	6.551063e-04
2.276036e+02	6.551276e-04
2.277116e+02	6.551687e-04
2.278215e+02	6.551116e-04
2.279307e+02	6.551299e-04
2.280394e+02	6.551261e-04
2.281487e+02	6.552082e-04
2.282563e+02	6.552637e-04
2.283685e+02	6.550811e-04
2.284769e+02	6.551899e-04
2.285849e+02	6.551557e-04
2.286921e+02	6.551047e-04
2.287994e+02	6.552082e-04
2.289092e+02	6.550538e-04
2.290193e+02	6.551489e-04
2.291273e+02	6.551200e-04
2.292361e+02	6.551489e-04
2.293425e+02	6.551261e-04
2.294522e+02	6.551535e-04
2.295675e+02	6.551367e-04
2.296778e+02	6.550948e-04
2.297856e+02	6.551420e-04
2.298936e+02	6.552394e-04
2.300016e+02	6.550827e-04
2.301131e+02	6.550987e-04
2.302208e+02	6.551237e-04
2.303308e+02	6.552067e-04
2.304382e+02	6.550469e-04
2.305462e+02	6.551945e-04
2.306581e+02	6.552332e-04
2.307675e+02	6.550325e-04
2.308753e+02	6.551800e-04
2.309856e+02	6.552698e-04
2.310951e+02	6.551283e-04
2.312040e+02	6.551390e-04
2.313121e+02	6.552242e-04
2.314213e+02	6.550698e-04
2.315297e+02	6.552120e-04
2.316369e+02	6.552006e-04
2.317446e+02	6.551899e-04
2.318540e+02	6.551976e-04
2.319616e+02	6.552919e-04
2.320714e+02	6.550767e-04
2.321788e+02	6.551154e-04
2.322872e+02	6.553047e-04
2.323969e+02	6.551869e-04
2.325058e+02	6.551268e-04
2.326147e+02	6.551747e-04
2.327248e+02	6.551716e-04
2.328335e+02	6.552105e-04
2.329427e+02	6.551945e-04
2.330509e+02	6.551138e-04
2.331578e+02	6.551785e-04
2.332672e+02	6.551443e-04
2.333761e+02	6.552226e-04
2.334849e+02	6.550424e-04
2.335941e+02	6.551701e-04
2.337019e+02	6.552264e-04
2.338099e+02	6.551740e-04
2.339187e+02	6.551374e-04
2.340255e+02	6.552477e-04
2.341332e+02	6.551922e-04
2.342412e+02	6.551618e-04
2.343495e+02	6.551489e-04
2.344581e+02	6.552059e-04
2.345674e+02	6.552127e-04
2.346756e+02	6.551535e-04
2.347864e+02	6.552577e-04
2.348942e+02	6.551025e-04
2.350013e+02	6.551124e-04
2.351104e+02	6.553626e-04
2.352211e+02	6.551542e-04
2.353302e+02	6.551535e-04
2.354417e+02	6.551862e-04
2.355510e+02	6.552866e-04
2.356583e+02	6.550964e-04
2.357691e+02	6.552592e-04
2.358774e+02	6.552250e-04
2.359863e+02	6.551230e-04
2.360998e+02	6.553025e-04
2.362085e+02	6.551869e-04
2.363162e+02	6.552676e-04
2.364276e+02	6.551915e-04
2.365373e+02	6.552142e-04
2.366449e+02	6.552288e-04
2.367538e+02	6.551557e-04
2.368635e+02	6.552698e-04
2.369735e+02	6.552082e-04
2.370834e+02	6.550910e-04
2.371920e+02	6.551458e-04
2.373019e+02	6.552409e-04
2.374133e+02	6.551398e-04
2.375212e+02	6.551869e-04
2.376402e+02	6.551930e-04
2.377464e+02	6.551908e-04
2.378562e+02	6.551785e-04
2.379634e+02	6.551853e-04
2.380726e+02	6.550987e-04
2.381807e+02	6.551374e-04
2.382929e+02	6.551968e-04
2.384022e+02	6.551869e-04
2.385092e+02	6.551070e-04
2.386204e+02	6.552219e-04
2.387296e+02	6.551930e-04
2.388379e+02	6.551496e-04
2.389501e+02	6.551983e-04
2.390602e+02	6.552356e-04
2.391674e+02	6.551853e-04
2.392827e+02	6.552067e-04
2.393920e+02	6.553056e-04
2.395002e+02	6.550546e-04
2.396114e+02	6.481420e-04
2.397207e+02	6.552584e-04
2.398289e+02	6.553938e-04
2.399371e+02	6.553200e-04
2.400464e+02	6.553086e-04
2.401566e+02	6.554325e-04
2.402644e+02	6.552949e-04
2.403756e+02	6.553504e-04
2.404849e+02	6.554234e-04
2.405931e+02	6.553976e-04
2.407023e+02	6.552857e-04
2.408096e+02	6.554325e-04
2.409228e+02	6.554281e-04
2.410311e+02	6.547747e-04
2.411383e+02	6.545975e-04
2.412485e+02	6.545723e-04
2.413613e+02	6.545792e-04
2.414705e+02	6.545586e-04
2.415788e+02	6.547663e-04
2.416860e+02	6.546248e-04
2.417942e+02	6.545730e-04
2.419025e+02	6.547701e-04
2.420117e+02	6.545829e-04
2.421209e+02	6.546401e-04
2.422282e+02	6.546469e-04
2.423414e+02	6.547427e-04
2.424516e+02	6.545191e-04
2.425599e+02	6.547297e-04
2.426667e+02	6.546880e-04
2.427730e+02	6.546324e-04
2.428842e+02	6.547503e-04
2.429934e+02	6.546408e-04
2.431016e+02	6.546172e-04
2.432109e+02	6.546993e-04
2.433181e+02	6.547564e-04
2.434243e+02	6.546096e-04
2.435326e+02	6.548454e-04
2.436428e+02	6.546362e-04
2.437511e+02	6.546735e-04
2.438594e+02	6.545099e-04
2.439681e+02	6.548012e-04
2.441228e+02	6.546827e-04
2.442315e+02	6.546827e-04
2.443428e+02	6.545556e-04
2.444510e+02	6.545335e-04
2.445613e+02	6.546537e-04
2.446700e+02	6.547640e-04
2.447783e+02	6.547913e-04
2.448865e+02	6.548127e-04
2.449938e+02	6.545617e-04
2.451020e+02	6.545183e-04
2.452112e+02	6.546529e-04
2.453175e+02	6.547008e-04
2.454258e+02	6.546355e-04
2.455340e+02	6.546491e-04
2.456442e+02	6.546993e-04
2.457505e+02	6.545891e-04
2.458597e+02	6.546271e-04
2.459690e+02	6.549253e-04
2.460757e+02	6.546172e-04
2.461850e+02	6.545686e-04
2.462942e+02	6.545289e-04
2.464024e+02	6.547686e-04
2.465126e+02	6.547176e-04
2.466209e+02	6.546644e-04
2.467291e+02	6.545921e-04
2.468374e+02	6.546332e-04
2.469456e+02	6.547579e-04
2.470568e+02	6.546750e-04
2.471660e+02	6.547145e-04
2.472733e+02	6.545396e-04
2.473830e+02	6.547487e-04
2.474892e+02	6.546772e-04
2.475975e+02	6.546522e-04
2.477087e+02	6.546834e-04
2.478169e+02	6.546401e-04
2.479242e+02	6.545997e-04
2.480324e+02	6.546887e-04
2.481416e+02	6.546880e-04
2.482508e+02	6.547526e-04
2.483601e+02	6.546644e-04
2.484723e+02	6.546924e-04
2.485820e+02	6.547306e-04
2.486913e+02	6.546567e-04
2.488015e+02	6.546545e-04
2.489087e+02	6.547458e-04
2.490170e+02	6.547085e-04
2.491262e+02	6.547769e-04
2.492338e+02	6.547503e-04
2.493427e+02	6.546758e-04
2.494528e+02	6.547434e-04
2.495611e+02	6.547396e-04
2.496706e+02	6.548385e-04
2.497806e+02	6.546979e-04
2.498899e+02	6.547511e-04
2.499986e+02	6.547077e-04
2.501070e+02	6.547465e-04
2.502173e+02	6.546469e-04
2.503255e+02	6.547686e-04
2.504338e+02	6.546834e-04
2.505421e+02	6.548286e-04
2.506516e+02	6.547260e-04
2.507596e+02	6.547747e-04
2.508687e+02	6.548461e-04
2.509777e+02	6.547092e-04
2.510861e+02	6.546933e-04
2.511944e+02	6.547937e-04
2.513036e+02	6.548599e-04
2.514110e+02	6.547434e-04
2.515188e+02	6.547450e-04
2.516257e+02	6.549078e-04
2.517369e+02	6.547290e-04
2.518447e+02	6.546058e-04
2.519551e+02	6.549884e-04
2.520632e+02	6.548104e-04
2.521711e+02	6.546507e-04
2.522795e+02	6.549100e-04
2.523893e+02	6.548447e-04
2.524976e+02	6.546727e-04
2.526066e+02	6.549070e-04
2.527158e+02	6.548728e-04
2.528240e+02	6.548021e-04
2.529324e+02	6.547297e-04
2.530411e+02	6.548492e-04
2.531499e+02	6.549085e-04
2.532762e+02	6.484349e-04
2.533855e+02	6.553976e-04
2.534941e+02	6.557056e-04
2.536025e+02	6.557786e-04
2.537111e+02	6.557071e-04
2.538192e+02	6.557399e-04
2.539291e+02	6.557102e-04
2.540376e+02	6.555923e-04
2.541478e+02	6.556934e-04
2.542586e+02	6.556501e-04
2.543658e+02	6.557292e-04
2.544743e+02	6.556980e-04
2.545835e+02	6.557239e-04
2.546921e+02	6.556395e-04
2.548011e+02	6.557018e-04
2.549110e+02	6.556797e-04
2.550197e+02	6.556380e-04
2.551274e+02	6.555862e-04
2.552378e+02	6.556235e-04
2.553479e+02	6.556053e-04
2.554573e+02	6.556790e-04
2.555686e+02	6.556493e-04
2.556771e+02	6.556197e-04
2.557843e+02	6.557757e-04
2.558962e+02	6.556881e-04
2.560037e+02	6.556243e-04
2.561103e+02	6.556836e-04
2.562196e+02	6.556137e-04
2.563266e+02	6.556912e-04
2.564358e+02	6.557208e-04
2.565463e+02	6.556547e-04
2.566577e+02	6.556760e-04
2.567663e+02	6.556577e-04
2.568743e+02	6.556547e-04
2.569834e+02	6.557018e-04
2.570906e+02	6.557071e-04
2.572004e+02	6.556212e-04
2.573077e+02	6.557574e-04
2.574236e+02	6.556402e-04
2.575318e+02	6.556897e-04
2.576398e+02	6.556927e-04
2.577489e+02	6.556053e-04
2.578581e+02	6.557589e-04
2.579652e+02	6.557596e-04
2.580734e+02	6.557490e-04
2.581821e+02	6.558274e-04
2.582901e+02	6.557757e-04
2.583971e+02	6.557360e-04
2.585063e+02	6.556661e-04
2.586163e+02	6.555740e-04
2.587247e+02	6.556303e-04
2.588342e+02	6.558357e-04
2.589434e+02	6.556958e-04
2.590598e+02	6.555984e-04
2.591675e+02	6.557832e-04
2.592788e+02	6.557186e-04
2.593875e+02	6.556797e-04
2.594968e+02	6.556395e-04
2.596047e+02	6.556797e-04
2.597162e+02	6.556934e-04
2.598247e+02	6.558320e-04
2.599320e+02	6.557649e-04
2.600402e+02	6.556744e-04
2.601466e+02	6.557079e-04
2.602549e+02	6.557702e-04
2.603647e+02	6.557923e-04
2.604744e+02	6.557011e-04
2.605849e+02	6.558517e-04
2.606954e+02	6.557543e-04
2.608025e+02	6.559369e-04
2.609112e+02	6.557148e-04
2.610206e+02	6.557223e-04
2.611292e+02	6.557285e-04
2.612389e+02	6.558631e-04
2.613463e+02	6.557802e-04
2.614546e+02	6.557931e-04
2.615627e+02	6.557779e-04
2.616696e+02	6.558045e-04
2.617803e+02	6.557642e-04
2.618879e+02	6.557878e-04
2.619981e+02	6.560053e-04
2.621091e+02	6.557665e-04
2.622164e+02	6.558441e-04
2.623244e+02	6.556950e-04
2.624323e+02	6.556691e-04
2.625452e+02	6.557300e-04
2.626514e+02	6.559483e-04
2.627610e+02	6.559316e-04
2.628718e+02	6.555779e-04
2.629802e+02	6.557056e-04
2.630875e+02	6.557771e-04
2.631941e+02	6.559331e-04
2.633021e+02	6.558920e-04
2.634125e+02	6.556053e-04
2.635200e+02	6.556881e-04
2.636271e+02	6.558684e-04
2.637359e+02	6.557779e-04
2.638446e+02	6.557536e-04
2.639526e+02	6.558289e-04
2.640612e+02	6.557300e-04
2.641713e+02	6.558258e-04
2.642807e+02	6.557870e-04
2.643899e+02	6.557658e-04
2.645014e+02	6.557839e-04
2.646125e+02	6.557878e-04
2.647201e+02	6.558152e-04
2.648291e+02	6.558456e-04
2.649374e+02	6.558867e-04
2.650441e+02	6.557239e-04
2.651520e+02	6.559033e-04
2.652584e+02	6.558402e-04
2.653679e+02	6.558357e-04
2.654769e+02	6.557810e-04
2.655859e+02	6.558654e-04
2.656934e+02	6.558364e-04
2.658032e+02	6.558038e-04
2.659112e+02	6.558874e-04
2.660198e+02	6.558197e-04
2.661307e+02	6.558980e-04
2.662378e+02	6.558137e-04
2.663473e+02	6.559802e-04
2.664585e+02	6.558859e-04
2.665667e+02	6.558137e-04
2.666753e+02	6.558790e-04
2.667831e+02	6.558790e-04
2.668913e+02	6.497067e-04
2.670016e+02	6.559802e-04
2.671112e+02	6.566290e-04
2.672172e+02	6.567149e-04
2.673254e+02	6.566503e-04
2.674342e+02	6.568290e-04
2.675417e+02	6.566990e-04
2.676500e+02	6.566860e-04
2.677579e+02	6.566845e-04
2.678683e+02	6.566489e-04
2.679765e+02	6.566260e-04
2.680855e+02	6.566670e-04
2.681951e+02	6.566602e-04
2.683035e+02	6.566708e-04
2.684117e+02	6.565697e-04
2.685217e+02	6.567051e-04
2.686292e+02	6.566200e-04
2.687404e+02	6.566968e-04
2.688500e+02	6.566944e-04
2.689562e+02	6.566154e-04
2.690648e+02	6.566275e-04
2.691727e+02	6.567066e-04
2.692803e+02	6.566473e-04
2.693901e+02	6.566489e-04
2.694987e+02	6.566344e-04
2.696059e+02	6.566739e-04
2.697129e+02	6.566039e-04
2.698243e+02	6.566617e-04
2.699306e+02	6.567089e-04
2.700429e+02	6.565864e-04
2.701523e+02	6.566739e-04
2.702600e+02	6.567203e-04
2.703675e+02	6.565719e-04
2.704744e+02	6.567028e-04
2.705836e+02	6.568275e-04
2.706931e+02	6.566884e-04
2.708007e+02	6.566968e-04
2.709084e+02	6.567690e-04
2.710179e+02	6.567339e-04
2.711263e+02	6.566831e-04
2.712343e+02	6.567659e-04
2.713435e+02	6.568268e-04
2.714513e+02	6.566816e-04
2.715589e+02	6.567454e-04
2.716665e+02	6.567895e-04
2.717757e+02	6.566503e-04
2.718853e+02	6.566777e-04
2.719941e+02	6.568283e-04
2.721023e+02	6.567469e-04
2.722088e+02	6.567675e-04
2.723211e+02	6.568451e-04
2.724291e+02	6.567447e-04
2.725376e+02	6.567028e-04
2.726449e+02	6.567865e-04
2.727523e+02	6.569257e-04
2.728622e+02	6.567683e-04
2.729906e+02	6.567614e-04
2.731018e+02	6.568641e-04
2.732103e+02	6.567568e-04
2.733194e+02	6.567447e-04
2.734288e+02	6.568451e-04
2.735358e+02	6.567074e-04
2.736422e+02	6.567120e-04
2.737513e+02	6.567736e-04
2.738600e+02	6.568093e-04
2.739702e+02	6.567507e-04
2.740785e+02	6.568709e-04
2.741874e+02	6.568709e-04
2.742949e+02	6.568147e-04
2.744045e+02	6.568040e-04
2.745143e+02	6.569219e-04
2.746236e+02	6.568489e-04
2.747313e+02	6.568138e-04
2.748401e+02	6.569234e-04
2.749462e+02	6.567538e-04
2.750543e+02	6.568374e-04
2.751641e+02	6.568778e-04
2.752712e+02	6.567796e-04
2.753795e+02	6.568785e-04
2.754880e+02	6.568990e-04
2.755971e+02	6.568877e-04
2.757059e+02	6.567957e-04
2.758149e+02	6.568093e-04
2.759247e+02	6.567279e-04
2.760326e+02	6.568663e-04
2.761415e+02	6.568352e-04
2.762496e+02	6.568222e-04
2.763582e+02	6.568427e-04
2.764687e+02	6.567895e-04
2.765780e+02	6.567865e-04
2.766872e+02	6.567751e-04
2.767954e+02	6.567986e-04
2.769044e+02	6.567614e-04
2.770134e+02	6.568063e-04
2.771203e+02	6.567765e-04
2.772298e+02	6.567880e-04
2.773390e+02	6.568374e-04
2.774462e+02	6.567902e-04
2.775559e+02	6.568337e-04
2.776619e+02	6.567439e-04
2.777696e+02	6.567394e-04
2.778810e+02	6.568162e-04
2.779902e+02	6.567531e-04
2.780985e+02	6.568496e-04
2.782068e+02	6.568383e-04
2.783142e+02	6.567226e-04
2.784223e+02	6.568253e-04
2.785301e+02	6.568085e-04
2.786380e+02	6.567911e-04
2.787469e+02	6.567751e-04
2.788565e+02	6.567880e-04
2.789649e+02	6.569021e-04
2.790711e+02	6.568032e-04
2.791795e+02	6.568070e-04
2.792908e+02	6.567492e-04
2.793967e+02	6.567423e-04
2.795058e+02	6.568519e-04
2.796147e+02	6.569325e-04
2.797239e+02	6.568017e-04
2.798304e+02	6.568489e-04
2.799393e+02	6.568268e-04
2.800515e+02	6.568093e-04
2.801604e+02	6.568367e-04
2.802673e+02	6.568443e-04
2.803792e+02	6.568359e-04
2.804874e+02	6.567469e-04
2.805961e+02	6.503044e-04
2.807038e+02	6.572413e-04
2.808104e+02	6.574467e-04
2.809204e+02	6.575121e-04
2.810287e+02	6.574839e-04
2.811356e+02	6.574992e-04
2.812453e+02	6.574292e-04
2.813536e+02	6.575022e-04
2.814630e+02	6.574764e-04
2.815714e+02	6.576049e-04
2.816790e+02	6.574369e-04
2.817879e+02	6.574117e-04
2.818957e+02	6.575342e-04
2.820022e+02	6.574764e-04
2.821099e+02	6.574749e-04
2.822186e+02	6.574345e-04
2.823279e+02	6.575190e-04
2.824363e+02	6.574855e-04
2.825458e+02	6.574908e-04
2.826542e+02	6.575395e-04
2.827621e+02	6.574824e-04
2.828690e+02	6.576003e-04
2.829785e+02	6.575212e-04
2.830873e+02	6.576049e-04
2.831962e+02	6.575243e-04
2.833077e+02	6.576011e-04
2.834149e+02	6.575539e-04
2.835273e+02	6.574870e-04
2.836356e+02	6.575327e-04
2.837440e+02	6.575539e-04
2.838530e+02	6.575106e-04
2.839626e+02	6.576126e-04
2.840724e+02	6.575364e-04
2.841802e+02	6.574634e-04
2.842895e+02	6.575631e-04
2.843968e+02	6.574459e-04
2.845082e+02	6.575508e-04
2.846170e+02	6.575965e-04
2.847268e+02	6.575494e-04
2.848369e+02	6.575121e-04
2.849462e+02	6.576194e-04
2.850541e+02	6.575852e-04
2.851615e+02	6.576483e-04
2.852699e+02	6.575053e-04
2.853804e+02	6.575881e-04
2.854887e+02	6.576080e-04
2.855972e+02	6.577418e-04
2.857041e+02	6.576126e-04
2.858122e+02	6.575661e-04
2.859213e+02	6.575934e-04
2.860323e+02	6.575068e-04
2.861391e+02	6.576566e-04
2.862474e+02	6.575524e-04
2.863561e+02	6.576201e-04
2.864646e+02	6.575577e-04
2.865767e+02	6.576391e-04
2.866876e+02	6.575494e-04
2.867960e+02	6.576650e-04
2.869043e+02	6.575486e-04
2.870106e+02	6.575144e-04
2.871179e+02	6.575486e-04
2.872248e+02	6.577883e-04
2.873381e+02	6.576346e-04
2.874464e+02	6.574946e-04
2.875537e+02	6.575364e-04
2.876622e+02	6.577099e-04
2.877703e+02	6.577951e-04
2.878870e+02	6.576224e-04
2.879945e+02	6.575250e-04
2.881048e+02	6.577075e-04
2.882165e+02	6.576536e-04
2.883245e+02	6.577152e-04
2.884333e+02	6.576947e-04
2.885397e+02	6.576201e-04
2.886488e+02	6.577737e-04
2.887583e+02	6.575623e-04
2.888670e+02	6.575563e-04
2.889746e+02	6.577395e-04
2.890829e+02	6.576521e-04
2.891901e+02	6.577547e-04
2.892993e+02	6.575592e-04
2.894069e+02	6.577898e-04
2.895149e+02	6.576870e-04
2.896225e+02	6.576894e-04
2.897316e+02	6.576209e-04
2.898410e+02	6.577479e-04
2.899503e+02	6.575753e-04
2.900584e+02	6.576437e-04
2.901657e+02	6.576726e-04
2.902745e+02	6.577114e-04
2.903834e+02	6.577000e-04
2.904922e+02	6.576642e-04
2.906002e+02	6.577114e-04
2.907095e+02	6.577031e-04
2.908196e+02	6.577373e-04
2.909281e+02	6.577159e-04
2.910353e+02	6.577121e-04
2.911448e+02	6.577175e-04
2.912526e+02	6.577441e-04
2.913602e+02	6.577486e-04
2.914671e+02	6.576909e-04
2.915745e+02	6.577570e-04
2.916858e+02	6.576696e-04
2.917945e+02	6.576795e-04
2.919025e+02	6.576642e-04
2.920125e+02	6.577433e-04
2.921217e+02	6.577966e-04
2.922296e+02	6.577099e-04
2.923410e+02	6.577494e-04
2.924508e+02	6.579251e-04
2.925587e+02	6.576909e-04
2.926686e+02	6.575950e-04
2.927757e+02	6.577973e-04
2.928835e+02	6.577837e-04
2.929933e+02	6.576163e-04
2.931011e+02	6.578103e-04
2.932100e+02	6.577966e-04
2.933187e+02	6.577647e-04
2.934270e+02	6.577677e-04
2.935379e+02	6.578309e-04
2.936474e+02	6.577426e-04
2.937555e+02	6.577973e-04
2.938635e+02	6.578529e-04
2.939758e+02	6.577662e-04
2.940839e+02	6.578757e-04
2.941948e+02	6.553420e-04
2.943035e+02	6.561985e-04
2.944113e+02	6.584591e-04
2.945220e+02	6.586189e-04
2.946301e+02	6.585154e-04
2.947401e+02	6.586204e-04
2.948474e+02	6.586089e-04
2.949599e+02	6.585906e-04
2.950681e+02	6.585663e-04
2.951793e+02	6.585039e-04
2.952873e+02	6.586089e-04
2.953960e+02	6.586242e-04
2.955046e+02	6.586165e-04
2.956139e+02	6.586096e-04
2.957225e+02	6.585549e-04
2.958313e+02	6.585412e-04
2.959410e+02	6.586370e-04
2.960483e+02	6.585617e-04
2.961571e+02	6.585138e-04
2.962653e+02	6.586355e-04
2.963739e+02	6.586295e-04
2.964861e+02	6.585891e-04
2.965946e+02	6.586096e-04
2.967015e+02	6.586622e-04
2.968111e+02	6.585655e-04
2.969213e+02	6.585549e-04
2.970302e+02	6.585937e-04
2.971400e+02	6.586257e-04
2.972471e+02	6.586416e-04
2.973555e+02	6.587048e-04
2.974651e+02	6.586652e-04
2.975736e+02	6.585838e-04
2.976822e+02	6.586538e-04
2.977993e+02	6.586378e-04
2.979082e+02	6.585838e-04
2.980170e+02	6.586348e-04
2.981245e+02	6.586584e-04
2.982330e+02	6.586264e-04
2.983416e+02	6.586743e-04
2.984487e+02	6.586987e-04
2.985559e+02	6.585732e-04
2.986634e+02	6.587025e-04
2.987739e+02	6.586370e-04
2.988823e+02	6.587056e-04
2.989904e+02	6.586926e-04
2.990980e+02	6.586911e-04
2.992073e+02	6.586423e-04
2.993145e+02	6.587824e-04
2.994216e+02	6.586820e-04
2.995308e+02	6.587048e-04
2.996416e+02	6.587200e-04
2.997493e+02	6.586515e-04
2.998574e+02	6.586432e-04
2.999691e+02	6.586370e-04
3.000760e+02	2.509336e-04
3.001848e+02	1.863513e-06
3.002917e+02	1.846779e-06
3.003997e+02	1.881768e-06
3.005082e+02	1.848300e-06
3.006176e+02	1.846019e-06
3.007271e+02	1.869597e-06
3.008348e+02	1.827763e-06
3.009416e+02	1.849822e-06
3.010521e+02	1.846779e-06
3.011630e+02	1.823960e-06
3.012716e+02	1.841455e-06
3.013799e+02	1.839173e-06
3.014881e+02	1.821678e-06
3.015946e+02	1.850582e-06
3.017034e+02	1.817875e-06
3.018120e+02	1.795057e-06
3.019205e+02	1.776802e-06
3.020311e+02	1.823200e-06
3.021413e+02	1.815594e-06
3.022517e+02	1.821678e-06
3.023616e+02	1.842216e-06
3.024696e+02	1.820157e-06
3.025799e+02	1.818636e-06
3.026881e+02	1.813312e-06
3.027955e+02	1.842216e-06
3.029034e+02	1.845258e-06
3.030111e+02	1.827763e-06
3.031199e+02	1.795818e-06
3.032283e+02	1.805706e-06
3.033365e+02	1.819397e-06
3.034436e+02	1.819397e-06
3.035525e+02	1.830807e-06
3.036616e+02	1.844497e-06
3.037685e+02	1.861231e-06
3.038814e+02	1.788973e-06
3.039888e+02	1.830046e-06
3.040958e+02	1.820157e-06
3.042091e+02	1.844497e-06
3.043183e+02	1.825481e-06
3.044267e+02	1.847540e-06
3.045332e+02	1.814833e-06
3.046404e+02	1.811030e-06
3.047477e+02	1.833088e-06
3.048556e+02	1.836131e-06
3.049636e+02	1.855146e-06
3.050716e+02	1.836891e-06
3.051797e+02	1.833849e-06
3.052876e+02	1.843737e-06
3.053941e+02	1.807988e-06
3.055038e+02	1.839173e-06
3.056140e+02	1.823960e-06
3.057209e+02	1.850582e-06
3.058301e+02	1.809509e-06
3.059371e+02	1.810269e-06
3.060458e+02	1.805706e-06
3.061563e+02	1.814833e-06
3.062650e+02	1.833088e-06
3.063739e+02	1.838413e-06
3.064817e+02	1.839173e-06
3.065920e+02	1.835370e-06
3.067009e+02	1.816354e-06
3.068097e+02	1.811791e-06
3.069191e+02	1.837652e-06
3.070268e+02	1.820918e-06
3.071363e+02	1.824721e-06
3.072438e+02	1.801903e-06
3.073519e+02	1.814833e-06
3.074603e+02	1.775281e-06
3.075680e+02	1.805706e-06
3.076745e+02	1.834610e-06
3.077827e+02	1.828524e-06
3.079202e+02	1.823200e-06
3.080304e+02	1.803424e-06
3.081380e+02	1.817875e-06
3.082471e+02	1.826242e-06
3.083541e+02	1.793536e-06
3.084622e+02	1.841455e-06
3.085731e+02	1.858949e-06
3.086812e+02	1.820157e-06
3.087888e+02	1.787450e-06
3.088989e+02	1.792015e-06
3.090108e+02	1.817115e-06
3.091193e+02	1.813312e-06
3.092280e+02	1.817115e-06
3.093360e+02	1.825481e-06
3.094449e+02	1.820157e-06
3.095517e+02	1.806466e-06
3.096617e+02	1.853625e-06
3.097691e+02	1.811030e-06
3.098757e+02	1.792776e-06
3.099852e+02	1.823200e-06
3.100941e+02	1.836131e-06
3.102023e+02	1.821678e-06
3.103098e+02	1.819397e-06
3.104182e+02	1.862752e-06
3.105288e+02	1.800382e-06
3.106362e+02	1.862752e-06
3.107424e+02	1.830807e-06
3.108527e+02	1.826242e-06
3.109617e+02	1.802663e-06
3.110698e+02	1.820157e-06
3.111780e+02	1.838413e-06
3.112864e+02	1.846779e-06
3.113950e+02	1.815594e-06
3.115041e+02	1.799621e-06
3.116114e+02	1.816354e-06
3.117204e+02	1.839173e-06
3.118291e+02	1.796579e-06
3.119431e+02	1.827003e-06
3.120536e+02	1.832328e-06
3.121617e+02	1.842216e-06
3.122690e+02	1.824721e-06
3.123772e+02	1.828524e-06
3.124857e+02	1.834610e-06
3.125943e+02	1.830807e-06
3.127036e+02	1.865034e-06
3.128136e+02	1.827003e-06
3.129216e+02	1.814833e-06
3.130307e+02	1.859710e-06
3.131416e+02	1.787450e-06
3.132478e+02	1.884050e-06
3.133566e+02	1.833088e-06
3.134637e+02	1.831567e-06
3.135741e+02	1.830807e-06
3.136827e+02	1.843737e-06
3.137920e+02	1.816354e-06
3.139027e+02	1.869597e-06
3.140115e+02	1.874162e-06
3.141195e+02	1.830046e-06
3.142277e+02	1.836131e-06
3.143381e+02	1.805706e-06
3.144465e+02	1.848300e-06
3.145568e+02	1.823200e-06
3.146647e+02	1.845258e-06
3.147742e+02	1.852103e-06
3.148834e+02	1.815594e-06
3.149934e+02	1.807227e-06
3.151022e+02	1.838413e-06
3.152118e+02	1.844497e-06
3.153196e+02	1.853625e-06
3.154289e+02	1.827003e-06
3.155389e+02	1.840694e-06
3.156493e+02	1.850582e-06
3.157579e+02	1.852864e-06
3.158662e+02	1.820918e-06
3.159736e+02	1.851343e-06
3.160825e+02	1.854385e-06
3.161886e+02	1.843737e-06
3.162966e+02	1.807988e-06
3.164081e+02	1.839173e-06
3.165166e+02	1.860470e-06
3.166270e+02	1.839173e-06
3.167362e+02	1.834610e-06
3.168446e+02	1.843737e-06
3.169541e+02	1.820918e-06
3.170628e+02	1.824721e-06
3.171710e+02	1.836891e-06
3.172805e+02	1.810269e-06
3.173946e+02	1.842216e-06
3.175058e+02	1.849822e-06
3.176154e+02	1.864273e-06
3.177226e+02	1.896980e-06
3.178308e+02	1.830807e-06
3.179439e+02	1.814833e-06
3.180531e+02	1.855146e-06
3.181619e+02	1.865034e-06
3.182713e+02	1.842216e-06
3.183797e+02	1.867317e-06
3.184889e+02	1.881768e-06
3.185963e+02	1.849061e-06
3.187051e+02	1.872641e-06
3.188145e+02	1.842216e-06
3.189237e+02	1.850582e-06
3.190318e+02	1.834610e-06
3.191384e+02	1.838413e-06
3.192478e+02	1.819397e-06
3.193574e+02	1.866555e-06
3.194658e+02	1.854385e-06
3.195728e+02	1.858949e-06
3.196812e+02	1.861991e-06
3.197933e+02	1.833088e-06
3.199006e+02	1.881768e-06
3.200098e+02	1.841455e-06
3.201177e+02	1.878726e-06
3.202256e+02	1.856667e-06
3.203365e+02	1.871120e-06
3.204476e+02	1.829284e-06
3.205557e+02	1.833849e-06
3.206654e+02	1.822439e-06
3.207718e+02	1.798100e-06
3.208810e+02	1.818636e-06
3.209895e+02	1.846019e-06
3.210977e+02	1.814072e-06
3.212082e+02	1.836131e-06
3.213182e+02	1.825481e-06
3.214274e+02	1.846019e-06
3.215353e+02	1.842216e-06
3.216431e+02	1.831567e-06
3.217532e+02	1.854385e-06
3.218621e+02	1.832328e-06
3.219711e+02	1.836891e-06
3.220804e+02	1.829284e-06
3.221882e+02	1.809509e-06
3.222991e+02	1.807988e-06
3.224064e+02	1.841455e-06
3.225142e+02	1.860470e-06
3.226236e+02	1.830046e-06
3.227314e+02	1.841455e-06
3.228384e+02	1.838413e-06
3.229463e+02	1.826242e-06
3.230547e+02	1.812551e-06
3.231635e+02	1.821678e-06
3.232738e+02	1.823960e-06
3.233835e+02	1.828524e-06
3.234942e+02	1.813312e-06
3.236013e+02	1.836131e-06
3.237106e+02	1.811791e-06
3.238199e+02	1.806466e-06
3.239287e+02	1.818636e-06
3.240381e+02	1.801903e-06
3.241475e+02	1.815594e-06
3.242555e+02	1.823960e-06
3.243664e+02	1.818636e-06
3.244749e+02	1.811791e-06
3.245829e+02	1.792776e-06
3.246903e+02	1.836131e-06
3.247985e+02	1.862752e-06
3.249067e+02	1.814072e-06
3.250155e+02	1.829284e-06
3.251236e+02	1.829284e-06
3.252348e+02	1.836891e-06
3.253434e+02	1.810269e-06
3.254518e+02	1.851343e-06
3.255628e+02	1.804185e-06
3.256725e+02	1.846019e-06
3.257803e+02	1.816354e-06
3.258897e+02	1.852864e-06
3.259961e+02	1.858188e-06
3.261055e+02	1.779844e-06
3.262141e+02	1.811030e-06
3.263218e+02	1.855907e-06
3.264296e+02	1.817115e-06
3.265384e+02	1.859710e-06
3.266474e+02	1.815594e-06
3.267552e+02	1.848300e-06
3.268640e+02	1.803424e-06
3.269732e+02	1.806466e-06
3.270829e+02	1.871880e-06
3.271912e+02	1.805706e-06
3.272987e+02	1.802663e-06
3.274076e+02	1.848300e-06
3.275145e+02	1.858949e-06
3.276237e+02	1.846019e-06
3.277319e+02	1.865794e-06
3.278381e+02	1.846779e-06
3.279471e+02	1.830807e-06
3.280578e+02	1.832328e-06
3.281641e+02	1.822439e-06
3.282751e+02	1.833849e-06
3.283821e+02	1.833088e-06
3.284903e+02	1.853625e-06
3.286016e+02	1.861991e-06
3.287128e+02	1.842216e-06
3.288201e+02	1.816354e-06
3.289278e+02	1.839173e-06
3.290376e+02	1.823200e-06
3.291461e+02	1.842976e-06
3.292543e+02	1.846019e-06
3.293616e+02	1.865794e-06
3.294695e+02	1.855146e-06
3.295766e+02	1.820157e-06
3.296856e+02	1.835370e-06
3.297928e+02	1.833088e-06
3.299012e+02	1.781366e-06
3.300100e+02	1.798860e-06
3.301201e+02	1.825481e-06
3.302324e+02	1.798860e-06
3.303424e+02	1.804185e-06
3.304507e+02	1.804185e-06
3.305582e+02	1.843737e-06
3.306685e+02	1.815594e-06
3.307775e+02	1.823960e-06
3.308857e+02	1.817115e-06
3.309937e+02	1.815594e-06
3.311003e+02	1.843737e-06
3.312091e+02	1.804185e-06
3.313174e+02	1.817115e-06
3.314268e+02	1.813312e-06
3.315370e+02	1.767675e-06
3.316442e+02	1.831567e-06
3.317505e+02	1.816354e-06
3.318599e+02	1.852864e-06
3.319688e+02	1.851343e-06
3.320773e+02	1.867317e-06
3.321872e+02	1.820157e-06
3.322964e+02	1.838413e-06
3.324079e+02	1.832328e-06
3.325157e+02	1.834610e-06
3.326237e+02	1.825481e-06
3.327320e+02	1.836891e-06
3.328386e+02	1.830807e-06
3.329494e+02	1.852103e-06
3.330576e+02	1.836891e-06
3.331662e+02	1.826242e-06
3.332744e+02	1.853625e-06
3.333823e+02	1.870359e-06
3.334930e+02	1.849061e-06
3.336014e+02	1.859710e-06
3.337101e+02	1.837652e-06
3.338214e+02	1.853625e-06
3.339306e+02	1.829284e-06
3.340368e+02	1.799621e-06
3.341451e+02	1.818636e-06
3.342533e+02	1.823960e-06
3.343615e+02	1.843737e-06
3.344698e+02	1.807988e-06
3.345776e+02	1.860470e-06
3.346878e+02	1.846779e-06
3.347953e+02	1.842976e-06
3.349035e+02	1.841455e-06
3.350148e+02	1.857428e-06
3.351238e+02	1.865034e-06
3.352330e+02	1.820918e-06
3.353413e+02	1.789732e-06
3.354487e+02	1.836891e-06
3.355577e+02	1.829284e-06
3.356656e+02	1.833088e-06
3.357758e+02	1.826242e-06
3.358831e+02	1.837652e-06
3.359913e+02	1.836131e-06
3.360975e+02	1.849061e-06
3.362087e+02	1.860470e-06
3.363179e+02	1.843737e-06
3.364247e+02	1.840694e-06
3.365343e+02	1.806466e-06
3.366416e+02	1.833849e-06
3.367490e+02	1.832328e-06
3.368564e+02	1.821678e-06
3.369669e+02	1.856667e-06
3.370762e+02	1.842976e-06
3.371858e+02	1.870359e-06
3.372926e+02	1.820918e-06
3.374020e+02	1.851343e-06
3.375110e+02	1.843737e-06
3.376206e+02	1.824721e-06
3.377285e+02	1.804945e-06
3.378362e+02	1.838413e-06
3.379435e+02	1.823200e-06
3.380529e+02	1.857428e-06
3.381612e+02	1.849061e-06
3.382705e+02	1.881007e-06
3.383866e+02	1.833849e-06
3.384968e+02	1.841455e-06
3.386051e+02	1.859710e-06
3.387154e+02	1.833849e-06
3.388247e+02	1.830807e-06
3.389320e+02	1.839173e-06
3.390411e+02	1.839173e-06
3.391487e+02	1.854385e-06
3.392573e+02	1.839934e-06
3.393645e+02	1.839173e-06
3.394728e+02	1.846779e-06
3.395813e+02	1.833088e-06
3.396887e+02	1.832328e-06
3.397985e+02	1.827003e-06
3.399069e+02	1.834610e-06
3.400151e+02	1.841455e-06
3.401236e+02	1.802663e-06
3.402318e+02	1.829284e-06
3.403391e+02	1.861231e-06
3.404470e+02	1.852103e-06
3.405543e+02	1.822439e-06
3.406625e+02	1.858949e-06
3.407718e+02	1.858949e-06
3.408797e+02	1.842216e-06
3.409913e+02	1.830807e-06
3.410989e+02	1.839934e-06
3.412094e+02	1.836891e-06
3.413199e+02	1.826242e-06
3.414283e+02	1.843737e-06
3.415355e+02	1.848300e-06
3.416449e+02	1.813312e-06
3.417544e+02	1.847540e-06
3.418629e+02	1.847540e-06
3.419707e+02	1.836891e-06
3.420786e+02	1.839173e-06
3.421872e+02	1.831567e-06
3.422952e+02	1.832328e-06
3.424043e+02	1.862752e-06
3.425136e+02	1.861231e-06
3.426233e+02	1.827763e-06
3.427320e+02	1.874162e-06
3.428432e+02	1.851343e-06
3.429513e+02	1.849822e-06
3.430593e+02	1.857428e-06
3.431672e+02	1.862752e-06
3.432751e+02	1.857428e-06
3.433839e+02	1.850582e-06
3.434924e+02	1.865794e-06
3.436025e+02	1.857428e-06
3.437125e+02	1.841455e-06
3.438215e+02	1.858188e-06
3.439320e+02	1.849061e-06
3.440418e+02	1.862752e-06
3.441499e+02	1.849822e-06
3.442595e+02	1.841455e-06
3.443676e+02	1.855907e-06
3.444753e+02	1.858188e-06
3.445836e+02	1.830807e-06
3.446921e+02	1.868838e-06
3.448016e+02	1.864273e-06
3.449098e+02	1.795818e-06
3.450160e+02	1.804185e-06
3.451241e+02	1.844497e-06
3.452323e+02	1.836891e-06
3.453407e+02	1.833088e-06
3.454485e+02	1.830807e-06
3.455578e+02	1.865034e-06
3.456663e+02	1.854385e-06
3.457743e+02	1.829284e-06
3.458821e+02	1.856667e-06
3.459900e+02	1.849061e-06
3.460979e+02	1.826242e-06
3.462068e+02	1.852864e-06
3.463151e+02	1.842216e-06
3.464241e+02	1.827763e-06
3.465314e+02	1.824721e-06
3.466434e+02	1.823200e-06
3.467514e+02	1.861991e-06
3.468591e+02	1.865794e-06
3.469679e+02	1.821678e-06
3.470789e+02	1.820157e-06
3.471882e+02	1.839934e-06
3.472949e+02	1.814072e-06
3.474049e+02	1.825481e-06
3.475152e+02	1.790494e-06
3.476221e+02	1.815594e-06
3.477295e+02	1.871880e-06
3.478387e+02	1.855907e-06
3.479482e+02	1.854385e-06
3.480561e+02	1.845258e-06
3.481628e+02	1.858949e-06
3.482731e+02	1.875683e-06
3.483840e+02	1.856667e-06
3.484917e+02	1.835370e-06
3.486029e+02	1.836891e-06
3.487133e+02	1.827763e-06
3.488210e+02	1.799621e-06
3.489295e+02	1.827763e-06
3.490378e+02	1.833849e-06
3.491472e+02	1.815594e-06
3.492560e+02	1.864273e-06
3.493634e+02	1.861991e-06
3.494720e+02	1.823200e-06
3.495798e+02	1.833849e-06
3.496881e+02	1.842216e-06
3.497978e+02	1.836131e-06
3.499094e+02	1.846019e-06
3.500181e+02	1.846019e-06
3.501267e+02	1.852864e-06
3.502331e+02	1.858949e-06
3.503422e+02	1.827003e-06
3.504502e+02	1.855907e-06
3.505576e+02	1.862752e-06
3.506697e+02	1.856667e-06
3.507781e+02	1.836891e-06
3.508852e+02	1.802663e-06
3.509958e+02	1.858949e-06
3.511042e+02	1.835370e-06
3.512125e+02	1.871880e-06
3.513206e+02	1.836891e-06
3.514287e+02	1.837652e-06
3.515366e+02	1.862752e-06
3.516450e+02	1.852103e-06
3.517529e+02	1.822439e-06
3.518612e+02	1.844497e-06
3.519695e+02	1.853625e-06
3.520782e+02	1.843737e-06
3.521866e+02	1.852103e-06
3.522964e+02	1.859710e-06
3.524022e+02	1.881007e-06
3.525115e+02	1.840694e-06
3.526197e+02	1.822439e-06
3.527289e+02	1.876444e-06
3.528373e+02	1.858949e-06
3.529445e+02	1.842216e-06
3.530537e+02	1.876444e-06
3.531614e+02	1.832328e-06
3.532700e+02	1.850582e-06
3.533760e+02	1.846019e-06
3.534871e+02	1.841455e-06
3.535958e+02	1.841455e-06
3.537045e+02	1.827003e-06
3.538177e+02	1.839173e-06
3.539261e+02	1.896980e-06
3.540339e+02	1.840694e-06
3.541423e+02	1.834610e-06
3.542496e+02	1.827003e-06
3.543585e+02	1.861231e-06
3.544663e+02	1.824721e-06
3.545732e+02	1.839173e-06
3.546814e+02	1.831567e-06
3.547917e+02	1.824721e-06
3.549021e+02	1.811791e-06
3.550137e+02	1.848300e-06
3.551211e+02	1.828524e-06
3.552308e+02	1.817115e-06
3.553406e+02	1.827003e-06
3.554544e+02	1.776802e-06
3.555683e+02	1.837652e-06
3.556787e+02	1.829284e-06
3.557871e+02	1.828524e-06
3.558954e+02	1.814833e-06
3.560021e+02	1.855907e-06
3.561087e+02	1.858949e-06
3.562170e+02	1.842216e-06
3.563258e+02	1.817875e-06
3.564348e+02	1.822439e-06
3.565452e+02	1.850582e-06
3.566542e+02	1.855907e-06
3.567625e+02	1.814833e-06
3.568718e+02	1.842976e-06
3.569796e+02	1.849061e-06
3.570869e+02	1.853625e-06
3.571964e+02	1.806466e-06
3.573056e+02	1.836891e-06
3.574136e+02	1.870359e-06
3.575231e+02	1.839934e-06
3.576302e+02	1.855907e-06
3.577395e+02	1.810269e-06
3.578491e+02	1.853625e-06
3.579581e+02	1.830046e-06
3.580683e+02	1.839934e-06
3.581755e+02	1.852103e-06
3.582841e+02	1.852103e-06
3.583947e+02	1.848300e-06
3.585049e+02	1.842216e-06
3.586122e+02	1.839934e-06
3.587208e+02	1.822439e-06
3.588301e+02	1.833088e-06
3.589387e+02	1.826242e-06
3.590456e+02	1.819397e-06
3.591527e+02	1.824721e-06
3.592617e+02	1.797339e-06
3.593687e+02	1.847540e-06
3.594783e+02	1.811030e-06
3.595884e+02	1.861231e-06
3.596978e+02	1.816354e-06
3.598085e+02	1.850582e-06
3.599171e+02	1.871880e-06
3.600273e+02	1.854385e-06
