# TEY data for sample P950-Hf10x4 2
# time(s)	normalized_TEY
0.000000e+00	1.823471e-06
1.102410e-01	1.846255e-06
2.180190e-01	1.847015e-06
3.272480e-01	1.808282e-06
4.344790e-01	1.826508e-06
5.466990e-01	1.840939e-06
6.549320e-01	1.813598e-06
7.621930e-01	1.812079e-06
8.694390e-01	1.814358e-06
9.756800e-01	1.852331e-06
1.083920e+00	1.822711e-06
1.192153e+00	1.811319e-06
1.300447e+00	1.869039e-06
1.412395e+00	1.815116e-06
1.519860e+00	1.824231e-06
1.629069e+00	1.823471e-06
1.737392e+00	1.828028e-06
1.845842e+00	1.837900e-06
1.954141e+00	1.840939e-06
2.063405e+00	1.829547e-06
2.170578e+00	1.826508e-06
2.278541e+00	1.812079e-06
2.388003e+00	1.818155e-06
2.496337e+00	1.849292e-06
2.604631e+00	1.831826e-06
2.711863e+00	1.864483e-06
2.822979e+00	1.841698e-06
2.932423e+00	1.839420e-06
3.039839e+00	1.849292e-06
3.146739e+00	1.811319e-06
3.257246e+00	1.844736e-06
3.367185e+00	1.840939e-06
3.480432e+00	1.853850e-06
3.590104e+00	1.830306e-06
3.701401e+00	1.805244e-06
3.809734e+00	1.799168e-06
3.917576e+00	1.840179e-06
4.025365e+00	1.818155e-06
4.134149e+00	1.807522e-06
4.242550e+00	1.840939e-06
4.350013e+00	1.835623e-06
4.458354e+00	1.828028e-06
4.565948e+00	1.834863e-06
4.673673e+00	1.825750e-06
4.782945e+00	1.843976e-06
4.890179e+00	1.841698e-06
4.997911e+00	1.853091e-06
5.106031e+00	1.876634e-06
5.214299e+00	1.829547e-06
5.321511e+00	1.828028e-06
5.428376e+00	1.845495e-06
5.539078e+00	1.838660e-06
5.647266e+00	1.837900e-06
5.754619e+00	1.830306e-06
5.863734e+00	1.788535e-06
5.972055e+00	1.814358e-06
6.079424e+00	1.813598e-06
6.186080e+00	1.825750e-06
6.292044e+00	1.829547e-06
6.402294e+00	1.804484e-06
6.511807e+00	1.849292e-06
6.620440e+00	1.821952e-06
6.727983e+00	1.843976e-06
6.837496e+00	1.867520e-06
6.944176e+00	1.870558e-06
7.052493e+00	1.869039e-06
7.159916e+00	1.850812e-06
7.268847e+00	1.858407e-06
7.378611e+00	1.859166e-06
7.485546e+00	1.837900e-06
7.594070e+00	1.854610e-06
7.703353e+00	1.836382e-06
7.813741e+00	1.821192e-06
7.922053e+00	1.845495e-06
8.031859e+00	1.859926e-06
8.141045e+00	1.838660e-06
8.248994e+00	1.864483e-06
8.357780e+00	1.859166e-06
8.465103e+00	1.872836e-06
8.572473e+00	1.866760e-06
8.680920e+00	1.878912e-06
8.788299e+00	1.851571e-06
8.896450e+00	1.880431e-06
9.006933e+00	1.824990e-06
9.115660e+00	1.879672e-06
9.223530e+00	1.823471e-06
9.331268e+00	1.844736e-06
9.438038e+00	1.874355e-06
9.546620e+00	1.846255e-06
9.655337e+00	1.850812e-06
9.763380e+00	1.850812e-06
9.869738e+00	1.846255e-06
9.977182e+00	1.862963e-06
1.008801e+01	1.829547e-06
1.019701e+01	1.871318e-06
1.030528e+01	1.864483e-06
1.041369e+01	1.843976e-06
1.052146e+01	1.834863e-06
1.062931e+01	1.834103e-06
1.073662e+01	1.845495e-06
1.084470e+01	1.864483e-06
1.095597e+01	1.887267e-06
1.106588e+01	1.854610e-06
1.117355e+01	1.843976e-06
1.128251e+01	1.872836e-06
1.138974e+01	1.855368e-06
1.149827e+01	1.871318e-06
1.160566e+01	1.850812e-06
1.171309e+01	1.875875e-06
1.182127e+01	1.853091e-06
1.192962e+01	1.856128e-06
1.204485e+01	1.866760e-06
1.215322e+01	1.835623e-06
1.225951e+01	1.850812e-06
1.236989e+01	1.834863e-06
1.247730e+01	1.812079e-06
1.258763e+01	1.830306e-06
1.269728e+01	1.856128e-06
1.280799e+01	1.859166e-06
1.291629e+01	1.852331e-06
1.302258e+01	1.865242e-06
1.313079e+01	1.807522e-06
1.323913e+01	1.839420e-06
1.334703e+01	1.832584e-06
1.345582e+01	1.821952e-06
1.356305e+01	1.875875e-06
1.367035e+01	1.839420e-06
1.377757e+01	1.828787e-06
1.388494e+01	1.822711e-06
1.399333e+01	1.806763e-06
1.410169e+01	1.832584e-06
1.421098e+01	1.828787e-06
1.431976e+01	1.826508e-06
1.442924e+01	1.799168e-06
1.453833e+01	1.831066e-06
1.464800e+01	1.847015e-06
1.475387e+01	1.850052e-06
1.486191e+01	1.837900e-06
1.496823e+01	1.848534e-06
1.507803e+01	1.842458e-06
1.518711e+01	1.840939e-06
1.529498e+01	1.824231e-06
1.540357e+01	1.848534e-06
1.551164e+01	1.859166e-06
1.561857e+01	1.834863e-06
1.572780e+01	1.851571e-06
1.583559e+01	1.821952e-06
1.594523e+01	1.827268e-06
1.605346e+01	1.849292e-06
1.616203e+01	1.836382e-06
1.627224e+01	1.856128e-06
1.638155e+01	1.818155e-06
1.649092e+01	1.837900e-06
1.659982e+01	1.818914e-06
1.670796e+01	1.834103e-06
1.681734e+01	1.839420e-06
1.692742e+01	1.859166e-06
1.703496e+01	1.866760e-06
1.714180e+01	1.843976e-06
1.725059e+01	1.821192e-06
1.735840e+01	1.843218e-06
1.746683e+01	1.839420e-06
1.757585e+01	1.821952e-06
1.768431e+01	1.853091e-06
1.779525e+01	1.837900e-06
1.790448e+01	1.794611e-06
1.801772e+01	1.792333e-06
1.812623e+01	1.831066e-06
1.823583e+01	1.806003e-06
1.834729e+01	1.849292e-06
1.845587e+01	1.837900e-06
1.856258e+01	1.852331e-06
1.867025e+01	1.831826e-06
1.877739e+01	1.839420e-06
1.888501e+01	1.843976e-06
1.899408e+01	1.816636e-06
1.910118e+01	1.850052e-06
1.921153e+01	1.822711e-06
1.932097e+01	1.823471e-06
1.942729e+01	1.847774e-06
1.953431e+01	1.836382e-06
1.964290e+01	1.818914e-06
1.975133e+01	1.837142e-06
1.985899e+01	1.830306e-06
1.996670e+01	1.835623e-06
2.007294e+01	1.843218e-06
2.018048e+01	1.846255e-06
2.028727e+01	1.833344e-06
2.039694e+01	1.835623e-06
2.050517e+01	1.836382e-06
2.061293e+01	1.834103e-06
2.072043e+01	1.843218e-06
2.082750e+01	1.824990e-06
2.093622e+01	1.828028e-06
2.104305e+01	1.836382e-06
2.115125e+01	1.850052e-06
2.126070e+01	1.835623e-06
2.136930e+01	1.806763e-06
2.147735e+01	1.857647e-06
2.158588e+01	1.856888e-06
2.169433e+01	1.855368e-06
2.180354e+01	1.785498e-06
2.191335e+01	1.791574e-06
2.202157e+01	1.805244e-06
2.213031e+01	1.845495e-06
2.223805e+01	1.833344e-06
2.234681e+01	1.825750e-06
2.245725e+01	1.834863e-06
2.256496e+01	1.843218e-06
2.267367e+01	1.806003e-06
2.278177e+01	1.822711e-06
2.289023e+01	1.867520e-06
2.299853e+01	1.846255e-06
2.310795e+01	1.847774e-06
2.321548e+01	1.842458e-06
2.332389e+01	1.815876e-06
2.343513e+01	1.799168e-06
2.354278e+01	1.815116e-06
2.365001e+01	1.858407e-06
2.375768e+01	1.842458e-06
2.386753e+01	1.809042e-06
2.397551e+01	1.825750e-06
2.408425e+01	1.852331e-06
2.419371e+01	1.826508e-06
2.430190e+01	1.809800e-06
2.441039e+01	1.786258e-06
2.451981e+01	1.841698e-06
2.462903e+01	1.808282e-06
2.473620e+01	1.866002e-06
2.484440e+01	1.774106e-06
2.495183e+01	1.854610e-06
2.505940e+01	1.819674e-06
2.516744e+01	1.806763e-06
2.527483e+01	1.839420e-06
2.538307e+01	1.841698e-06
2.549161e+01	1.824990e-06
2.559989e+01	1.848534e-06
2.570914e+01	1.826508e-06
2.581615e+01	1.850812e-06
2.592563e+01	1.841698e-06
2.603446e+01	1.847774e-06
2.614230e+01	1.824990e-06
2.625038e+01	1.833344e-06
2.635961e+01	1.850052e-06
2.646789e+01	1.811319e-06
2.657396e+01	1.838660e-06
2.668219e+01	1.790814e-06
2.679171e+01	1.811319e-06
2.689841e+01	1.850052e-06
2.700586e+01	1.834863e-06
2.711458e+01	1.862963e-06
2.722373e+01	1.837142e-06
2.733208e+01	1.824990e-06
2.743987e+01	1.806763e-06
2.754875e+01	1.813598e-06
2.766012e+01	1.835623e-06
2.777218e+01	1.820434e-06
2.788082e+01	1.841698e-06
2.798705e+01	1.806003e-06
2.809531e+01	1.834103e-06
2.820186e+01	1.831066e-06
2.831053e+01	1.834103e-06
2.841926e+01	1.862204e-06
2.852738e+01	1.856888e-06
2.863665e+01	1.831826e-06
2.874714e+01	1.859926e-06
2.885437e+01	1.858407e-06
2.896112e+01	1.860686e-06
2.906987e+01	1.821952e-06
2.917927e+01	1.841698e-06
2.928668e+01	1.815876e-06
2.939516e+01	1.864483e-06
2.950193e+01	1.815116e-06
2.961042e+01	1.855368e-06
2.971777e+01	1.847774e-06
2.982447e+01	1.841698e-06
2.993329e+01	1.851571e-06
3.004223e+01	1.814358e-06
3.015088e+01	1.846255e-06
3.025946e+01	1.797650e-06
3.036763e+01	1.840939e-06
3.047467e+01	1.831066e-06
3.058094e+01	1.839420e-06
3.069141e+01	1.851571e-06
3.080049e+01	1.843976e-06
3.090861e+01	1.874355e-06
3.101983e+01	1.818914e-06
3.112828e+01	1.817395e-06
3.123697e+01	1.812079e-06
3.134539e+01	1.838660e-06
3.145698e+01	1.845495e-06
3.156355e+01	1.852331e-06
3.167290e+01	1.839420e-06
3.178151e+01	1.843218e-06
3.188936e+01	1.831066e-06
3.199727e+01	1.853091e-06
3.210669e+01	1.802966e-06
3.221426e+01	1.818914e-06
3.232147e+01	1.840179e-06
3.242817e+01	1.818914e-06
3.253699e+01	1.843218e-06
3.264501e+01	1.825750e-06
3.275166e+01	1.822711e-06
3.285903e+01	1.811319e-06
3.296727e+01	1.848534e-06
3.307753e+01	1.834863e-06
3.318635e+01	1.854610e-06
3.329503e+01	1.844736e-06
3.340286e+01	1.836382e-06
3.350989e+01	1.832584e-06
3.361857e+01	1.855368e-06
3.372822e+01	1.817395e-06
3.383558e+01	1.821952e-06
3.394515e+01	1.818155e-06
3.405373e+01	1.821192e-06
3.416320e+01	1.849292e-06
3.427073e+01	1.848534e-06
3.438062e+01	1.848534e-06
3.448828e+01	1.790055e-06
3.459738e+01	1.831066e-06
3.470502e+01	1.848534e-06
3.481248e+01	1.850052e-06
3.492132e+01	1.839420e-06
3.502953e+01	1.829547e-06
3.513902e+01	1.837900e-06
3.524615e+01	1.827268e-06
3.535579e+01	1.824231e-06
3.546303e+01	1.813598e-06
3.557120e+01	1.847015e-06
3.568157e+01	1.831066e-06
3.578884e+01	1.872077e-06
3.589643e+01	1.841698e-06
3.600275e+01	1.888785e-06
3.611188e+01	1.842458e-06
3.621936e+01	1.876634e-06
3.632702e+01	1.879672e-06
3.643532e+01	1.863723e-06
3.654338e+01	1.852331e-06
3.665220e+01	1.850052e-06
3.676271e+01	1.843976e-06
3.687128e+01	1.859166e-06
3.697967e+01	1.824990e-06
3.708882e+01	1.837142e-06
3.719647e+01	1.856888e-06
3.730420e+01	1.821192e-06
3.741160e+01	1.836382e-06
3.752068e+01	1.843218e-06
3.763292e+01	1.820434e-06
3.774471e+01	1.866760e-06
3.785260e+01	1.818914e-06
3.796078e+01	1.812079e-06
3.806927e+01	1.869039e-06
3.817648e+01	1.847774e-06
3.828484e+01	1.844736e-06
3.839445e+01	1.819674e-06
3.850250e+01	1.851571e-06
3.861115e+01	1.837142e-06
3.872080e+01	1.834103e-06
3.883147e+01	1.855368e-06
3.894620e+01	1.850052e-06
3.905915e+01	1.797650e-06
3.916694e+01	1.841698e-06
3.927580e+01	1.793092e-06
3.938529e+01	1.838660e-06
3.949470e+01	1.824231e-06
3.960240e+01	1.831826e-06
3.971205e+01	1.791574e-06
3.982224e+01	1.842458e-06
3.993010e+01	1.820434e-06
4.003821e+01	1.832584e-06
4.014613e+01	1.853091e-06
4.025639e+01	1.847774e-06
4.036524e+01	1.818914e-06
4.047491e+01	1.814358e-06
4.058418e+01	1.852331e-06
4.069244e+01	1.834103e-06
4.079863e+01	1.831826e-06
4.090595e+01	1.849292e-06
4.101278e+01	1.828028e-06
4.112403e+01	1.841698e-06
4.123385e+01	1.857647e-06
4.134247e+01	1.851571e-06
4.145070e+01	1.837142e-06
4.156639e+01	1.818155e-06
4.167641e+01	1.857647e-06
4.178369e+01	1.828787e-06
4.189493e+01	1.853091e-06
4.200416e+01	1.845495e-06
4.211226e+01	1.779422e-06
4.222208e+01	1.860686e-06
4.233134e+01	1.828028e-06
4.244145e+01	1.797650e-06
4.254964e+01	1.838660e-06
4.265816e+01	1.818914e-06
4.276778e+01	1.799168e-06
4.287492e+01	1.827268e-06
4.298575e+01	1.819674e-06
4.309446e+01	1.840179e-06
4.320155e+01	1.818914e-06
4.330958e+01	1.844736e-06
4.341772e+01	1.862963e-06
4.352849e+01	1.838660e-06
4.363609e+01	1.839420e-06
4.374463e+01	1.807522e-06
4.385278e+01	1.849292e-06
4.396098e+01	1.829547e-06
4.406728e+01	1.837900e-06
4.417653e+01	1.819674e-06
4.428427e+01	1.836382e-06
4.439236e+01	1.841698e-06
4.450312e+01	1.866002e-06
4.461279e+01	1.813598e-06
4.472343e+01	1.852331e-06
4.483390e+01	1.809800e-06
4.494211e+01	1.827268e-06
4.504969e+01	1.864483e-06
4.516119e+01	1.847774e-06
4.527365e+01	1.824990e-06
4.538037e+01	1.836382e-06
4.548758e+01	1.846255e-06
4.559491e+01	1.857647e-06
4.570266e+01	1.820434e-06
4.581198e+01	1.844736e-06
4.592128e+01	1.856128e-06
4.602805e+01	1.859926e-06
4.613724e+01	1.834103e-06
4.624534e+01	1.843218e-06
4.635662e+01	1.850812e-06
4.646438e+01	1.822711e-06
4.657391e+01	1.839420e-06
4.668178e+01	1.825750e-06
4.679146e+01	1.843218e-06
4.689940e+01	1.835623e-06
4.700640e+01	1.852331e-06
4.711633e+01	1.828787e-06
4.722552e+01	1.819674e-06
4.733444e+01	1.836382e-06
4.744240e+01	1.847015e-06
4.755065e+01	1.814358e-06
4.765911e+01	1.837142e-06
4.776762e+01	1.840939e-06
4.787631e+01	1.847774e-06
4.798534e+01	1.851571e-06
4.809401e+01	1.831826e-06
4.820209e+01	1.819674e-06
4.831124e+01	1.797650e-06
4.842146e+01	1.850812e-06
4.853068e+01	1.828787e-06
4.863875e+01	1.849292e-06
4.874830e+01	1.818914e-06
4.885521e+01	1.883469e-06
4.896243e+01	1.815876e-06
4.907008e+01	1.837900e-06
4.917814e+01	1.840179e-06
4.928539e+01	1.834103e-06
4.939524e+01	1.847774e-06
4.950211e+01	1.840939e-06
4.960821e+01	1.859166e-06
4.971644e+01	1.852331e-06
4.983705e+01	1.823471e-06
4.994535e+01	1.828028e-06
5.005394e+01	1.850052e-06
5.016157e+01	1.845495e-06
5.027016e+01	1.823471e-06
5.037786e+01	1.870558e-06
5.048660e+01	1.842458e-06
5.059478e+01	1.808282e-06
5.070401e+01	1.847774e-06
5.081323e+01	1.865242e-06
5.092461e+01	1.837142e-06
5.103252e+01	1.828028e-06
5.114256e+01	1.839420e-06
5.125085e+01	1.838660e-06
5.135817e+01	1.824231e-06
5.146683e+01	1.835623e-06
5.157568e+01	1.837900e-06
5.168521e+01	1.858407e-06
5.179443e+01	1.821192e-06
5.190203e+01	1.843218e-06
5.201303e+01	1.812079e-06
5.212071e+01	1.865242e-06
5.222998e+01	1.849292e-06
5.233915e+01	1.850052e-06
5.244686e+01	1.812079e-06
5.255480e+01	1.825750e-06
5.266610e+01	1.856888e-06
5.278851e+01	1.850052e-06
5.289778e+01	1.833344e-06
5.300640e+01	1.833344e-06
5.311521e+01	1.832584e-06
5.322241e+01	1.873596e-06
5.333171e+01	1.844736e-06
5.344234e+01	1.840179e-06
5.355161e+01	1.839420e-06
5.366165e+01	1.806763e-06
5.377029e+01	1.826508e-06
5.387729e+01	1.840179e-06
5.398735e+01	1.875875e-06
5.409562e+01	1.862204e-06
5.420474e+01	1.868280e-06
5.431246e+01	1.837900e-06
5.442176e+01	1.848534e-06
5.452991e+01	1.887267e-06
5.463850e+01	1.882710e-06
5.474539e+01	1.835623e-06
5.485710e+01	1.837142e-06
5.496416e+01	1.874355e-06
5.507093e+01	1.881191e-06
5.517893e+01	1.858407e-06
5.528777e+01	1.846255e-06
5.539802e+01	1.859926e-06
5.550669e+01	1.853850e-06
5.561402e+01	1.853850e-06
5.572148e+01	1.826508e-06
5.583069e+01	1.856128e-06
5.594031e+01	1.843218e-06
5.604893e+01	1.840939e-06
5.615713e+01	1.855368e-06
5.626694e+01	1.860686e-06
5.637434e+01	1.863723e-06
5.648172e+01	1.859166e-06
5.658975e+01	1.831826e-06
5.669791e+01	1.815876e-06
5.680695e+01	1.879672e-06
5.691625e+01	1.910051e-06
5.702707e+01	1.885747e-06
5.713466e+01	1.840179e-06
5.724396e+01	1.822711e-06
5.735167e+01	1.857647e-06
5.745867e+01	1.850812e-06
5.756578e+01	1.824990e-06
5.767495e+01	1.860686e-06
5.778451e+01	1.845495e-06
5.789516e+01	1.802206e-06
5.800239e+01	1.847015e-06
5.811044e+01	1.842458e-06
5.821742e+01	1.860686e-06
5.832904e+01	1.852331e-06
5.843719e+01	1.865242e-06
5.854628e+01	1.829547e-06
5.865351e+01	1.866002e-06
5.876236e+01	1.837142e-06
5.887020e+01	1.828787e-06
5.897720e+01	1.836382e-06
5.908753e+01	1.851571e-06
5.919815e+01	1.875115e-06
5.930638e+01	1.848534e-06
5.941565e+01	1.833344e-06
5.952408e+01	1.840939e-06
5.963323e+01	1.824231e-06
5.974473e+01	1.807522e-06
5.985299e+01	1.857647e-06
5.996107e+01	1.818155e-06
6.006996e+01	1.208303e-03
6.017857e+01	1.506153e-03
6.028895e+01	1.408331e-03
6.039823e+01	1.312356e-03
6.050653e+01	1.231101e-03
6.061574e+01	1.166302e-03
6.072489e+01	1.115038e-03
6.083226e+01	1.073569e-03
6.094119e+01	1.038928e-03
6.105074e+01	1.009570e-03
6.116333e+01	9.857303e-04
6.127152e+01	9.656561e-04
6.138328e+01	9.480905e-04
6.149218e+01	9.335778e-04
6.160050e+01	9.207900e-04
6.170956e+01	9.095430e-04
6.181893e+01	8.991893e-04
6.192782e+01	8.900681e-04
6.203680e+01	8.820178e-04
6.214769e+01	8.745241e-04
6.225935e+01	8.680185e-04
6.236874e+01	8.621061e-04
6.247793e+01	8.566630e-04
6.258670e+01	8.518366e-04
6.269478e+01	8.471674e-04
6.280455e+01	8.430291e-04
6.291337e+01	8.393230e-04
6.302313e+01	8.357428e-04
6.313056e+01	8.324087e-04
6.324079e+01	8.294771e-04
6.335025e+01	8.175483e-04
6.346032e+01	8.244002e-04
6.357032e+01	8.223193e-04
6.367784e+01	8.199741e-04
6.378658e+01	8.176386e-04
6.389370e+01	8.156785e-04
6.400402e+01	8.136127e-04
6.411312e+01	8.118287e-04
6.422068e+01	8.101359e-04
6.433078e+01	8.083003e-04
6.444242e+01	8.067161e-04
6.455216e+01	8.052275e-04
6.466224e+01	8.036767e-04
6.477000e+01	8.025207e-04
6.488024e+01	8.011810e-04
6.499210e+01	7.998763e-04
6.510132e+01	7.986847e-04
6.521237e+01	7.975759e-04
6.532192e+01	7.963379e-04
6.543038e+01	7.954562e-04
6.553828e+01	7.945395e-04
6.564641e+01	7.934823e-04
6.575460e+01	7.925854e-04
6.586284e+01	7.917409e-04
6.597373e+01	7.908409e-04
6.608270e+01	7.899212e-04
6.619176e+01	7.893106e-04
6.629883e+01	7.883233e-04
6.640730e+01	7.876801e-04
6.651661e+01	7.870254e-04
6.662453e+01	7.862538e-04
6.673466e+01	7.856098e-04
6.684717e+01	7.849506e-04
6.695849e+01	7.843133e-04
6.706683e+01	7.836124e-04
6.718021e+01	7.830396e-04
6.729195e+01	7.825847e-04
6.739935e+01	7.818238e-04
6.750782e+01	7.813096e-04
6.761703e+01	7.808061e-04
6.772528e+01	7.802798e-04
6.783608e+01	7.797596e-04
6.794415e+01	7.792469e-04
6.805543e+01	7.786940e-04
6.816464e+01	7.783265e-04
6.827257e+01	7.779140e-04
6.838020e+01	7.773460e-04
6.848891e+01	7.768812e-04
6.859683e+01	7.764772e-04
6.870723e+01	7.760261e-04
6.881650e+01	7.755506e-04
6.892338e+01	7.750729e-04
6.903262e+01	7.746811e-04
6.914299e+01	7.745330e-04
6.925179e+01	7.740962e-04
6.936029e+01	7.735456e-04
6.946881e+01	7.731955e-04
6.957720e+01	7.727604e-04
6.968485e+01	7.724201e-04
6.979333e+01	7.720351e-04
6.990331e+01	7.716545e-04
7.001530e+01	7.713766e-04
7.012694e+01	7.709490e-04
7.023578e+01	7.706839e-04
7.034517e+01	7.702753e-04
7.045318e+01	7.700574e-04
7.056054e+01	7.696306e-04
7.066924e+01	7.692251e-04
7.077815e+01	7.690208e-04
7.088671e+01	7.688088e-04
7.099626e+01	7.684739e-04
7.110702e+01	7.681435e-04
7.121766e+01	7.677692e-04
7.132943e+01	7.673932e-04
7.144041e+01	7.671464e-04
7.154908e+01	7.671099e-04
7.165791e+01	7.667272e-04
7.176855e+01	7.662351e-04
7.187726e+01	7.659495e-04
7.198690e+01	7.660368e-04
7.209583e+01	7.656184e-04
7.220571e+01	7.652720e-04
7.231484e+01	7.651521e-04
7.242507e+01	7.646067e-04
7.253335e+01	7.646340e-04
7.263973e+01	7.643325e-04
7.274858e+01	7.640766e-04
7.285987e+01	7.637964e-04
7.297003e+01	7.636885e-04
7.308101e+01	7.633696e-04
7.319067e+01	7.629982e-04
7.330024e+01	7.629359e-04
7.341125e+01	7.626800e-04
7.351833e+01	7.624977e-04
7.362785e+01	7.620990e-04
7.373619e+01	7.621559e-04
7.384747e+01	7.618407e-04
7.395704e+01	7.617109e-04
7.406762e+01	7.613600e-04
7.417495e+01	7.613083e-04
7.428313e+01	7.610023e-04
7.439655e+01	7.607630e-04
7.450561e+01	7.606317e-04
7.461471e+01	7.605322e-04
7.472397e+01	7.602102e-04
7.483232e+01	7.600059e-04
7.493948e+01	7.599717e-04
7.504700e+01	7.597287e-04
7.515839e+01	7.594340e-04
7.526578e+01	7.593072e-04
7.537505e+01	7.592092e-04
7.548942e+01	7.589624e-04
7.559768e+01	7.587323e-04
7.570797e+01	7.586418e-04
7.581667e+01	7.584976e-04
7.592612e+01	7.582257e-04
7.603752e+01	7.582242e-04
7.614712e+01	7.579865e-04
7.625582e+01	7.577344e-04
7.636634e+01	7.576097e-04
7.647478e+01	7.574920e-04
7.658424e+01	7.574108e-04
7.669358e+01	7.571244e-04
7.680132e+01	7.569225e-04
7.690932e+01	7.569232e-04
7.701753e+01	7.566627e-04
7.712613e+01	7.564782e-04
7.723483e+01	7.564090e-04
7.734418e+01	7.562701e-04
7.745250e+01	7.560248e-04
7.756074e+01	7.560255e-04
7.766931e+01	7.558516e-04
7.778103e+01	7.555766e-04
7.788935e+01	7.555539e-04
7.800007e+01	7.554149e-04
7.811222e+01	7.551810e-04
7.822013e+01	7.551233e-04
7.832840e+01	7.550344e-04
7.843862e+01	7.548529e-04
7.854729e+01	7.545970e-04
7.865738e+01	7.546578e-04
7.876593e+01	7.545020e-04
7.887441e+01	7.542536e-04
7.898464e+01	7.543023e-04
7.909400e+01	7.540479e-04
7.920242e+01	7.539735e-04
7.931194e+01	7.538930e-04
7.942286e+01	7.537859e-04
7.953087e+01	7.535353e-04
7.964015e+01	7.534965e-04
7.974876e+01	7.534654e-04
7.985824e+01	7.531373e-04
7.996727e+01	7.530059e-04
8.007608e+01	7.529345e-04
8.018597e+01	7.527682e-04
8.029535e+01	7.526421e-04
8.040210e+01	7.526004e-04
8.051232e+01	7.524674e-04
8.062071e+01	7.523467e-04
8.072815e+01	7.523512e-04
8.083754e+01	7.522176e-04
8.094706e+01	7.520794e-04
8.105856e+01	7.519426e-04
8.116678e+01	7.518963e-04
8.127501e+01	7.517870e-04
8.138326e+01	7.516244e-04
8.149223e+01	7.517178e-04
8.160053e+01	7.514277e-04
8.170719e+01	7.513867e-04
8.181887e+01	7.512554e-04
8.192651e+01	7.511915e-04
8.203437e+01	7.510707e-04
8.214504e+01	7.509728e-04
8.225461e+01	7.509098e-04
8.236444e+01	7.507723e-04
8.247464e+01	7.507313e-04
8.258278e+01	7.505976e-04
8.269367e+01	7.503979e-04
8.280176e+01	7.503895e-04
8.291179e+01	7.503553e-04
8.302243e+01	7.501715e-04
8.313170e+01	7.500455e-04
8.324317e+01	7.500926e-04
8.335248e+01	7.499202e-04
8.345974e+01	7.498048e-04
8.356861e+01	7.498693e-04
8.367749e+01	7.496399e-04
8.378475e+01	7.494941e-04
8.389360e+01	7.495154e-04
8.400167e+01	7.493642e-04
8.411025e+01	7.493225e-04
8.421931e+01	7.492412e-04
8.432757e+01	7.492655e-04
8.443549e+01	7.491866e-04
8.454483e+01	7.490012e-04
8.465393e+01	7.489215e-04
8.476112e+01	7.488706e-04
8.486993e+01	7.487354e-04
8.497907e+01	7.487339e-04
8.509172e+01	7.486648e-04
8.520578e+01	7.404078e-04
8.531518e+01	7.489397e-04
8.542646e+01	7.490209e-04
8.553721e+01	7.490111e-04
8.564557e+01	7.489253e-04
8.575607e+01	7.489944e-04
8.586909e+01	7.487901e-04
8.597762e+01	7.486541e-04
8.608890e+01	7.485713e-04
8.620185e+01	7.485539e-04
8.630959e+01	7.483534e-04
8.641931e+01	7.483762e-04
8.652845e+01	7.484575e-04
8.663852e+01	7.481902e-04
8.674800e+01	7.481506e-04
8.685830e+01	7.481924e-04
8.696692e+01	7.480033e-04
8.707631e+01	7.477922e-04
8.718576e+01	7.479235e-04
8.729537e+01	7.478149e-04
8.740528e+01	7.477512e-04
8.751583e+01	7.477322e-04
8.762572e+01	7.475621e-04
8.773694e+01	7.474702e-04
8.784505e+01	7.474003e-04
8.795503e+01	7.473950e-04
8.806694e+01	7.473684e-04
8.817750e+01	7.473486e-04
8.828676e+01	7.472430e-04
8.839299e+01	7.473099e-04
8.850146e+01	7.471314e-04
8.861144e+01	7.470867e-04
8.872156e+01	7.469537e-04
8.883120e+01	7.469811e-04
8.893948e+01	7.467889e-04
8.905030e+01	7.467669e-04
8.916164e+01	7.467866e-04
8.926963e+01	7.466096e-04
8.937835e+01	7.466590e-04
8.948640e+01	7.465686e-04
8.959578e+01	7.464820e-04
8.970554e+01	7.464502e-04
8.981394e+01	7.464282e-04
8.992301e+01	7.463286e-04
9.002934e+01	7.462459e-04
9.013778e+01	7.462353e-04
9.024769e+01	7.461715e-04
9.035656e+01	7.460234e-04
9.046616e+01	7.461145e-04
9.057547e+01	7.459740e-04
9.068498e+01	7.459284e-04
9.079474e+01	7.458707e-04
9.090429e+01	7.457864e-04
9.101292e+01	7.457834e-04
9.112184e+01	7.457591e-04
9.123147e+01	7.455639e-04
9.134127e+01	7.455662e-04
9.145329e+01	7.455510e-04
9.156216e+01	7.455639e-04
9.167159e+01	7.454409e-04
9.178341e+01	7.454598e-04
9.189089e+01	7.453307e-04
9.200072e+01	7.452700e-04
9.211357e+01	7.452442e-04
9.222156e+01	7.451674e-04
9.233159e+01	7.450794e-04
9.244001e+01	7.450695e-04
9.254735e+01	7.450885e-04
9.265831e+01	7.448469e-04
9.276875e+01	7.448796e-04
9.287945e+01	7.448659e-04
9.298682e+01	7.448174e-04
9.309527e+01	7.447330e-04
9.320324e+01	7.447080e-04
9.331255e+01	7.446298e-04
9.342288e+01	7.445888e-04
9.353170e+01	7.445272e-04
9.364018e+01	7.445097e-04
9.375048e+01	7.445037e-04
9.386190e+01	7.443654e-04
9.397156e+01	7.445082e-04
9.408374e+01	7.442325e-04
9.419304e+01	7.443609e-04
9.430127e+01	7.443107e-04
9.441063e+01	7.442029e-04
9.452026e+01	7.440571e-04
9.462829e+01	7.441103e-04
9.473771e+01	7.440502e-04
9.484672e+01	7.439447e-04
9.495597e+01	7.440313e-04
9.506573e+01	7.439569e-04
9.517565e+01	7.438567e-04
9.528367e+01	7.438673e-04
9.539334e+01	7.437496e-04
9.550439e+01	7.437033e-04
9.561386e+01	7.438148e-04
9.572311e+01	7.438384e-04
9.583336e+01	7.437443e-04
9.594559e+01	7.436090e-04
9.605460e+01	7.435704e-04
9.616367e+01	7.435673e-04
9.627131e+01	7.435308e-04
9.638452e+01	7.437169e-04
9.649243e+01	7.437434e-04
9.660193e+01	7.435248e-04
9.671192e+01	7.433782e-04
9.682092e+01	7.434525e-04
9.693004e+01	7.433562e-04
9.703777e+01	7.434541e-04
9.714923e+01	7.433758e-04
9.725787e+01	7.433994e-04
9.736975e+01	7.432559e-04
9.748117e+01	7.431047e-04
9.758927e+01	7.432513e-04
9.769942e+01	7.432202e-04
9.780978e+01	7.431655e-04
9.791888e+01	7.429377e-04
9.802846e+01	7.431534e-04
9.813632e+01	7.430494e-04
9.824588e+01	7.428830e-04
9.835421e+01	7.430174e-04
9.846250e+01	7.429787e-04
9.857191e+01	7.427303e-04
9.867978e+01	7.428343e-04
9.878722e+01	7.429908e-04
9.889618e+01	7.426285e-04
9.900450e+01	7.426560e-04
9.911678e+01	7.427409e-04
9.922508e+01	7.425890e-04
9.933413e+01	7.427638e-04
9.944403e+01	7.425298e-04
9.955368e+01	7.425921e-04
9.966133e+01	7.425093e-04
9.977070e+01	7.424995e-04
9.988141e+01	7.424918e-04
9.998943e+01	7.424076e-04
1.001013e+02	7.425055e-04
1.002087e+02	7.423232e-04
1.003179e+02	7.423179e-04
1.004267e+02	7.424471e-04
1.005348e+02	7.424804e-04
1.006485e+02	7.422344e-04
1.007578e+02	7.423270e-04
1.008672e+02	7.422845e-04
1.009762e+02	7.422580e-04
1.010849e+02	7.420772e-04
1.011972e+02	7.422450e-04
1.013053e+02	7.420719e-04
1.014136e+02	7.420916e-04
1.015214e+02	7.420149e-04
1.016306e+02	7.421159e-04
1.017415e+02	7.420286e-04
1.018522e+02	7.419785e-04
1.019619e+02	7.420993e-04
1.020702e+02	7.419208e-04
1.021792e+02	7.419587e-04
1.022888e+02	7.417643e-04
1.023985e+02	7.418554e-04
1.025167e+02	7.419086e-04
1.026260e+02	7.418494e-04
1.027328e+02	7.417332e-04
1.028421e+02	7.417802e-04
1.029514e+02	7.337664e-04
1.030616e+02	7.420354e-04
1.031691e+02	7.423529e-04
1.032778e+02	7.422527e-04
1.033904e+02	7.424273e-04
1.034986e+02	7.423969e-04
1.036075e+02	7.422245e-04
1.037170e+02	7.422875e-04
1.038266e+02	7.423384e-04
1.039346e+02	7.421447e-04
1.040444e+02	7.421334e-04
1.041556e+02	7.421789e-04
1.042657e+02	7.421083e-04
1.043759e+02	7.421068e-04
1.044854e+02	7.421182e-04
1.045938e+02	7.422306e-04
1.047029e+02	7.420938e-04
1.048146e+02	7.420180e-04
1.049229e+02	7.418289e-04
1.050314e+02	7.420149e-04
1.051412e+02	7.419155e-04
1.052494e+02	7.418994e-04
1.053575e+02	7.418584e-04
1.054668e+02	7.418904e-04
1.055773e+02	7.419018e-04
1.056874e+02	7.418653e-04
1.057966e+02	7.418668e-04
1.059070e+02	7.418661e-04
1.060191e+02	7.417696e-04
1.061272e+02	7.418121e-04
1.062371e+02	7.416656e-04
1.063491e+02	7.418858e-04
1.064599e+02	7.417043e-04
1.065690e+02	7.416268e-04
1.066786e+02	7.417112e-04
1.067879e+02	7.417962e-04
1.068971e+02	7.416686e-04
1.070084e+02	7.415759e-04
1.071170e+02	7.415684e-04
1.072280e+02	7.415827e-04
1.073390e+02	7.415342e-04
1.074490e+02	7.415122e-04
1.075587e+02	7.415304e-04
1.076694e+02	7.414727e-04
1.077775e+02	7.415122e-04
1.078869e+02	7.415426e-04
1.079966e+02	7.414749e-04
1.081051e+02	7.414650e-04
1.082146e+02	7.414104e-04
1.083221e+02	7.414597e-04
1.084297e+02	7.414293e-04
1.085415e+02	7.415532e-04
1.086522e+02	7.412577e-04
1.087633e+02	7.412137e-04
1.088746e+02	7.413374e-04
1.089839e+02	7.414066e-04
1.090912e+02	7.412479e-04
1.092009e+02	7.413215e-04
1.093107e+02	7.413344e-04
1.094205e+02	7.411666e-04
1.095318e+02	7.411863e-04
1.096406e+02	7.413974e-04
1.097529e+02	7.410899e-04
1.098635e+02	7.411058e-04
1.099710e+02	7.411377e-04
1.100809e+02	7.411483e-04
1.101904e+02	7.411552e-04
1.103004e+02	7.410375e-04
1.104128e+02	7.410428e-04
1.105214e+02	7.410534e-04
1.106295e+02	7.410626e-04
1.107376e+02	7.410231e-04
1.108472e+02	7.409191e-04
1.109576e+02	7.410390e-04
1.110688e+02	7.409638e-04
1.111785e+02	7.408810e-04
1.112898e+02	7.408955e-04
1.113986e+02	7.409235e-04
1.115084e+02	7.408514e-04
1.116186e+02	7.407944e-04
1.117269e+02	7.409235e-04
1.118354e+02	7.408081e-04
1.119457e+02	7.407754e-04
1.120535e+02	7.407162e-04
1.121616e+02	7.409410e-04
1.122715e+02	7.407512e-04
1.123798e+02	7.407382e-04
1.124877e+02	7.408089e-04
1.125970e+02	7.406866e-04
1.127055e+02	7.407406e-04
1.128142e+02	7.407238e-04
1.129236e+02	7.407435e-04
1.130404e+02	7.406463e-04
1.131487e+02	7.408065e-04
1.132572e+02	7.408074e-04
1.133660e+02	7.405720e-04
1.134747e+02	7.405932e-04
1.135837e+02	7.407413e-04
1.136917e+02	7.403988e-04
1.138000e+02	7.405643e-04
1.139143e+02	7.405515e-04
1.140224e+02	7.405142e-04
1.141338e+02	7.406350e-04
1.142449e+02	7.406000e-04
1.143534e+02	7.404724e-04
1.144644e+02	7.404611e-04
1.145747e+02	7.406130e-04
1.146837e+02	7.403981e-04
1.147950e+02	7.404830e-04
1.149047e+02	7.404830e-04
1.150137e+02	7.404299e-04
1.151230e+02	7.404375e-04
1.152332e+02	7.403472e-04
1.153416e+02	7.403745e-04
1.154495e+02	7.402568e-04
1.155597e+02	7.403677e-04
1.156700e+02	7.403152e-04
1.157795e+02	7.401991e-04
1.158869e+02	7.403866e-04
1.159977e+02	7.402993e-04
1.161051e+02	7.402560e-04
1.162143e+02	7.403183e-04
1.163250e+02	7.402256e-04
1.164333e+02	7.402628e-04
1.165447e+02	7.402355e-04
1.166547e+02	7.401671e-04
1.167634e+02	7.401793e-04
1.168715e+02	7.401991e-04
1.169787e+02	7.401094e-04
1.170877e+02	7.401489e-04
1.171968e+02	7.401299e-04
1.173051e+02	7.401436e-04
1.174143e+02	7.401581e-04
1.175221e+02	7.401383e-04
1.176286e+02	7.400706e-04
1.177380e+02	7.402674e-04
1.178469e+02	7.400684e-04
1.179542e+02	7.401003e-04
1.180614e+02	7.399787e-04
1.181732e+02	7.400448e-04
1.182814e+02	7.399681e-04
1.183898e+02	7.400882e-04
1.184993e+02	7.400054e-04
1.186113e+02	7.400236e-04
1.187198e+02	7.400554e-04
1.188289e+02	7.398762e-04
1.189405e+02	7.400221e-04
1.190523e+02	7.399758e-04
1.191623e+02	7.399271e-04
1.192726e+02	7.399423e-04
1.193829e+02	7.398952e-04
1.194947e+02	7.399811e-04
1.196038e+02	7.399430e-04
1.197119e+02	7.399423e-04
1.198215e+02	7.399059e-04
1.199288e+02	7.398899e-04
1.200373e+02	7.399780e-04
1.201459e+02	7.398026e-04
1.202529e+02	7.399196e-04
1.203629e+02	7.398937e-04
1.204741e+02	7.397790e-04
1.205826e+02	7.399591e-04
1.206922e+02	7.398209e-04
1.208017e+02	7.397813e-04
1.209129e+02	7.398610e-04
1.210214e+02	7.398011e-04
1.211326e+02	7.398094e-04
1.212423e+02	7.398626e-04
1.213514e+02	7.398110e-04
1.214599e+02	7.397160e-04
1.215684e+02	7.397312e-04
1.216790e+02	7.397616e-04
1.217879e+02	7.398345e-04
1.218980e+02	7.396970e-04
1.220081e+02	7.397319e-04
1.221183e+02	7.397259e-04
1.222285e+02	7.397471e-04
1.223391e+02	7.397471e-04
1.224500e+02	7.396051e-04
1.225597e+02	7.396613e-04
1.226696e+02	7.396629e-04
1.227793e+02	7.396219e-04
1.228890e+02	7.395633e-04
1.229994e+02	7.396287e-04
1.231089e+02	7.395990e-04
1.232181e+02	7.396757e-04
1.233289e+02	7.395520e-04
1.234378e+02	7.317013e-04
1.235473e+02	7.399181e-04
1.236560e+02	7.401876e-04
1.237668e+02	7.402901e-04
1.238761e+02	7.402385e-04
1.239845e+02	7.402196e-04
1.240926e+02	7.402765e-04
1.241998e+02	7.402028e-04
1.243085e+02	7.402643e-04
1.244166e+02	7.402256e-04
1.245248e+02	7.401793e-04
1.246327e+02	7.402035e-04
1.247451e+02	7.401345e-04
1.248559e+02	7.402370e-04
1.249673e+02	7.401132e-04
1.250762e+02	7.401482e-04
1.251852e+02	7.401535e-04
1.252967e+02	7.400402e-04
1.254056e+02	7.401337e-04
1.255157e+02	7.401876e-04
1.256271e+02	7.400494e-04
1.257358e+02	7.399818e-04
1.258458e+02	7.400600e-04
1.259578e+02	7.401466e-04
1.260651e+02	7.401116e-04
1.261757e+02	7.400228e-04
1.262852e+02	7.399492e-04
1.263948e+02	7.400988e-04
1.265038e+02	7.398983e-04
1.266125e+02	7.401147e-04
1.267242e+02	7.399278e-04
1.268358e+02	7.401019e-04
1.269448e+02	7.398960e-04
1.270556e+02	7.401003e-04
1.271660e+02	7.398436e-04
1.272749e+02	7.400197e-04
1.273865e+02	7.399879e-04
1.274955e+02	7.398839e-04
1.276068e+02	7.399948e-04
1.277152e+02	7.399917e-04
1.278288e+02	7.398610e-04
1.279395e+02	7.399886e-04
1.280488e+02	7.400706e-04
1.281586e+02	7.399826e-04
1.282677e+02	7.399895e-04
1.283763e+02	7.398839e-04
1.284875e+02	7.399560e-04
1.285968e+02	7.399225e-04
1.287057e+02	7.398800e-04
1.288150e+02	7.398923e-04
1.289241e+02	7.399575e-04
1.290344e+02	7.398048e-04
1.291447e+02	7.399553e-04
1.292550e+02	7.398595e-04
1.293644e+02	7.399439e-04
1.294741e+02	7.398200e-04
1.295850e+02	7.397691e-04
1.296957e+02	7.398231e-04
1.298118e+02	7.398535e-04
1.299223e+02	7.398170e-04
1.300321e+02	7.397768e-04
1.301424e+02	7.398663e-04
1.302509e+02	7.397927e-04
1.303601e+02	7.397585e-04
1.304673e+02	7.397638e-04
1.305749e+02	7.397768e-04
1.306841e+02	7.397585e-04
1.307978e+02	7.397867e-04
1.309065e+02	7.397001e-04
1.310180e+02	7.398064e-04
1.311314e+02	7.398467e-04
1.312402e+02	7.396347e-04
1.313544e+02	7.395732e-04
1.314659e+02	7.397768e-04
1.315743e+02	7.399271e-04
1.316863e+02	7.396279e-04
1.317954e+02	7.395247e-04
1.319034e+02	7.397973e-04
1.320123e+02	7.396880e-04
1.321206e+02	7.397054e-04
1.322302e+02	7.397867e-04
1.323387e+02	7.396576e-04
1.324483e+02	7.396371e-04
1.325585e+02	7.396750e-04
1.326671e+02	7.396825e-04
1.327775e+02	7.396051e-04
1.328862e+02	7.396355e-04
1.329977e+02	7.396408e-04
1.331062e+02	7.394851e-04
1.332150e+02	7.395276e-04
1.333231e+02	7.396530e-04
1.334316e+02	7.394859e-04
1.335389e+02	7.395155e-04
1.336470e+02	7.395223e-04
1.337578e+02	7.396043e-04
1.338656e+02	7.395360e-04
1.339739e+02	7.394912e-04
1.340819e+02	7.394722e-04
1.341939e+02	7.394434e-04
1.343031e+02	7.395611e-04
1.344156e+02	7.394054e-04
1.345259e+02	7.393651e-04
1.346338e+02	7.395102e-04
1.347418e+02	7.395132e-04
1.348513e+02	7.394524e-04
1.349644e+02	7.395330e-04
1.350739e+02	7.395641e-04
1.351848e+02	7.394881e-04
1.352946e+02	7.394213e-04
1.354029e+02	7.395033e-04
1.355126e+02	7.392854e-04
1.356250e+02	7.396272e-04
1.357333e+02	7.392596e-04
1.358427e+02	7.393713e-04
1.359516e+02	7.393978e-04
1.360651e+02	7.394828e-04
1.361729e+02	7.392755e-04
1.362854e+02	7.393347e-04
1.363947e+02	7.394275e-04
1.365042e+02	7.393781e-04
1.366140e+02	7.392611e-04
1.367237e+02	7.394760e-04
1.368331e+02	7.392679e-04
1.369436e+02	7.393195e-04
1.370536e+02	7.392444e-04
1.371637e+02	7.392603e-04
1.372729e+02	7.394077e-04
1.373827e+02	7.392953e-04
1.374915e+02	7.394015e-04
1.376005e+02	7.393112e-04
1.377110e+02	7.393424e-04
1.378194e+02	7.392770e-04
1.379298e+02	7.392580e-04
1.380375e+02	7.393028e-04
1.381475e+02	7.393325e-04
1.382563e+02	7.393484e-04
1.383639e+02	7.393317e-04
1.384718e+02	7.394449e-04
1.385822e+02	7.393173e-04
1.386934e+02	7.393120e-04
1.388015e+02	7.393614e-04
1.389101e+02	7.393096e-04
1.390195e+02	7.392664e-04
1.391294e+02	7.393993e-04
1.392388e+02	7.393438e-04
1.393471e+02	7.393902e-04
1.394580e+02	7.392739e-04
1.395675e+02	7.394372e-04
1.396775e+02	7.392611e-04
1.397859e+02	7.393082e-04
1.398945e+02	7.393127e-04
1.400038e+02	7.392300e-04
1.401141e+02	7.391897e-04
1.402233e+02	7.393043e-04
1.403343e+02	7.393028e-04
1.404431e+02	7.392596e-04
1.405523e+02	7.392770e-04
1.406597e+02	7.392398e-04
1.407688e+02	7.393378e-04
1.408793e+02	7.392512e-04
1.409884e+02	7.391714e-04
1.410959e+02	7.390864e-04
1.412063e+02	7.391388e-04
1.413166e+02	7.393438e-04
1.414241e+02	7.391935e-04
1.415333e+02	7.391562e-04
1.416408e+02	7.393598e-04
1.417508e+02	7.391981e-04
1.418593e+02	7.391776e-04
1.419673e+02	7.392763e-04
1.420763e+02	7.392573e-04
1.421838e+02	7.391396e-04
1.422911e+02	7.390416e-04
1.423999e+02	7.393105e-04
1.425090e+02	7.390599e-04
1.426155e+02	7.392087e-04
1.427250e+02	7.391099e-04
1.428347e+02	7.390804e-04
1.429429e+02	7.391646e-04
1.430515e+02	7.391904e-04
1.431631e+02	7.390211e-04
1.432700e+02	7.393052e-04
1.433778e+02	7.392109e-04
1.434881e+02	7.390013e-04
1.435963e+02	7.391335e-04
1.437031e+02	7.391943e-04
1.438100e+02	7.391053e-04
1.439180e+02	7.313771e-04
1.440277e+02	7.393781e-04
1.441380e+02	7.398853e-04
1.442459e+02	7.396728e-04
1.443538e+02	7.398694e-04
1.444620e+02	7.399454e-04
1.445684e+02	7.397768e-04
1.446784e+02	7.396537e-04
1.447873e+02	7.398079e-04
1.448952e+02	7.397456e-04
1.450046e+02	7.397206e-04
1.451132e+02	7.399340e-04
1.452226e+02	7.399249e-04
1.453314e+02	7.398018e-04
1.454380e+02	7.397160e-04
1.455453e+02	7.396818e-04
1.456550e+02	7.395565e-04
1.457640e+02	7.398163e-04
1.458732e+02	7.398398e-04
1.459850e+02	7.395549e-04
1.460948e+02	7.396014e-04
1.462020e+02	7.396514e-04
1.463124e+02	7.398337e-04
1.464236e+02	7.398018e-04
1.465323e+02	7.397980e-04
1.466415e+02	7.396712e-04
1.467498e+02	7.396735e-04
1.468590e+02	7.397676e-04
1.469659e+02	7.395892e-04
1.470750e+02	7.395945e-04
1.471861e+02	7.396803e-04
1.472938e+02	7.397608e-04
1.474022e+02	7.396924e-04
1.475102e+02	7.398064e-04
1.476167e+02	7.396970e-04
1.477241e+02	7.395459e-04
1.478335e+02	7.396021e-04
1.479412e+02	7.395512e-04
1.480480e+02	7.395809e-04
1.481564e+02	7.396742e-04
1.482658e+02	7.396644e-04
1.483752e+02	7.395915e-04
1.484814e+02	7.396803e-04
1.485903e+02	7.395481e-04
1.486986e+02	7.396074e-04
1.488058e+02	7.396933e-04
1.489134e+02	7.397334e-04
1.490233e+02	7.394608e-04
1.491316e+02	7.395679e-04
1.492408e+02	7.398489e-04
1.493496e+02	7.395961e-04
1.494582e+02	7.393127e-04
1.495662e+02	7.395542e-04
1.496760e+02	7.396977e-04
1.497848e+02	7.397905e-04
1.498986e+02	7.395344e-04
1.500050e+02	7.394919e-04
1.501182e+02	7.397175e-04
1.502278e+02	7.397524e-04
1.503368e+02	7.395330e-04
1.504450e+02	7.394312e-04
1.505566e+02	7.396127e-04
1.506649e+02	7.397343e-04
1.507741e+02	7.395079e-04
1.508848e+02	7.393682e-04
1.509940e+02	7.395558e-04
1.511037e+02	7.398132e-04
1.512147e+02	7.395216e-04
1.513232e+02	7.394632e-04
1.514295e+02	7.394714e-04
1.515383e+02	7.396097e-04
1.516460e+02	7.395406e-04
1.517554e+02	7.397524e-04
1.518657e+02	7.395930e-04
1.519744e+02	7.396287e-04
1.520817e+02	7.395604e-04
1.521914e+02	7.395262e-04
1.523006e+02	7.393682e-04
1.524093e+02	7.395687e-04
1.525175e+02	7.395604e-04
1.526250e+02	7.395862e-04
1.527335e+02	7.396203e-04
1.528420e+02	7.393962e-04
1.529511e+02	7.395071e-04
1.530605e+02	7.396765e-04
1.531687e+02	7.396962e-04
1.532771e+02	7.394851e-04
1.533871e+02	7.394577e-04
1.534961e+02	7.395307e-04
1.536047e+02	7.395869e-04
1.537155e+02	7.396439e-04
1.538247e+02	7.395824e-04
1.539328e+02	7.394411e-04
1.540411e+02	7.394798e-04
1.541506e+02	7.395679e-04
1.542584e+02	7.396180e-04
1.543676e+02	7.394813e-04
1.544781e+02	7.395011e-04
1.545864e+02	7.395018e-04
1.546946e+02	7.394381e-04
1.548065e+02	7.395139e-04
1.549141e+02	7.395269e-04
1.550224e+02	7.394396e-04
1.551296e+02	7.395428e-04
1.552382e+02	7.395930e-04
1.553494e+02	7.394145e-04
1.554564e+02	7.395800e-04
1.555779e+02	7.396058e-04
1.556864e+02	7.395049e-04
1.557939e+02	7.396256e-04
1.559002e+02	7.396651e-04
1.560100e+02	7.393986e-04
1.561176e+02	7.393180e-04
1.562263e+02	7.394646e-04
1.563379e+02	7.395968e-04
1.564462e+02	7.393834e-04
1.565573e+02	7.394183e-04
1.566657e+02	7.393940e-04
1.567727e+02	7.394114e-04
1.568815e+02	7.396325e-04
1.569899e+02	7.395527e-04
1.570992e+02	7.395178e-04
1.572066e+02	7.394229e-04
1.573132e+02	7.393424e-04
1.574251e+02	7.393810e-04
1.575333e+02	7.393750e-04
1.576407e+02	7.394365e-04
1.577501e+02	7.394685e-04
1.578599e+02	7.395042e-04
1.579707e+02	7.394229e-04
1.580789e+02	7.393378e-04
1.581979e+02	7.394176e-04
1.583067e+02	7.393537e-04
1.584153e+02	7.393841e-04
1.585246e+02	7.393689e-04
1.586336e+02	7.394806e-04
1.587422e+02	7.393879e-04
1.588513e+02	7.393863e-04
1.589613e+02	7.394289e-04
1.590702e+02	7.394070e-04
1.591785e+02	7.393522e-04
1.592882e+02	7.393856e-04
1.593961e+02	7.394107e-04
1.595045e+02	7.393781e-04
1.596129e+02	7.393667e-04
1.597212e+02	7.393469e-04
1.598299e+02	7.393849e-04
1.599396e+02	7.395254e-04
1.600489e+02	7.393986e-04
1.601580e+02	7.392999e-04
1.602662e+02	7.393006e-04
1.603742e+02	7.392382e-04
1.604825e+02	7.393059e-04
1.605914e+02	7.393667e-04
1.606997e+02	7.393841e-04
1.608090e+02	7.394775e-04
1.609155e+02	7.394266e-04
1.610215e+02	7.393522e-04
1.611313e+02	7.394077e-04
1.612386e+02	7.393021e-04
1.613474e+02	7.393363e-04
1.614572e+02	7.395489e-04
1.615654e+02	7.394434e-04
1.616742e+02	7.394987e-04
1.617815e+02	7.393894e-04
1.618898e+02	7.392527e-04
1.620000e+02	7.393561e-04
1.621091e+02	7.393819e-04
1.622188e+02	7.392702e-04
1.623282e+02	7.393902e-04
1.624442e+02	7.392589e-04
1.625531e+02	7.394434e-04
1.626641e+02	7.393317e-04
1.627727e+02	7.394070e-04
1.628803e+02	7.393370e-04
1.629939e+02	7.392900e-04
1.631018e+02	7.355533e-04
1.632356e+02	7.403175e-04
1.633480e+02	7.403159e-04
1.634567e+02	7.403016e-04
1.635646e+02	7.402112e-04
1.636731e+02	7.402621e-04
1.637815e+02	7.401747e-04
1.638918e+02	7.402158e-04
1.639993e+02	7.401998e-04
1.641075e+02	7.402780e-04
1.642146e+02	7.401777e-04
1.643217e+02	7.403221e-04
1.644308e+02	7.402500e-04
1.645382e+02	7.401277e-04
1.646483e+02	7.403463e-04
1.647595e+02	7.401581e-04
1.648658e+02	7.401687e-04
1.649759e+02	7.400395e-04
1.650856e+02	7.401724e-04
1.651945e+02	7.401489e-04
1.653033e+02	7.402119e-04
1.654117e+02	7.401625e-04
1.655198e+02	7.403236e-04
1.656268e+02	7.402143e-04
1.657359e+02	7.402088e-04
1.658421e+02	7.402264e-04
1.659513e+02	7.401550e-04
1.660626e+02	7.402788e-04
1.661712e+02	7.401307e-04
1.662785e+02	7.402074e-04
1.663849e+02	7.403084e-04
1.664953e+02	7.403532e-04
1.666028e+02	7.401321e-04
1.667118e+02	7.399196e-04
1.668221e+02	7.401155e-04
1.669315e+02	7.401550e-04
1.670395e+02	7.401975e-04
1.671518e+02	7.401649e-04
1.672609e+02	7.399833e-04
1.673714e+02	7.399787e-04
1.674830e+02	7.402317e-04
1.675936e+02	7.402537e-04
1.677009e+02	7.401747e-04
1.678099e+02	7.401383e-04
1.679191e+02	7.400867e-04
1.680274e+02	7.400836e-04
1.681364e+02	7.401171e-04
1.682458e+02	7.402985e-04
1.683547e+02	7.402112e-04
1.684639e+02	7.400752e-04
1.685699e+02	7.400122e-04
1.686837e+02	7.402514e-04
1.687925e+02	7.402180e-04
1.689015e+02	7.400730e-04
1.690090e+02	7.399963e-04
1.691178e+02	7.401687e-04
1.692310e+02	7.401268e-04
1.693382e+02	7.402295e-04
1.694464e+02	7.401839e-04
1.695557e+02	7.401367e-04
1.696643e+02	7.400980e-04
1.697743e+02	7.400638e-04
1.698822e+02	7.400395e-04
1.699919e+02	7.400312e-04
1.701003e+02	7.399758e-04
1.702097e+02	7.401253e-04
1.703216e+02	7.400281e-04
1.704302e+02	7.400349e-04
1.705379e+02	7.400373e-04
1.706481e+02	7.401033e-04
1.707555e+02	7.401876e-04
1.708653e+02	7.400441e-04
1.709737e+02	7.400479e-04
1.710812e+02	7.400730e-04
1.711906e+02	7.400418e-04
1.712987e+02	7.399659e-04
1.714085e+02	7.401922e-04
1.715192e+02	7.401330e-04
1.716275e+02	7.401770e-04
1.717357e+02	7.400867e-04
1.718440e+02	7.400349e-04
1.719522e+02	7.401747e-04
1.720644e+02	7.401268e-04
1.721726e+02	7.401215e-04
1.722819e+02	7.400197e-04
1.723891e+02	7.401185e-04
1.724994e+02	7.401489e-04
1.726066e+02	7.401147e-04
1.727163e+02	7.401687e-04
1.728226e+02	7.401116e-04
1.729278e+02	7.399044e-04
1.730370e+02	7.401733e-04
1.731463e+02	7.402187e-04
1.732547e+02	7.400061e-04
1.733694e+02	7.400957e-04
1.734797e+02	7.400882e-04
1.735869e+02	7.400882e-04
1.736948e+02	7.400380e-04
1.738043e+02	7.401171e-04
1.739132e+02	7.400281e-04
1.740234e+02	7.400540e-04
1.741320e+02	7.401125e-04
1.742394e+02	7.400715e-04
1.743478e+02	7.399750e-04
1.744570e+02	7.401033e-04
1.745650e+02	7.401155e-04
1.746744e+02	7.400768e-04
1.747810e+02	7.400274e-04
1.748909e+02	7.401330e-04
1.750002e+02	7.400950e-04
1.751064e+02	7.400061e-04
1.752260e+02	7.399454e-04
1.753358e+02	7.399909e-04
1.754422e+02	7.399750e-04
1.755510e+02	7.401162e-04
1.756586e+02	7.400091e-04
1.757660e+02	7.400677e-04
1.758754e+02	7.400259e-04
1.759833e+02	7.400160e-04
1.760905e+02	7.399485e-04
1.761978e+02	7.400281e-04
1.763073e+02	7.400964e-04
1.764152e+02	7.399765e-04
1.765220e+02	7.400464e-04
1.766310e+02	7.401268e-04
1.767389e+02	7.400183e-04
1.768493e+02	7.399538e-04
1.769591e+02	7.401125e-04
1.770674e+02	7.399886e-04
1.771754e+02	7.400320e-04
1.772835e+02	7.400867e-04
1.773924e+02	7.399886e-04
1.775021e+02	7.400031e-04
1.776103e+02	7.402226e-04
1.777187e+02	7.400274e-04
1.778286e+02	7.400206e-04
1.779344e+02	7.400706e-04
1.780428e+02	7.401010e-04
1.781507e+02	7.399939e-04
1.782591e+02	7.400935e-04
1.783668e+02	7.400653e-04
1.784754e+02	7.401277e-04
1.785837e+02	7.399492e-04
1.786921e+02	7.401162e-04
1.788005e+02	7.400494e-04
1.789082e+02	7.399666e-04
1.790189e+02	7.400737e-04
1.791275e+02	7.400957e-04
1.792347e+02	7.400213e-04
1.793425e+02	7.401603e-04
1.794501e+02	7.399895e-04
1.795620e+02	7.399811e-04
1.796708e+02	7.400911e-04
1.797800e+02	7.400380e-04
1.798873e+02	7.400380e-04
1.799982e+02	7.401048e-04
1.801057e+02	7.401625e-04
1.802140e+02	7.399545e-04
1.803238e+02	7.399895e-04
1.804336e+02	7.400115e-04
1.805423e+02	7.400486e-04
1.806516e+02	7.399704e-04
1.807581e+02	7.399545e-04
1.808654e+02	7.401185e-04
1.809731e+02	7.399734e-04
1.810825e+02	7.400585e-04
1.811888e+02	7.400144e-04
1.813013e+02	7.399264e-04
1.814132e+02	7.400479e-04
1.815222e+02	7.401003e-04
1.816325e+02	7.399879e-04
1.817407e+02	7.399734e-04
1.818498e+02	7.400699e-04
1.819577e+02	7.400129e-04
1.820653e+02	7.399461e-04
1.821751e+02	7.401740e-04
1.822837e+02	7.401125e-04
1.823921e+02	7.400638e-04
1.824991e+02	7.401094e-04
1.826078e+02	7.400554e-04
1.827167e+02	7.400038e-04
1.828236e+02	7.401292e-04
1.829327e+02	7.400911e-04
1.830409e+02	7.400076e-04
1.831470e+02	7.401109e-04
1.832556e+02	7.400814e-04
1.833659e+02	7.400609e-04
1.834751e+02	7.398626e-04
1.835824e+02	7.400563e-04
1.836896e+02	7.400023e-04
1.837995e+02	7.400197e-04
1.839070e+02	7.399833e-04
1.840163e+02	7.400554e-04
1.841269e+02	7.399135e-04
1.842353e+02	7.401345e-04
1.843433e+02	7.399818e-04
1.844508e+02	7.400197e-04
1.845608e+02	7.399932e-04
1.846687e+02	7.399347e-04
1.847781e+02	7.401292e-04
1.848887e+02	7.400031e-04
1.849993e+02	7.399977e-04
1.851069e+02	7.401420e-04
1.852159e+02	7.399575e-04
1.853253e+02	7.399492e-04
1.854325e+02	7.400646e-04
1.855426e+02	7.399765e-04
1.856517e+02	7.399948e-04
1.857599e+02	7.400448e-04
1.858685e+02	7.400334e-04
1.859745e+02	7.399302e-04
1.860823e+02	7.399871e-04
1.861935e+02	7.399659e-04
1.863028e+02	7.398634e-04
1.864123e+02	7.399423e-04
1.865195e+02	7.399833e-04
1.866327e+02	7.400144e-04
1.867408e+02	7.399362e-04
1.868512e+02	7.399386e-04
1.869632e+02	7.399218e-04
1.870722e+02	7.399849e-04
1.871799e+02	7.400100e-04
1.872867e+02	7.400115e-04
1.873964e+02	7.399309e-04
1.875055e+02	7.400122e-04
1.876137e+02	7.329803e-04
1.877240e+02	7.393872e-04
1.878354e+02	7.403494e-04
1.879437e+02	7.403820e-04
1.880527e+02	7.402734e-04
1.881596e+02	7.404254e-04
1.882683e+02	7.404193e-04
1.883793e+02	7.402279e-04
1.884885e+02	7.403289e-04
1.885962e+02	7.403600e-04
1.887067e+02	7.403320e-04
1.888179e+02	7.403236e-04
1.889252e+02	7.404611e-04
1.890331e+02	7.403084e-04
1.891454e+02	7.402985e-04
1.892546e+02	7.403692e-04
1.893618e+02	7.403615e-04
1.894701e+02	7.402279e-04
1.895802e+02	7.404375e-04
1.896877e+02	7.403615e-04
1.898092e+02	7.402196e-04
1.899149e+02	7.403844e-04
1.900221e+02	7.402507e-04
1.901318e+02	7.403373e-04
1.902381e+02	7.403130e-04
1.903462e+02	7.402332e-04
1.904566e+02	7.403076e-04
1.905668e+02	7.403084e-04
1.906742e+02	7.403525e-04
1.907837e+02	7.403562e-04
1.908929e+02	7.403805e-04
1.910004e+02	7.403638e-04
1.911089e+02	7.402742e-04
1.912167e+02	7.403706e-04
1.913255e+02	7.403631e-04
1.914332e+02	7.402097e-04
1.915407e+02	7.402461e-04
1.916490e+02	7.402727e-04
1.917591e+02	7.404034e-04
1.918661e+02	7.402233e-04
1.919744e+02	7.402749e-04
1.920821e+02	7.402970e-04
1.921921e+02	7.403243e-04
1.923024e+02	7.403267e-04
1.924103e+02	7.403981e-04
1.925199e+02	7.402582e-04
1.926278e+02	7.402818e-04
1.927368e+02	7.402993e-04
1.928456e+02	7.402818e-04
1.929546e+02	7.403752e-04
1.930625e+02	7.402681e-04
1.931705e+02	7.402666e-04
1.932795e+02	7.403494e-04
1.933879e+02	7.403677e-04
1.934968e+02	7.403988e-04
1.936043e+02	7.401907e-04
1.937141e+02	7.403858e-04
1.938255e+02	7.403919e-04
1.939344e+02	7.402537e-04
1.940418e+02	7.403456e-04
1.941507e+02	7.404186e-04
1.942614e+02	7.402871e-04
1.943715e+02	7.401846e-04
1.944798e+02	7.403183e-04
1.945891e+02	7.403350e-04
1.946963e+02	7.402119e-04
1.948043e+02	7.402947e-04
1.949116e+02	7.403380e-04
1.950193e+02	7.403350e-04
1.951267e+02	7.403714e-04
1.952356e+02	7.403091e-04
1.953433e+02	7.402841e-04
1.954533e+02	7.403190e-04
1.955633e+02	7.402841e-04
1.956705e+02	7.403304e-04
1.957803e+02	7.402978e-04
1.958883e+02	7.402332e-04
1.959968e+02	7.403000e-04
1.961045e+02	7.402295e-04
1.962127e+02	7.402689e-04
1.963197e+02	7.402978e-04
1.964296e+02	7.402659e-04
1.965376e+02	7.402051e-04
1.966459e+02	7.403388e-04
1.967538e+02	7.402590e-04
1.968621e+02	7.403448e-04
1.969696e+02	7.403342e-04
1.970800e+02	7.401755e-04
1.971884e+02	7.402939e-04
1.972972e+02	7.401762e-04
1.974046e+02	7.403569e-04
1.975124e+02	7.402939e-04
1.976199e+02	7.403516e-04
1.977300e+02	7.403638e-04
1.978387e+02	7.401625e-04
1.979477e+02	7.402795e-04
1.980558e+02	7.402758e-04
1.981645e+02	7.402773e-04
1.982735e+02	7.403448e-04
1.983820e+02	7.403144e-04
1.984913e+02	7.401352e-04
1.986007e+02	7.401733e-04
1.987098e+02	7.402150e-04
1.988170e+02	7.401717e-04
1.989235e+02	7.402332e-04
1.990329e+02	7.402028e-04
1.991430e+02	7.402712e-04
1.992543e+02	7.401010e-04
1.993629e+02	7.401929e-04
1.994726e+02	7.403668e-04
1.995812e+02	7.402537e-04
1.996914e+02	7.400197e-04
1.998001e+02	7.400609e-04
1.999091e+02	7.403091e-04
2.000180e+02	7.402833e-04
2.001283e+02	7.402734e-04
2.002385e+02	7.400759e-04
2.003482e+02	7.401649e-04
2.004583e+02	7.401595e-04
2.005656e+02	7.401482e-04
2.006715e+02	7.403152e-04
2.007798e+02	7.403578e-04
2.008906e+02	7.402081e-04
2.009998e+02	7.401345e-04
2.011070e+02	7.400821e-04
2.012178e+02	7.401489e-04
2.013276e+02	7.323697e-04
2.014336e+02	7.408393e-04
2.015442e+02	7.408993e-04
2.016535e+02	7.408726e-04
2.017614e+02	7.408142e-04
2.018700e+02	7.408537e-04
2.019773e+02	7.406897e-04
2.020864e+02	7.408491e-04
2.021951e+02	7.407093e-04
2.023029e+02	7.407071e-04
2.024108e+02	7.409440e-04
2.025191e+02	7.408697e-04
2.026313e+02	7.407003e-04
2.027380e+02	7.406813e-04
2.028481e+02	7.407223e-04
2.029574e+02	7.408940e-04
2.030663e+02	7.409046e-04
2.031775e+02	7.408173e-04
2.032862e+02	7.407139e-04
2.033935e+02	7.406972e-04
2.035057e+02	7.408248e-04
2.036181e+02	7.408719e-04
2.037261e+02	7.408947e-04
2.038354e+02	7.408279e-04
2.039478e+02	7.408135e-04
2.040559e+02	7.408263e-04
2.041648e+02	7.407831e-04
2.042770e+02	7.407503e-04
2.043853e+02	7.407618e-04
2.044935e+02	7.407595e-04
2.046028e+02	7.407435e-04
2.047130e+02	7.408682e-04
2.048210e+02	7.410648e-04
2.049294e+02	7.408180e-04
2.050406e+02	7.408104e-04
2.051490e+02	7.408248e-04
2.052563e+02	7.408719e-04
2.053656e+02	7.407201e-04
2.054723e+02	7.408521e-04
2.055822e+02	7.407443e-04
2.056915e+02	7.406615e-04
2.057990e+02	7.409767e-04
2.059095e+02	7.410853e-04
2.060186e+02	7.408354e-04
2.061266e+02	7.406608e-04
2.062344e+02	7.408157e-04
2.063427e+02	7.409859e-04
2.064517e+02	7.408173e-04
2.065631e+02	7.408438e-04
2.066700e+02	7.409753e-04
2.067789e+02	7.407626e-04
2.068857e+02	7.408643e-04
2.069931e+02	7.408104e-04
2.071019e+02	7.407025e-04
2.072109e+02	7.408021e-04
2.073184e+02	7.408369e-04
2.074271e+02	7.407876e-04
2.075353e+02	7.408810e-04
2.076456e+02	7.408757e-04
2.077546e+02	7.407450e-04
2.078619e+02	7.407565e-04
2.079694e+02	7.408279e-04
2.080794e+02	7.408217e-04
2.081857e+02	7.407549e-04
2.082941e+02	7.408074e-04
2.084020e+02	7.408742e-04
2.085124e+02	7.407747e-04
2.086219e+02	7.408530e-04
2.087308e+02	7.408627e-04
2.088404e+02	7.407975e-04
2.089496e+02	7.408195e-04
2.090599e+02	7.408545e-04
2.091665e+02	7.408378e-04
2.092747e+02	7.408552e-04
2.093843e+02	7.407838e-04
2.094962e+02	7.408279e-04
2.096061e+02	7.407869e-04
2.097163e+02	7.408856e-04
2.098255e+02	7.408477e-04
2.099358e+02	7.408993e-04
2.100433e+02	7.408309e-04
2.101517e+02	7.408636e-04
2.102597e+02	7.408272e-04
2.103681e+02	7.408217e-04
2.104764e+02	7.408697e-04
2.105856e+02	7.409114e-04
2.106980e+02	7.409136e-04
2.108066e+02	7.408697e-04
2.109144e+02	7.408841e-04
2.110227e+02	7.408636e-04
2.111311e+02	7.408484e-04
2.112409e+02	7.407450e-04
2.113485e+02	7.409167e-04
2.114590e+02	7.409213e-04
2.115680e+02	7.408643e-04
2.116739e+02	7.407915e-04
2.117822e+02	7.409486e-04
2.118904e+02	7.408188e-04
2.119976e+02	7.408697e-04
2.121048e+02	7.408962e-04
2.122122e+02	7.409661e-04
2.123191e+02	7.408309e-04
2.124269e+02	7.409341e-04
2.125371e+02	7.408499e-04
2.126469e+02	7.408871e-04
2.127533e+02	7.409235e-04
2.128618e+02	7.408012e-04
2.129692e+02	7.408871e-04
2.130785e+02	7.408521e-04
2.131864e+02	7.408977e-04
2.132936e+02	7.408120e-04
2.134023e+02	7.408149e-04
2.135121e+02	7.408834e-04
2.136211e+02	7.408111e-04
2.137295e+02	7.408286e-04
2.138380e+02	7.408149e-04
2.139465e+02	7.408248e-04
2.140540e+02	7.408241e-04
2.141617e+02	7.408902e-04
2.142735e+02	7.407937e-04
2.143835e+02	7.408301e-04
2.144913e+02	7.408559e-04
2.145998e+02	7.409638e-04
2.147081e+02	7.408362e-04
2.148164e+02	7.408947e-04
2.149258e+02	7.347400e-04
2.150365e+02	7.397054e-04
2.151436e+02	7.413222e-04
2.152530e+02	7.412197e-04
2.153596e+02	7.413535e-04
2.154670e+02	7.412471e-04
2.155775e+02	7.413550e-04
2.156882e+02	7.413595e-04
2.157970e+02	7.412889e-04
2.159048e+02	7.413535e-04
2.160148e+02	7.413169e-04
2.161231e+02	7.413511e-04
2.162309e+02	7.411688e-04
2.163627e+02	7.412069e-04
2.164709e+02	7.413002e-04
2.165783e+02	7.412433e-04
2.166869e+02	7.413663e-04
2.168009e+02	7.413678e-04
2.169099e+02	7.412570e-04
2.170160e+02	7.412911e-04
2.171243e+02	7.413268e-04
2.172321e+02	7.413056e-04
2.173421e+02	7.413222e-04
2.174523e+02	7.411787e-04
2.175629e+02	7.413330e-04
2.176731e+02	7.412592e-04
2.177813e+02	7.412934e-04
2.178895e+02	7.413094e-04
2.179985e+02	7.412418e-04
2.181089e+02	7.413974e-04
2.182170e+02	7.413125e-04
2.183248e+02	7.413412e-04
2.184321e+02	7.412114e-04
2.185425e+02	7.413906e-04
2.186530e+02	7.413284e-04
2.187623e+02	7.413094e-04
2.188740e+02	7.414058e-04
2.189832e+02	7.412592e-04
2.190925e+02	7.414180e-04
2.192007e+02	7.413837e-04
2.193089e+02	7.413314e-04
2.194182e+02	7.412486e-04
2.195274e+02	7.413588e-04
2.196347e+02	7.414688e-04
2.197440e+02	7.413535e-04
2.198524e+02	7.414194e-04
2.199662e+02	7.414924e-04
2.200750e+02	7.415016e-04
2.201829e+02	7.413041e-04
2.202900e+02	7.413784e-04
2.203979e+02	7.413367e-04
2.205070e+02	7.414331e-04
2.206152e+02	7.413815e-04
2.207245e+02	7.414218e-04
2.208317e+02	7.414825e-04
2.209392e+02	7.414454e-04
2.210477e+02	7.413982e-04
2.211566e+02	7.414240e-04
2.212653e+02	7.413861e-04
2.213732e+02	7.413231e-04
2.214817e+02	7.414005e-04
2.215919e+02	7.415122e-04
2.217004e+02	7.415038e-04
2.218100e+02	7.413952e-04
2.219186e+02	7.413960e-04
2.220289e+02	7.414476e-04
2.221371e+02	7.414119e-04
2.222454e+02	7.414249e-04
2.223536e+02	7.415098e-04
2.224618e+02	7.414218e-04
2.225701e+02	7.415866e-04
2.226790e+02	7.414567e-04
2.227879e+02	7.414454e-04
2.228971e+02	7.413041e-04
2.230037e+02	7.414756e-04
2.231110e+02	7.414339e-04
2.232284e+02	7.414606e-04
2.233367e+02	7.413641e-04
2.234451e+02	7.414507e-04
2.235545e+02	7.414597e-04
2.236641e+02	7.413618e-04
2.237713e+02	7.413709e-04
2.238796e+02	7.414802e-04
2.240040e+02	7.414271e-04
2.241102e+02	7.414712e-04
2.242195e+02	7.414582e-04
2.243274e+02	7.414385e-04
2.244342e+02	7.413572e-04
2.245442e+02	7.414293e-04
2.246528e+02	7.414536e-04
2.247627e+02	7.412266e-04
2.248739e+02	7.414522e-04
2.249840e+02	7.415327e-04
2.250913e+02	7.414476e-04
2.251996e+02	7.413610e-04
2.253077e+02	7.415607e-04
2.254162e+02	7.413808e-04
2.255249e+02	7.413929e-04
2.256337e+02	7.415569e-04
2.257435e+02	7.413716e-04
2.258540e+02	7.413853e-04
2.259634e+02	7.415016e-04
2.260724e+02	7.414514e-04
2.261812e+02	7.413222e-04
2.262893e+02	7.414643e-04
2.263970e+02	7.415463e-04
2.265063e+02	7.414476e-04
2.266146e+02	7.414498e-04
2.267242e+02	7.413989e-04
2.268322e+02	7.414666e-04
2.269420e+02	7.413383e-04
2.270522e+02	7.414385e-04
2.271591e+02	7.414811e-04
2.272684e+02	7.413253e-04
2.273762e+02	7.414073e-04
2.274860e+02	7.414575e-04
2.275954e+02	7.413793e-04
2.277031e+02	7.413899e-04
2.278110e+02	7.413496e-04
2.279193e+02	7.415007e-04
2.280289e+02	7.412927e-04
2.281363e+02	7.414901e-04
2.282502e+02	7.415000e-04
2.283588e+02	7.412775e-04
2.284677e+02	7.414119e-04
2.285768e+02	7.414134e-04
2.286870e+02	7.411939e-04
2.287987e+02	7.413784e-04
2.289089e+02	7.413564e-04
2.290164e+02	7.414438e-04
2.291237e+02	7.414522e-04
2.292353e+02	7.415668e-04
2.293438e+02	7.414141e-04
2.294530e+02	7.413974e-04
2.295612e+02	7.415289e-04
2.296688e+02	7.415417e-04
2.297825e+02	7.414225e-04
2.298921e+02	7.414901e-04
2.299999e+02	7.338180e-04
2.301073e+02	7.419389e-04
2.302177e+02	7.422146e-04
2.303280e+02	7.423552e-04
2.304347e+02	7.423278e-04
2.305433e+02	7.422928e-04
2.306542e+02	7.423574e-04
2.307631e+02	7.423294e-04
2.308714e+02	7.423695e-04
2.309802e+02	7.423027e-04
2.310879e+02	7.422937e-04
2.311954e+02	7.422884e-04
2.313074e+02	7.421903e-04
2.314188e+02	7.423225e-04
2.315261e+02	7.422875e-04
2.316383e+02	7.421903e-04
2.317485e+02	7.423506e-04
2.318564e+02	7.422337e-04
2.319658e+02	7.421980e-04
2.320781e+02	7.422785e-04
2.321867e+02	7.421478e-04
2.323011e+02	7.423232e-04
2.324142e+02	7.423871e-04
2.325213e+02	7.422245e-04
2.326295e+02	7.423499e-04
2.327381e+02	7.423080e-04
2.328468e+02	7.421987e-04
2.329560e+02	7.422245e-04
2.330646e+02	7.423118e-04
2.331737e+02	7.422686e-04
2.332830e+02	7.423073e-04
2.333913e+02	7.423285e-04
2.335002e+02	7.423157e-04
2.336078e+02	7.423461e-04
2.337650e+02	7.422322e-04
2.338732e+02	7.423529e-04
2.339814e+02	7.423354e-04
2.340899e+02	7.423324e-04
2.341991e+02	7.423794e-04
2.343072e+02	7.422534e-04
2.344163e+02	7.423878e-04
2.345256e+02	7.423080e-04
2.346322e+02	7.423362e-04
2.347412e+02	7.422701e-04
2.348492e+02	7.423818e-04
2.349578e+02	7.423711e-04
2.350661e+02	7.422048e-04
2.351749e+02	7.422542e-04
2.352823e+02	7.422306e-04
2.353921e+02	7.421888e-04
2.355015e+02	7.422686e-04
2.356085e+02	7.422694e-04
2.357158e+02	7.423437e-04
2.358245e+02	7.423369e-04
2.359318e+02	7.423734e-04
2.360400e+02	7.423294e-04
2.361483e+02	7.422412e-04
2.362587e+02	7.423232e-04
2.363675e+02	7.422981e-04
2.364761e+02	7.423567e-04
2.365851e+02	7.423020e-04
2.366925e+02	7.424068e-04
2.368008e+02	7.422648e-04
2.369088e+02	7.422571e-04
2.370179e+02	7.422921e-04
2.371249e+02	7.422450e-04
2.372350e+02	7.422921e-04
2.373453e+02	7.423719e-04
2.374555e+02	7.423186e-04
2.375622e+02	7.422610e-04
2.376692e+02	7.422276e-04
2.377760e+02	7.422723e-04
2.378834e+02	7.422891e-04
2.379929e+02	7.422663e-04
2.381021e+02	7.423878e-04
2.382122e+02	7.423096e-04
2.383206e+02	7.422488e-04
2.384298e+02	7.422655e-04
2.385369e+02	7.424334e-04
2.386447e+02	7.422587e-04
2.387563e+02	7.422815e-04
2.388661e+02	7.423635e-04
2.389745e+02	7.422831e-04
2.390839e+02	7.423157e-04
2.391928e+02	7.423179e-04
2.393013e+02	7.424599e-04
2.394102e+02	7.422845e-04
2.395165e+02	7.422974e-04
2.396262e+02	7.422419e-04
2.397351e+02	7.422990e-04
2.398456e+02	7.424121e-04
2.399545e+02	7.422891e-04
2.400636e+02	7.423673e-04
2.401707e+02	7.423582e-04
2.402790e+02	7.424213e-04
2.403883e+02	7.423574e-04
2.404969e+02	7.424296e-04
2.406045e+02	7.422891e-04
2.407128e+02	7.423871e-04
2.408201e+02	7.422527e-04
2.409279e+02	7.422845e-04
2.410363e+02	7.424577e-04
2.411440e+02	7.423999e-04
2.412516e+02	7.422891e-04
2.413601e+02	7.423612e-04
2.414687e+02	7.425883e-04
2.415792e+02	7.424843e-04
2.416879e+02	7.422762e-04
2.417943e+02	7.422845e-04
2.419033e+02	7.424409e-04
2.420140e+02	7.423186e-04
2.421216e+02	7.423794e-04
2.422294e+02	7.423719e-04
2.423387e+02	7.423878e-04
2.424502e+02	7.423711e-04
2.425584e+02	7.424037e-04
2.426668e+02	7.423225e-04
2.427778e+02	7.423711e-04
2.428859e+02	7.424129e-04
2.429956e+02	7.424114e-04
2.431043e+02	7.424751e-04
2.432148e+02	7.424242e-04
2.433246e+02	7.423506e-04
2.434341e+02	7.426415e-04
2.435424e+02	7.424174e-04
2.436524e+02	7.422807e-04
2.437588e+02	7.422170e-04
2.438669e+02	7.423027e-04
2.439740e+02	7.425215e-04
2.440818e+02	7.425489e-04
2.441899e+02	7.423301e-04
2.442967e+02	7.423133e-04
2.444058e+02	7.423863e-04
2.445137e+02	7.423263e-04
2.446264e+02	7.423552e-04
2.447366e+02	7.423772e-04
2.448453e+02	7.424433e-04
2.449554e+02	7.423301e-04
2.450637e+02	7.425306e-04
2.451722e+02	7.425366e-04
2.452834e+02	7.424334e-04
2.453927e+02	7.424614e-04
2.455015e+02	7.422906e-04
2.456104e+02	7.424365e-04
2.457180e+02	7.426635e-04
2.458262e+02	7.424775e-04
2.459359e+02	7.422891e-04
2.460436e+02	7.423080e-04
2.461540e+02	7.424349e-04
2.462634e+02	7.425010e-04
2.463706e+02	7.424676e-04
2.464784e+02	7.424257e-04
2.465866e+02	7.424365e-04
2.466978e+02	7.424835e-04
2.468054e+02	7.424144e-04
2.469117e+02	7.424995e-04
2.470202e+02	7.424440e-04
2.471285e+02	7.423210e-04
2.472380e+02	7.423369e-04
2.473438e+02	7.425147e-04
2.474525e+02	7.426119e-04
2.475603e+02	7.425154e-04
2.476689e+02	7.423400e-04
2.477792e+02	7.423711e-04
2.478871e+02	7.424008e-04
2.479952e+02	7.424630e-04
2.481024e+02	7.424387e-04
2.482110e+02	7.425215e-04
2.483200e+02	7.425436e-04
2.484296e+02	7.423157e-04
2.485371e+02	7.424956e-04
2.486458e+02	7.425108e-04
2.487541e+02	7.423096e-04
2.488624e+02	7.425564e-04
2.489710e+02	7.423666e-04
2.490783e+02	7.423847e-04
2.491871e+02	7.425275e-04
2.492957e+02	7.424182e-04
2.494038e+02	7.423992e-04
2.495125e+02	7.425260e-04
2.496213e+02	7.426461e-04
2.497283e+02	7.424023e-04
2.498376e+02	7.423984e-04
2.499465e+02	7.426126e-04
2.500552e+02	7.424850e-04
2.501664e+02	7.423461e-04
2.502752e+02	7.424874e-04
2.503855e+02	7.425518e-04
2.504943e+02	7.424524e-04
2.506038e+02	7.424585e-04
2.507112e+02	7.426285e-04
2.508209e+02	7.423939e-04
2.509282e+02	7.424797e-04
2.510357e+02	7.425564e-04
2.511441e+02	7.425024e-04
2.512512e+02	7.424653e-04
2.513589e+02	7.426491e-04
2.514670e+02	7.424691e-04
2.515778e+02	7.425245e-04
2.516862e+02	7.426217e-04
2.517945e+02	7.425132e-04
2.519023e+02	7.368946e-04
2.520113e+02	7.431358e-04
2.521214e+02	7.432088e-04
2.522294e+02	7.433622e-04
2.523387e+02	7.432718e-04
2.524470e+02	7.433128e-04
2.525561e+02	7.431700e-04
2.526654e+02	7.432718e-04
2.527728e+02	7.432771e-04
2.528804e+02	7.431883e-04
2.529884e+02	7.433804e-04
2.530966e+02	7.434799e-04
2.532063e+02	7.433326e-04
2.533126e+02	7.430630e-04
2.534218e+02	7.432012e-04
2.535301e+02	7.436052e-04
2.536386e+02	7.432482e-04
2.537466e+02	7.433751e-04
2.538562e+02	7.433668e-04
2.539686e+02	7.432330e-04
2.540792e+02	7.431314e-04
2.541888e+02	7.434291e-04
2.543001e+02	7.433022e-04
2.544101e+02	7.432658e-04
2.545170e+02	7.433212e-04
2.546277e+02	7.431982e-04
2.547370e+02	7.431936e-04
2.548463e+02	7.433068e-04
2.549529e+02	7.432293e-04
2.550605e+02	7.432962e-04
2.551700e+02	7.433128e-04
2.552833e+02	7.434807e-04
2.553903e+02	7.432270e-04
2.554983e+02	7.432855e-04
2.556066e+02	7.433044e-04
2.557153e+02	7.432513e-04
2.558234e+02	7.431678e-04
2.559335e+02	7.433022e-04
2.560446e+02	7.432233e-04
2.561553e+02	7.432164e-04
2.562629e+02	7.432795e-04
2.563730e+02	7.433249e-04
2.564813e+02	7.431579e-04
2.565886e+02	7.434055e-04
2.566997e+02	7.433364e-04
2.568080e+02	7.433432e-04
2.569139e+02	7.434025e-04
2.570217e+02	7.432605e-04
2.571303e+02	7.432612e-04
2.572375e+02	7.432742e-04
2.573463e+02	7.433454e-04
2.574535e+02	7.431420e-04
2.575601e+02	7.433637e-04
2.576679e+02	7.433227e-04
2.577761e+02	7.431739e-04
2.578829e+02	7.432627e-04
2.579900e+02	7.432832e-04
2.581170e+02	7.433143e-04
2.582238e+02	7.433196e-04
2.583329e+02	7.434906e-04
2.584415e+02	7.433972e-04
2.585507e+02	7.433652e-04
2.586587e+02	7.434435e-04
2.587660e+02	7.433106e-04
2.588764e+02	7.431481e-04
2.589863e+02	7.433007e-04
2.590940e+02	7.433075e-04
2.592013e+02	7.432072e-04
2.593105e+02	7.435012e-04
2.594193e+02	7.435946e-04
2.595307e+02	7.432171e-04
2.596409e+02	7.431784e-04
2.597492e+02	7.433987e-04
2.598591e+02	7.434457e-04
2.599684e+02	7.433553e-04
2.600758e+02	7.433379e-04
2.601849e+02	7.432035e-04
2.602942e+02	7.432118e-04
2.604017e+02	7.432240e-04
2.605101e+02	7.433714e-04
2.606189e+02	7.431768e-04
2.607280e+02	7.433622e-04
2.608362e+02	7.434754e-04
2.609506e+02	7.432605e-04
2.610589e+02	7.431602e-04
2.611667e+02	7.432096e-04
2.612744e+02	7.432673e-04
2.613856e+02	7.433675e-04
2.614920e+02	7.433478e-04
2.616019e+02	7.434959e-04
2.617106e+02	7.434541e-04
2.618194e+02	7.429961e-04
2.619275e+02	7.432125e-04
2.620364e+02	7.433030e-04
2.621446e+02	7.433797e-04
2.622534e+02	7.435210e-04
2.623599e+02	7.434062e-04
2.624683e+02	7.431261e-04
2.625766e+02	7.433136e-04
2.626860e+02	7.434935e-04
2.627939e+02	7.432339e-04
2.629012e+02	7.434154e-04
2.630090e+02	7.432658e-04
2.631155e+02	7.433606e-04
2.632252e+02	7.433242e-04
2.633330e+02	7.432521e-04
2.634406e+02	7.434670e-04
2.635503e+02	7.433280e-04
2.636589e+02	7.433531e-04
2.637668e+02	7.433372e-04
2.638766e+02	7.433987e-04
2.639854e+02	7.433524e-04
2.640967e+02	7.433364e-04
2.642054e+02	7.433820e-04
2.643136e+02	7.432612e-04
2.644222e+02	7.433333e-04
2.645321e+02	7.432786e-04
2.646389e+02	7.434990e-04
2.647467e+02	7.432832e-04
2.648552e+02	7.433037e-04
2.649660e+02	7.434093e-04
2.650753e+02	7.434677e-04
2.651819e+02	7.434002e-04
2.652906e+02	7.434518e-04
2.653990e+02	7.434047e-04
2.655069e+02	7.434100e-04
2.656154e+02	7.432711e-04
2.657236e+02	7.434670e-04
2.658321e+02	7.432301e-04
2.659399e+02	7.433364e-04
2.660514e+02	7.432969e-04
2.661620e+02	7.433569e-04
2.662713e+02	7.433531e-04
2.663838e+02	7.432817e-04
2.664940e+02	7.433022e-04
2.666018e+02	7.431647e-04
2.667152e+02	7.433606e-04
2.668237e+02	7.432460e-04
2.669299e+02	7.433622e-04
2.670381e+02	7.433333e-04
2.671462e+02	7.433372e-04
2.672553e+02	7.434016e-04
2.673643e+02	7.431989e-04
2.674710e+02	7.434055e-04
2.675778e+02	7.433304e-04
2.676933e+02	7.432643e-04
2.678037e+02	7.432498e-04
2.679187e+02	7.433934e-04
2.680291e+02	7.432597e-04
2.681373e+02	7.432354e-04
2.682499e+02	7.433053e-04
2.683567e+02	7.432528e-04
2.684651e+02	7.431966e-04
2.685763e+02	7.433592e-04
2.686845e+02	7.434891e-04
2.687927e+02	7.433440e-04
2.689009e+02	7.433531e-04
2.690098e+02	7.434336e-04
2.691213e+02	7.432810e-04
2.692293e+02	7.433880e-04
2.693404e+02	7.433811e-04
2.694487e+02	7.433599e-04
2.695578e+02	7.434002e-04
2.696685e+02	7.433820e-04
2.697774e+02	7.432658e-04
2.698854e+02	7.434177e-04
2.699996e+02	7.434329e-04
2.701072e+02	7.434276e-04
2.702160e+02	7.433152e-04
2.703249e+02	7.433729e-04
2.704341e+02	7.433637e-04
2.705416e+02	7.434580e-04
2.706488e+02	7.434329e-04
2.707573e+02	7.433850e-04
2.708655e+02	7.433417e-04
2.709749e+02	7.433531e-04
2.710826e+02	7.433767e-04
2.711928e+02	7.434503e-04
2.713002e+02	7.434404e-04
2.714077e+02	7.435072e-04
2.715162e+02	7.434867e-04
2.716222e+02	7.435263e-04
2.717294e+02	7.434898e-04
2.718364e+02	7.435171e-04
2.719441e+02	7.435688e-04
2.720567e+02	7.435072e-04
2.721671e+02	7.435316e-04
2.722734e+02	7.434298e-04
2.723805e+02	7.436341e-04
2.724878e+02	7.434344e-04
2.725974e+02	7.434329e-04
2.727068e+02	7.435171e-04
2.728144e+02	7.434496e-04
2.729230e+02	7.434997e-04
2.730358e+02	7.434814e-04
2.731446e+02	7.434974e-04
2.732559e+02	7.435126e-04
2.733664e+02	7.434291e-04
2.734741e+02	7.435991e-04
2.735807e+02	7.434587e-04
2.736891e+02	7.361594e-04
2.737982e+02	7.434488e-04
2.739066e+02	7.443860e-04
2.740141e+02	7.444300e-04
2.741260e+02	7.443982e-04
2.742365e+02	7.443867e-04
2.743488e+02	7.444733e-04
2.744570e+02	7.444163e-04
2.745644e+02	7.443722e-04
2.746760e+02	7.444163e-04
2.747858e+02	7.444535e-04
2.748942e+02	7.444399e-04
2.750024e+02	7.444346e-04
2.751100e+02	7.444945e-04
2.752193e+02	7.443495e-04
2.753285e+02	7.443358e-04
2.754369e+02	7.444505e-04
2.755455e+02	7.443951e-04
2.756531e+02	7.443601e-04
2.757650e+02	7.444376e-04
2.758738e+02	7.444187e-04
2.759819e+02	7.443799e-04
2.760919e+02	7.445629e-04
2.761996e+02	7.443541e-04
2.763089e+02	7.443358e-04
2.764188e+02	7.444885e-04
2.765266e+02	7.444475e-04
2.766350e+02	7.443100e-04
2.767454e+02	7.443662e-04
2.768538e+02	7.443898e-04
2.769631e+02	7.443488e-04
2.770761e+02	7.441612e-04
2.771846e+02	7.444262e-04
2.772952e+02	7.444194e-04
2.774034e+02	7.442964e-04
2.775121e+02	7.444202e-04
2.776217e+02	7.441983e-04
2.777298e+02	7.442135e-04
2.778397e+02	7.444178e-04
2.779485e+02	7.444672e-04
2.780550e+02	7.443252e-04
2.781643e+02	7.442508e-04
2.782743e+02	7.442349e-04
2.783843e+02	7.444011e-04
2.784917e+02	7.445439e-04
2.785998e+02	7.443700e-04
2.787092e+02	7.442113e-04
2.788179e+02	7.441558e-04
2.789279e+02	7.443123e-04
2.790343e+02	7.443503e-04
2.791440e+02	7.443367e-04
2.792538e+02	7.443958e-04
2.793629e+02	7.443753e-04
2.794723e+02	7.443814e-04
2.795815e+02	7.443548e-04
2.796892e+02	7.443070e-04
2.797996e+02	7.442766e-04
2.799101e+02	7.444224e-04
2.800180e+02	7.443024e-04
2.801300e+02	7.443473e-04
2.802403e+02	7.442721e-04
2.803482e+02	7.442007e-04
2.804565e+02	7.444535e-04
2.805663e+02	7.444848e-04
2.806755e+02	7.444240e-04
2.807848e+02	7.441908e-04
2.808945e+02	7.442766e-04
2.810024e+02	7.445219e-04
2.811121e+02	7.443411e-04
2.812209e+02	7.445029e-04
2.813310e+02	7.443230e-04
2.814384e+02	7.443913e-04
2.815466e+02	7.444277e-04
2.816569e+02	7.443616e-04
2.817651e+02	7.443746e-04
2.818724e+02	7.444019e-04
2.819806e+02	7.441847e-04
2.820879e+02	7.444148e-04
2.821951e+02	7.443526e-04
2.823034e+02	7.443746e-04
2.824106e+02	7.444315e-04
2.825188e+02	7.444361e-04
2.826361e+02	7.444308e-04
2.827459e+02	7.444505e-04
2.828541e+02	7.444346e-04
2.829632e+02	7.444216e-04
2.830720e+02	7.445113e-04
2.831807e+02	7.445196e-04
2.832878e+02	7.444300e-04
2.834056e+02	7.444505e-04
2.835156e+02	7.443806e-04
2.836244e+02	7.444491e-04
2.837345e+02	7.445053e-04
2.838448e+02	7.443252e-04
2.839521e+02	7.442834e-04
2.840605e+02	7.444778e-04
2.841676e+02	7.443777e-04
2.842765e+02	7.442789e-04
2.843851e+02	7.444163e-04
2.844920e+02	7.444072e-04
2.846021e+02	7.443632e-04
2.847375e+02	7.444383e-04
2.848452e+02	7.443199e-04
2.849530e+02	7.445326e-04
2.850617e+02	7.444293e-04
2.851700e+02	7.443510e-04
2.852798e+02	7.443321e-04
2.853896e+02	7.443905e-04
2.854989e+02	7.443100e-04
2.856060e+02	7.443579e-04
2.857127e+02	7.444072e-04
2.858201e+02	7.443722e-04
2.859278e+02	7.443563e-04
2.860365e+02	7.444019e-04
2.861456e+02	7.443510e-04
2.862526e+02	7.443160e-04
2.863613e+02	7.445485e-04
2.864689e+02	7.443830e-04
2.865779e+02	7.443951e-04
2.866861e+02	7.444293e-04
2.867983e+02	7.444270e-04
2.869061e+02	7.444300e-04
2.870144e+02	7.444687e-04
2.871257e+02	7.444284e-04
2.872349e+02	7.443753e-04
2.873438e+02	7.444588e-04
2.874511e+02	7.444764e-04
2.875609e+02	7.443215e-04
2.876701e+02	7.443669e-04
2.877789e+02	7.444270e-04
2.878869e+02	7.444300e-04
2.879987e+02	7.443411e-04
2.881058e+02	7.443669e-04
2.882140e+02	7.444202e-04
2.883202e+02	7.444141e-04
2.884286e+02	7.443669e-04
2.885378e+02	7.443792e-04
2.886458e+02	7.444452e-04
2.887561e+02	7.444870e-04
2.888643e+02	7.443230e-04
2.889716e+02	7.442918e-04
2.890791e+02	7.444399e-04
2.891905e+02	7.444095e-04
2.893013e+02	7.443845e-04
2.894095e+02	7.444346e-04
2.895198e+02	7.444528e-04
2.896324e+02	7.444383e-04
2.897386e+02	7.443556e-04
2.898479e+02	7.444293e-04
2.899567e+02	7.444528e-04
2.900667e+02	7.444383e-04
2.901734e+02	7.443792e-04
2.902828e+02	7.444368e-04
2.903941e+02	7.444612e-04
2.905033e+02	7.445712e-04
2.906100e+02	7.445053e-04
2.907197e+02	7.444687e-04
2.908304e+02	7.444354e-04
2.909399e+02	7.444436e-04
2.910520e+02	7.443708e-04
2.911618e+02	7.444680e-04
2.912713e+02	7.444634e-04
2.913834e+02	7.445258e-04
2.914940e+02	7.445227e-04
2.916017e+02	7.444270e-04
2.917119e+02	7.445311e-04
2.918205e+02	7.444588e-04
2.919284e+02	7.444339e-04
2.920363e+02	7.445531e-04
2.921458e+02	7.444452e-04
2.922556e+02	7.445242e-04
2.923645e+02	7.445994e-04
2.924756e+02	7.444209e-04
2.925841e+02	7.445022e-04
2.926925e+02	7.445485e-04
2.928000e+02	7.444733e-04
2.929100e+02	7.446389e-04
2.930198e+02	7.445917e-04
2.931271e+02	7.444156e-04
2.932367e+02	7.444035e-04
2.933449e+02	7.445796e-04
2.934553e+02	7.446404e-04
2.935632e+02	7.445675e-04
2.936702e+02	7.443929e-04
2.937793e+02	7.445644e-04
2.938880e+02	7.445090e-04
2.939939e+02	7.445044e-04
2.941030e+02	7.444703e-04
2.942138e+02	7.445888e-04
2.943214e+02	7.443731e-04
2.944315e+02	7.444619e-04
2.945384e+02	7.445371e-04
2.946471e+02	7.445128e-04
2.947545e+02	7.445659e-04
2.948623e+02	7.446100e-04
2.949722e+02	7.445447e-04
2.950840e+02	7.445622e-04
2.951917e+02	7.444551e-04
2.952989e+02	7.446373e-04
2.954066e+02	7.443640e-04
2.955154e+02	7.445902e-04
2.956260e+02	7.444315e-04
2.957324e+02	7.445410e-04
2.958404e+02	7.446168e-04
2.959475e+02	7.444650e-04
2.960578e+02	7.446085e-04
2.961664e+02	7.445355e-04
2.962730e+02	7.446465e-04
2.963840e+02	7.446503e-04
2.964950e+02	7.446518e-04
2.966029e+02	7.445022e-04
2.967122e+02	7.444277e-04
2.968213e+02	7.444817e-04
2.969274e+02	7.444566e-04
2.970347e+02	7.444368e-04
2.971430e+02	7.447072e-04
2.972524e+02	7.445774e-04
2.973599e+02	7.444339e-04
2.974690e+02	7.446647e-04
2.975794e+02	7.445728e-04
2.976892e+02	7.445014e-04
2.977958e+02	7.444718e-04
2.979045e+02	7.445591e-04
2.980139e+02	7.445150e-04
2.981227e+02	7.445022e-04
2.982316e+02	7.444749e-04
2.983397e+02	7.364374e-04
2.984475e+02	7.447786e-04
2.985553e+02	7.448630e-04
2.986654e+02	7.448485e-04
2.987725e+02	7.448956e-04
2.988821e+02	7.450292e-04
2.989889e+02	7.450369e-04
2.990976e+02	7.449001e-04
2.992058e+02	7.449176e-04
2.993129e+02	7.448932e-04
2.994228e+02	7.449267e-04
2.995311e+02	7.448181e-04
2.996390e+02	7.448652e-04
2.997492e+02	7.449358e-04
2.998588e+02	7.449631e-04
2.999668e+02	7.449457e-04
3.000742e+02	2.785384e-04
3.001820e+02	1.837900e-06
3.002887e+02	1.843976e-06
3.003995e+02	1.919923e-06
3.005089e+02	1.835623e-06
3.006165e+02	1.817395e-06
3.007245e+02	1.843218e-06
3.008339e+02	1.807522e-06
3.009419e+02	1.840939e-06
3.010530e+02	1.816636e-06
3.011612e+02	1.857647e-06
3.012696e+02	1.847015e-06
3.013765e+02	1.858407e-06
3.014847e+02	1.875115e-06
3.015915e+02	1.871318e-06
3.017039e+02	1.848534e-06
3.018106e+02	1.840939e-06
3.019188e+02	1.850052e-06
3.020288e+02	1.861444e-06
3.021375e+02	1.862204e-06
3.022454e+02	1.799168e-06
3.023531e+02	1.834863e-06
3.024642e+02	1.838660e-06
3.025703e+02	1.838660e-06
3.026782e+02	1.847774e-06
3.027914e+02	1.834103e-06
3.028980e+02	1.856888e-06
3.030058e+02	1.862963e-06
3.031142e+02	1.867520e-06
3.032246e+02	1.826508e-06
3.033328e+02	1.833344e-06
3.034422e+02	1.803725e-06
3.035505e+02	1.841698e-06
3.036573e+02	1.851571e-06
3.037655e+02	1.850052e-06
3.038745e+02	1.849292e-06
3.039823e+02	1.844736e-06
3.040909e+02	1.859166e-06
3.042015e+02	1.856128e-06
3.043107e+02	1.820434e-06
3.044194e+02	1.859166e-06
3.045269e+02	1.856888e-06
3.046374e+02	1.834103e-06
3.047468e+02	1.862963e-06
3.048583e+02	1.866002e-06
3.049672e+02	1.866760e-06
3.050759e+02	1.843218e-06
3.051859e+02	1.858407e-06
3.052957e+02	1.890304e-06
3.054058e+02	1.853850e-06
3.055146e+02	1.818155e-06
3.056238e+02	1.834103e-06
3.057328e+02	1.847774e-06
3.058418e+02	1.850812e-06
3.059797e+02	1.811319e-06
3.060879e+02	1.884228e-06
3.061963e+02	1.892583e-06
3.063034e+02	1.848534e-06
3.064098e+02	1.865242e-06
3.065182e+02	1.878152e-06
3.066276e+02	1.855368e-06
3.067358e+02	1.867520e-06
3.068452e+02	1.843976e-06
3.069537e+02	1.847774e-06
3.070630e+02	1.820434e-06
3.071728e+02	1.871318e-06
3.072820e+02	1.860686e-06
3.073915e+02	1.875115e-06
3.075014e+02	1.851571e-06
3.076102e+02	1.857647e-06
3.077187e+02	1.824231e-06
3.078270e+02	1.858407e-06
3.079372e+02	1.833344e-06
3.080444e+02	1.839420e-06
3.081520e+02	1.888785e-06
3.082610e+02	1.840939e-06
3.083705e+02	1.866760e-06
3.084770e+02	1.818155e-06
3.085867e+02	1.876634e-06
3.086976e+02	1.831066e-06
3.088068e+02	1.846255e-06
3.089148e+02	1.858407e-06
3.090235e+02	1.882710e-06
3.091317e+02	1.869039e-06
3.092410e+02	1.853091e-06
3.093507e+02	1.865242e-06
3.094574e+02	1.862204e-06
3.095676e+02	1.838660e-06
3.096755e+02	1.861444e-06
3.097824e+02	1.834863e-06
3.098915e+02	1.833344e-06
3.099991e+02	1.818155e-06
3.101065e+02	1.796890e-06
3.102159e+02	1.876634e-06
3.103243e+02	1.872836e-06
3.104318e+02	1.878912e-06
3.105420e+02	1.821952e-06
3.106511e+02	1.839420e-06
3.107605e+02	1.884988e-06
3.108697e+02	1.862204e-06
3.109795e+02	1.821952e-06
3.110858e+02	1.847015e-06
3.111940e+02	1.853091e-06
3.113082e+02	1.849292e-06
3.114165e+02	1.852331e-06
3.115269e+02	1.851571e-06
3.116374e+02	1.899418e-06
3.117443e+02	1.834103e-06
3.118534e+02	1.846255e-06
3.119602e+02	1.837900e-06
3.120684e+02	1.874355e-06
3.121757e+02	1.866002e-06
3.122878e+02	1.806763e-06
3.123961e+02	1.826508e-06
3.125056e+02	1.843218e-06
3.126164e+02	1.826508e-06
3.127237e+02	1.873596e-06
3.128317e+02	1.821192e-06
3.129397e+02	1.822711e-06
3.130479e+02	1.881950e-06
3.131569e+02	1.828028e-06
3.132654e+02	1.877394e-06
3.133728e+02	1.834103e-06
3.134799e+02	1.822711e-06
3.135877e+02	1.831826e-06
3.136945e+02	1.881191e-06
3.138022e+02	1.869039e-06
3.139120e+02	1.831066e-06
3.140213e+02	1.862204e-06
3.141295e+02	1.814358e-06
3.142371e+02	1.844736e-06
3.143490e+02	1.821192e-06
3.144573e+02	1.843976e-06
3.145685e+02	1.839420e-06
3.146775e+02	1.810560e-06
3.147853e+02	1.836382e-06
3.148935e+02	1.841698e-06
3.150051e+02	1.878152e-06
3.151145e+02	1.855368e-06
3.152253e+02	1.887267e-06
3.153354e+02	1.854610e-06
3.154433e+02	1.875115e-06
3.155523e+02	1.860686e-06
3.156615e+02	1.844736e-06
3.157681e+02	1.824990e-06
3.158773e+02	1.815116e-06
3.159849e+02	1.837142e-06
3.160929e+02	1.847015e-06
3.162032e+02	1.834103e-06
3.163129e+02	1.847015e-06
3.164203e+02	1.867520e-06
3.165270e+02	1.828028e-06
3.166356e+02	1.837900e-06
3.167458e+02	1.830306e-06
3.168542e+02	1.847015e-06
3.169661e+02	1.845495e-06
3.170768e+02	1.838660e-06
3.171845e+02	1.843218e-06
3.172931e+02	1.840179e-06
3.174019e+02	1.824990e-06
3.175098e+02	1.859926e-06
3.176171e+02	1.814358e-06
3.177254e+02	1.807522e-06
3.178338e+02	1.882710e-06
3.179421e+02	1.845495e-06
3.180500e+02	1.850052e-06
3.181583e+02	1.821952e-06
3.182678e+02	1.842458e-06
3.183760e+02	1.847774e-06
3.184851e+02	1.824231e-06
3.185954e+02	1.826508e-06
3.187044e+02	1.824990e-06
3.188117e+02	1.839420e-06
3.189189e+02	1.837142e-06
3.190269e+02	1.829547e-06
3.191380e+02	1.790814e-06
3.192470e+02	1.766511e-06
3.193570e+02	1.803725e-06
3.194667e+02	1.840179e-06
3.195739e+02	1.826508e-06
3.196850e+02	1.843976e-06
3.197945e+02	1.796130e-06
3.199024e+02	1.811319e-06
3.200121e+02	1.881191e-06
3.201208e+02	1.886507e-06
3.202289e+02	1.837142e-06
3.203390e+02	1.838660e-06
3.204465e+02	1.871318e-06
3.205541e+02	1.809800e-06
3.206599e+02	1.838660e-06
3.207701e+02	1.812079e-06
3.208789e+02	1.851571e-06
3.209908e+02	1.834103e-06
3.211002e+02	1.830306e-06
3.212093e+02	1.854610e-06
3.213189e+02	1.799168e-06
3.214275e+02	1.863723e-06
3.215358e+02	1.863723e-06
3.216463e+02	1.818155e-06
3.217531e+02	1.842458e-06
3.218614e+02	1.817395e-06
3.219698e+02	1.878912e-06
3.220789e+02	1.792333e-06
3.221876e+02	1.848534e-06
3.222997e+02	1.861444e-06
3.224086e+02	1.831066e-06
3.225162e+02	1.847774e-06
3.226257e+02	1.824231e-06
3.227347e+02	1.836382e-06
3.228444e+02	1.866760e-06
3.229529e+02	1.831066e-06
3.230617e+02	1.841698e-06
3.231697e+02	1.821952e-06
3.232773e+02	1.812079e-06
3.233844e+02	1.829547e-06
3.234966e+02	1.830306e-06
3.236054e+02	1.833344e-06
3.237130e+02	1.850812e-06
3.238201e+02	1.843218e-06
3.239303e+02	1.843976e-06
3.240410e+02	1.854610e-06
3.241486e+02	1.875115e-06
3.242586e+02	1.850052e-06
3.243693e+02	1.849292e-06
3.244783e+02	1.813598e-06
3.245865e+02	1.828028e-06
3.246979e+02	1.840179e-06
3.248064e+02	1.799168e-06
3.249145e+02	1.824990e-06
3.250237e+02	1.852331e-06
3.251319e+02	1.802966e-06
3.252412e+02	1.828787e-06
3.253494e+02	1.859926e-06
3.254561e+02	1.831826e-06
3.255655e+02	1.806763e-06
3.256746e+02	1.803725e-06
3.257819e+02	1.823471e-06
3.258901e+02	1.847015e-06
3.260002e+02	1.849292e-06
3.261094e+02	1.829547e-06
3.262178e+02	1.839420e-06
3.263260e+02	1.847774e-06
3.264357e+02	1.844736e-06
3.265438e+02	1.834103e-06
3.266526e+02	1.831066e-06
3.267658e+02	1.810560e-06
3.268734e+02	1.842458e-06
3.269812e+02	1.842458e-06
3.270898e+02	1.891064e-06
3.271972e+02	1.840939e-06
3.273045e+02	1.859926e-06
3.274121e+02	1.861444e-06
3.275242e+02	1.856128e-06
3.276337e+02	1.837142e-06
3.277423e+02	1.848534e-06
3.278510e+02	1.817395e-06
3.279615e+02	1.853850e-06
3.280693e+02	1.823471e-06
3.281783e+02	1.849292e-06
3.282868e+02	1.866760e-06
3.283953e+02	1.859926e-06
3.285061e+02	1.867520e-06
3.286143e+02	1.847774e-06
3.287253e+02	1.866760e-06
3.288353e+02	1.843218e-06
3.289441e+02	1.818914e-06
3.290542e+02	1.842458e-06
3.291631e+02	1.838660e-06
3.292710e+02	1.866760e-06
3.293840e+02	1.851571e-06
3.294938e+02	1.860686e-06
3.296016e+02	1.830306e-06
3.297118e+02	1.875875e-06
3.298213e+02	1.865242e-06
3.299328e+02	1.834103e-06
3.300438e+02	1.846255e-06
3.301538e+02	1.828787e-06
3.302614e+02	1.838660e-06
3.303709e+02	1.822711e-06
3.304792e+02	1.856888e-06
3.305867e+02	1.839420e-06
3.306965e+02	1.853091e-06
3.308037e+02	1.790055e-06
3.309106e+02	1.818155e-06
3.310204e+02	1.795371e-06
3.311294e+02	1.853850e-06
3.312371e+02	1.818914e-06
3.313462e+02	1.824231e-06
3.314541e+02	1.865242e-06
3.315628e+02	1.854610e-06
3.316699e+02	1.797650e-06
3.317804e+02	1.823471e-06
3.318886e+02	1.838660e-06
3.319968e+02	1.837900e-06
3.321057e+02	1.846255e-06
3.322222e+02	1.822711e-06
3.323332e+02	1.850052e-06
3.324401e+02	1.856128e-06
3.325485e+02	1.810560e-06
3.326558e+02	1.849292e-06
3.327684e+02	1.840939e-06
3.328763e+02	1.822711e-06
3.329861e+02	1.860686e-06
3.330955e+02	1.857647e-06
3.332026e+02	1.871318e-06
3.333103e+02	1.836382e-06
3.334216e+02	1.869039e-06
3.335297e+02	1.864483e-06
3.336380e+02	1.812079e-06
3.337476e+02	1.862963e-06
3.338579e+02	1.812079e-06
3.339670e+02	1.829547e-06
3.340742e+02	1.821952e-06
3.341827e+02	1.822711e-06
3.342922e+02	1.831826e-06
3.344007e+02	1.817395e-06
3.345107e+02	1.840179e-06
3.346175e+02	1.813598e-06
3.347268e+02	1.847015e-06
3.348348e+02	1.852331e-06
3.349422e+02	1.832584e-06
3.350513e+02	1.829547e-06
3.351596e+02	1.839420e-06
3.352675e+02	1.847774e-06
3.353759e+02	1.844736e-06
3.354875e+02	1.831066e-06
3.355951e+02	1.839420e-06
3.357048e+02	1.831826e-06
3.358136e+02	1.824990e-06
3.359238e+02	1.867520e-06
3.360334e+02	1.871318e-06
3.361422e+02	1.846255e-06
3.362485e+02	1.842458e-06
3.363602e+02	1.829547e-06
3.364685e+02	1.840939e-06
3.365760e+02	1.841698e-06
3.366836e+02	1.804484e-06
3.367925e+02	1.849292e-06
3.369007e+02	1.846255e-06
3.370086e+02	1.825750e-06
3.371165e+02	1.858407e-06
3.372282e+02	1.851571e-06
3.373384e+02	1.806003e-06
3.374472e+02	1.853091e-06
3.375574e+02	1.828028e-06
3.376657e+02	1.803725e-06
3.377729e+02	1.803725e-06
3.378809e+02	1.824231e-06
3.379894e+02	1.845495e-06
3.380991e+02	1.822711e-06
3.382082e+02	1.827268e-06
3.383158e+02	1.828028e-06
3.384270e+02	1.785498e-06
3.385373e+02	1.862963e-06
3.386444e+02	1.823471e-06
3.387527e+02	1.812839e-06
3.388643e+02	1.830306e-06
3.389731e+02	1.849292e-06
3.390853e+02	1.829547e-06
3.391957e+02	1.815116e-06
3.393042e+02	1.824231e-06
3.394142e+02	1.832584e-06
3.395221e+02	1.821952e-06
3.396298e+02	1.826508e-06
3.397382e+02	1.847774e-06
3.398466e+02	1.831066e-06
3.399544e+02	1.838660e-06
3.400625e+02	1.848534e-06
3.401697e+02	1.840179e-06
3.402762e+02	1.828028e-06
3.403850e+02	1.817395e-06
3.405080e+02	1.805244e-06
3.406162e+02	1.820434e-06
3.407253e+02	1.821952e-06
3.408334e+02	1.816636e-06
3.409418e+02	1.828787e-06
3.410499e+02	1.831826e-06
3.411571e+02	1.818914e-06
3.412662e+02	1.845495e-06
3.413762e+02	1.834863e-06
3.414851e+02	1.824990e-06
3.415934e+02	1.839420e-06
3.417027e+02	1.809800e-06
3.418140e+02	1.844736e-06
3.419228e+02	1.833344e-06
3.420310e+02	1.885747e-06
3.421392e+02	1.869039e-06
3.422476e+02	1.844736e-06
3.423551e+02	1.848534e-06
3.424634e+02	1.894101e-06
3.425737e+02	1.820434e-06
3.426821e+02	1.830306e-06
3.427894e+02	1.832584e-06
3.428993e+02	1.861444e-06
3.430127e+02	1.813598e-06
3.431248e+02	1.856128e-06
3.432347e+02	1.851571e-06
3.433440e+02	1.849292e-06
3.434533e+02	1.818155e-06
3.435636e+02	1.796890e-06
3.436730e+02	1.845495e-06
3.437839e+02	1.802206e-06
3.438937e+02	1.815876e-06
3.440023e+02	1.830306e-06
3.441106e+02	1.885747e-06
3.442189e+02	1.877394e-06
3.443273e+02	1.850052e-06
3.444355e+02	1.840939e-06
3.445438e+02	1.828787e-06
3.446539e+02	1.847015e-06
3.447614e+02	1.796890e-06
3.448701e+02	1.842458e-06
3.449824e+02	1.821192e-06
3.450918e+02	1.815876e-06
3.452003e+02	1.841698e-06
3.453117e+02	1.815876e-06
3.454242e+02	1.831826e-06
3.455345e+02	1.828787e-06
3.456433e+02	1.822711e-06
3.457527e+02	1.859166e-06
3.458647e+02	1.815116e-06
3.459749e+02	1.839420e-06
3.460825e+02	1.846255e-06
3.461903e+02	1.840939e-06
3.463029e+02	1.827268e-06
3.464122e+02	1.819674e-06
3.465187e+02	1.845495e-06
3.466267e+02	1.859166e-06
3.467336e+02	1.830306e-06
3.468436e+02	1.845495e-06
3.469520e+02	1.810560e-06
3.470601e+02	1.849292e-06
3.471693e+02	1.844736e-06
3.472780e+02	1.858407e-06
3.473877e+02	1.831826e-06
3.474952e+02	1.809800e-06
3.476031e+02	1.808282e-06
3.477126e+02	1.821192e-06
3.478192e+02	1.821952e-06
3.479263e+02	1.818914e-06
3.480368e+02	1.796130e-06
3.481470e+02	1.812839e-06
3.482546e+02	1.829547e-06
3.483639e+02	1.842458e-06
3.484724e+02	1.815116e-06
3.485804e+02	1.815116e-06
3.486881e+02	1.840179e-06
3.487963e+02	1.862963e-06
3.489047e+02	1.862204e-06
3.490145e+02	1.828787e-06
3.491216e+02	1.874355e-06
3.492289e+02	1.865242e-06
3.493401e+02	1.856128e-06
3.494486e+02	1.891823e-06
3.495563e+02	1.849292e-06
3.496660e+02	1.853091e-06
3.497742e+02	1.853850e-06
3.498844e+02	1.841698e-06
3.499931e+02	1.864483e-06
3.501002e+02	1.869039e-06
3.502087e+02	1.840179e-06
3.503154e+02	1.833344e-06
3.504246e+02	1.847015e-06
3.505311e+02	1.820434e-06
3.506501e+02	1.834863e-06
3.507569e+02	1.875875e-06
3.508685e+02	1.859166e-06
3.509788e+02	1.821952e-06
3.510873e+02	1.829547e-06
3.512006e+02	1.867520e-06
3.513098e+02	1.840939e-06
3.514198e+02	1.846255e-06
3.515271e+02	1.824231e-06
3.516348e+02	1.850812e-06
3.517413e+02	1.848534e-06
3.518520e+02	1.836382e-06
3.519604e+02	1.844736e-06
3.520681e+02	1.850812e-06
3.521781e+02	1.843218e-06
3.522883e+02	1.854610e-06
3.523960e+02	1.844736e-06
3.525040e+02	1.840179e-06
3.526129e+02	1.841698e-06
3.527213e+02	1.842458e-06
3.528299e+02	1.848534e-06
3.529370e+02	1.823471e-06
3.530456e+02	1.834863e-06
3.531553e+02	1.842458e-06
3.532636e+02	1.824990e-06
3.533710e+02	1.824990e-06
3.534804e+02	1.839420e-06
3.535890e+02	1.806003e-06
3.536982e+02	1.836382e-06
3.538062e+02	1.875115e-06
3.539152e+02	1.868280e-06
3.540236e+02	1.821192e-06
3.541298e+02	1.873596e-06
3.542374e+02	1.825750e-06
3.543487e+02	1.860686e-06
3.544569e+02	1.859166e-06
3.545663e+02	1.875115e-06
3.546760e+02	1.868280e-06
3.547870e+02	1.870558e-06
3.548965e+02	1.875115e-06
3.550034e+02	1.851571e-06
3.551128e+02	1.833344e-06
3.552203e+02	1.866760e-06
3.553283e+02	1.812839e-06
3.554380e+02	1.818155e-06
3.555452e+02	1.884988e-06
3.556526e+02	1.836382e-06
3.557615e+02	1.840939e-06
3.558697e+02	1.821952e-06
3.559801e+02	1.819674e-06
3.560888e+02	1.840179e-06
3.561974e+02	1.859166e-06
3.563064e+02	1.846255e-06
3.564138e+02	1.826508e-06
3.565217e+02	1.874355e-06
3.566331e+02	1.858407e-06
3.567424e+02	1.861444e-06
3.568506e+02	1.847774e-06
3.569637e+02	1.829547e-06
3.570712e+02	1.843976e-06
3.571813e+02	1.836382e-06
3.572898e+02	1.866760e-06
3.574002e+02	1.860686e-06
3.575101e+02	1.847774e-06
3.576184e+02	1.821952e-06
3.577275e+02	1.821192e-06
3.578360e+02	1.827268e-06
3.579433e+02	1.882710e-06
3.580506e+02	1.842458e-06
3.581593e+02	1.838660e-06
3.582691e+02	1.817395e-06
3.583780e+02	1.832584e-06
3.584861e+02	1.846255e-06
3.585966e+02	1.841698e-06
3.587064e+02	1.830306e-06
3.588148e+02	1.847774e-06
3.589259e+02	1.827268e-06
3.590348e+02	1.827268e-06
3.591429e+02	1.822711e-06
3.592517e+02	1.836382e-06
3.593609e+02	1.836382e-06
3.594674e+02	1.831826e-06
3.595745e+02	1.843976e-06
3.596819e+02	1.844736e-06
3.597893e+02	1.848534e-06
3.599010e+02	1.831066e-06
3.600126e+02	1.801447e-06
