# TEY data for sample P950-InO4 1
# time(s)	normalized_TEY
0.000000e+00	1.840638e-06
1.077680e-01	1.852028e-06
2.150340e-01	1.841396e-06
3.212620e-01	1.848231e-06
4.284960e-01	1.826209e-06
5.357250e-01	1.820136e-06
6.429500e-01	1.849749e-06
7.501850e-01	1.834563e-06
8.584080e-01	1.883920e-06
9.666510e-01	1.841396e-06
1.074502e+00	1.833044e-06
1.181732e+00	1.810264e-06
1.288930e+00	1.848231e-06
1.396218e+00	1.865696e-06
1.505880e+00	1.883161e-06
1.615684e+00	1.820136e-06
1.723335e+00	1.852028e-06
1.831943e+00	1.851268e-06
1.939334e+00	1.864178e-06
2.046609e+00	1.816339e-06
2.155328e+00	1.904422e-06
2.263331e+00	1.867214e-06
2.371149e+00	1.841396e-06
2.477927e+00	1.824691e-06
2.587039e+00	1.868733e-06
2.694544e+00	1.804189e-06
2.806188e+00	1.852028e-06
2.926403e+00	1.845953e-06
3.035217e+00	1.823932e-06
3.144435e+00	1.831526e-06
3.251729e+00	1.886198e-06
3.361003e+00	1.822413e-06
3.468883e+00	1.826209e-06
3.577322e+00	1.860381e-06
3.685426e+00	1.803429e-06
3.796244e+00	1.822413e-06
3.903475e+00	1.883920e-06
4.014263e+00	1.846712e-06
4.124475e+00	1.865696e-06
4.232171e+00	1.833803e-06
4.340364e+00	1.854306e-06
4.450993e+00	1.839119e-06
4.558769e+00	1.846712e-06
4.667382e+00	1.814819e-06
4.776414e+00	1.859621e-06
4.884684e+00	1.823932e-06
4.991413e+00	1.878605e-06
5.101160e+00	1.839878e-06
5.209409e+00	1.837599e-06
5.317322e+00	1.846712e-06
5.427143e+00	1.864178e-06
5.536794e+00	1.870251e-06
5.647028e+00	1.873289e-06
5.755165e+00	1.790521e-06
5.867357e+00	1.854306e-06
5.975437e+00	1.841396e-06
6.081849e+00	1.858103e-06
6.188968e+00	1.858103e-06
6.297011e+00	1.858861e-06
6.405329e+00	1.843674e-06
6.513257e+00	1.840638e-06
6.621683e+00	1.872530e-06
6.731918e+00	1.858861e-06
6.841060e+00	1.823932e-06
6.948346e+00	1.862658e-06
7.055759e+00	1.818616e-06
7.165459e+00	1.850509e-06
7.273807e+00	1.846712e-06
7.382037e+00	1.840638e-06
7.491267e+00	1.846712e-06
7.597682e+00	1.859621e-06
7.706013e+00	1.823932e-06
7.815824e+00	1.861899e-06
7.922351e+00	1.845953e-06
8.029714e+00	1.852787e-06
8.142010e+00	1.837599e-06
8.252723e+00	1.841396e-06
8.359701e+00	1.842156e-06
8.469029e+00	1.815579e-06
8.578500e+00	1.830006e-06
8.686888e+00	1.848231e-06
8.794688e+00	1.845953e-06
8.902412e+00	1.847471e-06
9.012492e+00	1.865696e-06
9.122100e+00	1.852787e-06
9.229707e+00	1.863418e-06
9.338903e+00	1.868733e-06
9.445768e+00	1.819376e-06
9.556989e+00	1.849749e-06
9.666043e+00	1.842916e-06
9.772374e+00	1.861139e-06
9.880437e+00	1.861139e-06
9.987817e+00	1.858103e-06
1.009724e+01	1.806467e-06
1.020478e+01	1.827729e-06
1.031479e+01	1.791280e-06
1.042218e+01	1.872530e-06
1.052928e+01	1.856584e-06
1.063896e+01	1.854306e-06
1.074685e+01	1.822413e-06
1.085354e+01	1.819376e-06
1.096279e+01	1.803429e-06
1.107352e+01	1.855065e-06
1.118168e+01	1.842156e-06
1.129341e+01	1.815579e-06
1.140329e+01	1.875568e-06
1.151144e+01	1.839119e-06
1.162142e+01	1.842156e-06
1.173066e+01	1.851268e-06
1.184098e+01	1.867974e-06
1.194900e+01	1.832284e-06
1.205811e+01	1.886198e-06
1.216916e+01	1.847471e-06
1.227617e+01	1.845193e-06
1.238413e+01	1.867974e-06
1.249454e+01	1.838359e-06
1.260317e+01	1.853546e-06
1.271137e+01	1.864936e-06
1.282076e+01	1.848231e-06
1.292879e+01	1.833803e-06
1.303635e+01	1.837599e-06
1.314466e+01	1.837599e-06
1.325280e+01	1.837599e-06
1.336402e+01	1.847471e-06
1.347415e+01	1.842156e-06
1.358076e+01	1.845953e-06
1.368796e+01	1.848990e-06
1.379581e+01	1.814061e-06
1.390404e+01	1.831526e-06
1.401128e+01	1.856584e-06
1.411865e+01	1.843674e-06
1.422673e+01	1.845953e-06
1.433526e+01	1.883920e-06
1.444500e+01	1.830766e-06
1.455365e+01	1.853546e-06
1.466079e+01	1.826209e-06
1.476885e+01	1.833044e-06
1.487697e+01	1.836841e-06
1.498503e+01	1.841396e-06
1.509250e+01	1.862658e-06
1.520052e+01	1.812542e-06
1.531061e+01	1.798874e-06
1.541783e+01	1.839119e-06
1.552601e+01	1.830006e-06
1.563724e+01	1.836841e-06
1.574570e+01	1.804949e-06
1.585309e+01	1.826969e-06
1.596463e+01	1.810264e-06
1.607220e+01	1.847471e-06
1.618105e+01	1.842916e-06
1.628908e+01	1.829247e-06
1.639626e+01	1.784446e-06
1.650439e+01	1.811782e-06
1.661329e+01	1.816339e-06
1.672568e+01	1.827729e-06
1.683529e+01	1.832284e-06
1.694414e+01	1.803429e-06
1.705264e+01	1.813301e-06
1.716248e+01	1.823172e-06
1.727081e+01	1.864936e-06
1.737811e+01	1.855824e-06
1.748504e+01	1.807986e-06
1.759377e+01	1.814819e-06
1.770378e+01	1.789002e-06
1.781218e+01	1.847471e-06
1.791924e+01	1.816339e-06
1.802740e+01	1.813301e-06
1.813524e+01	1.851268e-06
1.824347e+01	1.818616e-06
1.835169e+01	1.826969e-06
1.845918e+01	1.870251e-06
1.856681e+01	1.817857e-06
1.867520e+01	1.844434e-06
1.878322e+01	1.826209e-06
1.889245e+01	1.836841e-06
1.900032e+01	1.840638e-06
1.910841e+01	1.841396e-06
1.921668e+01	1.832284e-06
1.932440e+01	1.841396e-06
1.943243e+01	1.834563e-06
1.953989e+01	1.843674e-06
1.964987e+01	1.819376e-06
1.976166e+01	1.849749e-06
1.986974e+01	1.851268e-06
1.997807e+01	1.842156e-06
2.008761e+01	1.811023e-06
2.019525e+01	1.847471e-06
2.030378e+01	1.829247e-06
2.041135e+01	1.861139e-06
2.051761e+01	1.827729e-06
2.062692e+01	1.814061e-06
2.073488e+01	1.826209e-06
2.084391e+01	1.799632e-06
2.095293e+01	1.823172e-06
2.106236e+01	1.789002e-06
2.117040e+01	1.792039e-06
2.128024e+01	1.816339e-06
2.138892e+01	1.795836e-06
2.149633e+01	1.794317e-06
2.160563e+01	1.817098e-06
2.171269e+01	1.803429e-06
2.182203e+01	1.858861e-06
2.194225e+01	1.822413e-06
2.205171e+01	1.833803e-06
2.215939e+01	1.831526e-06
2.226705e+01	1.811023e-06
2.237671e+01	1.836841e-06
2.248504e+01	1.824691e-06
2.259379e+01	1.845193e-06
2.270408e+01	1.825451e-06
2.281133e+01	1.815579e-06
2.291875e+01	1.845953e-06
2.302587e+01	1.890754e-06
2.313550e+01	1.826969e-06
2.324370e+01	1.829247e-06
2.335288e+01	1.867214e-06
2.346114e+01	1.833044e-06
2.356955e+01	1.839119e-06
2.367971e+01	1.844434e-06
2.378871e+01	1.852028e-06
2.389902e+01	1.865696e-06
2.400624e+01	1.830006e-06
2.411877e+01	1.830766e-06
2.422643e+01	1.819376e-06
2.433847e+01	1.832284e-06
2.444742e+01	1.833044e-06
2.455554e+01	1.866455e-06
2.466786e+01	1.857343e-06
2.477578e+01	1.843674e-06
2.488311e+01	1.871771e-06
2.499199e+01	1.846712e-06
2.510071e+01	1.878605e-06
2.520894e+01	1.850509e-06
2.531732e+01	1.822413e-06
2.542380e+01	1.857343e-06
2.553878e+01	1.836841e-06
2.564585e+01	1.855824e-06
2.575310e+01	1.854306e-06
2.586201e+01	1.869493e-06
2.597076e+01	1.844434e-06
2.608021e+01	1.849749e-06
2.618766e+01	1.820894e-06
2.629719e+01	1.842916e-06
2.640492e+01	1.849749e-06
2.651301e+01	1.845953e-06
2.662130e+01	1.842916e-06
2.672991e+01	1.836081e-06
2.683793e+01	1.876326e-06
2.694852e+01	1.857343e-06
2.705642e+01	1.830766e-06
2.716266e+01	1.849749e-06
2.727486e+01	1.831526e-06
2.738435e+01	1.855824e-06
2.749288e+01	1.871011e-06
2.760409e+01	1.833803e-06
2.771221e+01	1.863418e-06
2.782049e+01	1.852787e-06
2.792893e+01	1.864936e-06
2.803753e+01	1.825451e-06
2.814478e+01	1.832284e-06
2.825201e+01	1.862658e-06
2.836125e+01	1.830006e-06
2.846857e+01	1.823172e-06
2.857682e+01	1.885438e-06
2.868613e+01	1.850509e-06
2.879341e+01	1.870251e-06
2.890076e+01	1.893791e-06
2.900899e+01	1.883161e-06
2.911628e+01	1.858103e-06
2.922452e+01	1.833044e-06
2.933674e+01	1.841396e-06
2.944368e+01	1.845953e-06
2.955125e+01	1.829247e-06
2.966016e+01	1.849749e-06
2.976900e+01	1.824691e-06
2.987912e+01	1.827729e-06
2.998671e+01	1.846712e-06
3.009588e+01	1.836081e-06
3.020547e+01	1.798874e-06
3.031144e+01	1.849749e-06
3.042368e+01	1.844434e-06
3.053119e+01	1.848231e-06
3.063868e+01	1.844434e-06
3.074820e+01	1.855824e-06
3.085625e+01	1.862658e-06
3.096633e+01	1.839119e-06
3.107371e+01	1.864936e-06
3.118228e+01	1.840638e-06
3.128902e+01	1.855824e-06
3.140038e+01	1.834563e-06
3.150726e+01	1.845193e-06
3.161504e+01	1.860381e-06
3.172534e+01	1.807986e-06
3.183228e+01	1.836841e-06
3.194097e+01	1.828488e-06
3.205275e+01	1.826969e-06
3.216003e+01	1.859621e-06
3.226699e+01	1.852028e-06
3.237534e+01	1.821654e-06
3.248206e+01	1.821654e-06
3.259112e+01	1.852028e-06
3.270052e+01	1.819376e-06
3.280878e+01	1.862658e-06
3.291598e+01	1.848990e-06
3.302368e+01	1.842156e-06
3.313212e+01	1.874808e-06
3.323916e+01	1.848231e-06
3.334999e+01	1.859621e-06
3.345910e+01	1.843674e-06
3.356899e+01	1.840638e-06
3.367824e+01	1.817857e-06
3.378619e+01	1.878605e-06
3.389536e+01	1.870251e-06
3.400534e+01	1.864178e-06
3.411535e+01	1.836841e-06
3.422250e+01	1.851268e-06
3.432901e+01	1.847471e-06
3.443854e+01	1.858861e-06
3.455037e+01	1.861139e-06
3.466008e+01	1.853546e-06
3.476693e+01	1.879364e-06
3.487780e+01	1.814819e-06
3.498622e+01	1.839878e-06
3.509397e+01	1.830766e-06
3.520222e+01	1.857343e-06
3.530964e+01	1.859621e-06
3.541897e+01	1.874808e-06
3.552858e+01	1.846712e-06
3.563496e+01	1.848990e-06
3.574300e+01	1.894551e-06
3.585076e+01	1.877845e-06
3.595939e+01	1.832284e-06
3.606766e+01	1.826969e-06
3.617822e+01	1.864936e-06
3.628720e+01	1.842916e-06
3.639462e+01	1.852028e-06
3.650488e+01	1.839878e-06
3.661406e+01	1.877086e-06
3.672339e+01	1.836841e-06
3.683172e+01	1.856584e-06
3.693808e+01	1.841396e-06
3.704624e+01	1.809504e-06
3.715658e+01	1.843674e-06
3.726590e+01	1.812542e-06
3.737403e+01	1.840638e-06
3.748580e+01	1.810264e-06
3.759661e+01	1.801911e-06
3.770488e+01	1.855824e-06
3.781310e+01	1.820136e-06
3.792238e+01	1.822413e-06
3.802960e+01	1.828488e-06
3.813659e+01	1.839878e-06
3.824564e+01	1.825451e-06
3.835538e+01	1.838359e-06
3.846377e+01	1.827729e-06
3.857178e+01	1.830766e-06
3.867824e+01	1.792039e-06
3.878693e+01	1.813301e-06
3.889492e+01	1.855065e-06
3.900328e+01	1.845953e-06
3.911184e+01	1.858861e-06
3.922157e+01	1.830006e-06
3.933023e+01	1.827729e-06
3.943772e+01	1.844434e-06
3.954897e+01	1.817098e-06
3.965832e+01	1.832284e-06
3.976685e+01	1.862658e-06
3.987817e+01	1.833803e-06
3.998703e+01	1.850509e-06
4.009544e+01	1.835322e-06
4.020494e+01	1.811782e-06
4.031293e+01	1.830766e-06
4.043548e+01	1.828488e-06
4.054293e+01	1.848231e-06
4.064943e+01	1.848990e-06
4.075862e+01	1.879364e-06
4.086706e+01	1.861139e-06
4.097559e+01	1.843674e-06
4.108372e+01	1.805707e-06
4.119116e+01	1.820136e-06
4.129923e+01	1.827729e-06
4.141056e+01	1.830006e-06
4.152099e+01	1.846712e-06
4.163183e+01	1.817857e-06
4.174314e+01	1.855824e-06
4.185241e+01	1.817098e-06
4.196206e+01	1.850509e-06
4.207136e+01	1.835322e-06
4.218039e+01	1.850509e-06
4.228861e+01	1.861899e-06
4.239626e+01	1.834563e-06
4.250359e+01	1.864178e-06
4.261148e+01	1.831526e-06
4.272110e+01	1.822413e-06
4.283079e+01	1.839119e-06
4.293994e+01	1.874048e-06
4.304959e+01	1.847471e-06
4.315672e+01	1.863418e-06
4.326393e+01	1.866455e-06
4.337249e+01	1.836081e-06
4.347951e+01	1.845953e-06
4.358698e+01	1.833044e-06
4.369711e+01	1.871011e-06
4.380426e+01	1.810264e-06
4.391256e+01	1.868733e-06
4.401978e+01	1.840638e-06
4.412803e+01	1.842156e-06
4.423605e+01	1.844434e-06
4.434445e+01	1.859621e-06
4.445369e+01	1.876326e-06
4.456442e+01	1.839878e-06
4.467636e+01	1.833803e-06
4.478511e+01	1.807986e-06
4.489380e+01	1.855824e-06
4.500402e+01	1.826209e-06
4.511353e+01	1.826969e-06
4.522243e+01	1.845953e-06
4.533035e+01	1.873289e-06
4.543971e+01	1.842916e-06
4.554715e+01	1.827729e-06
4.565410e+01	1.855065e-06
4.576569e+01	1.837599e-06
4.587537e+01	1.828488e-06
4.598325e+01	1.843674e-06
4.609248e+01	1.860381e-06
4.620114e+01	1.844434e-06
4.630858e+01	1.800392e-06
4.641620e+01	1.818616e-06
4.652767e+01	1.845193e-06
4.663589e+01	1.861139e-06
4.674417e+01	1.820136e-06
4.685270e+01	1.816339e-06
4.696064e+01	1.858103e-06
4.706858e+01	1.854306e-06
4.717763e+01	1.824691e-06
4.728756e+01	1.843674e-06
4.739708e+01	1.841396e-06
4.750497e+01	1.798874e-06
4.761278e+01	1.819376e-06
4.772254e+01	1.826209e-06
4.782968e+01	1.867974e-06
4.793740e+01	1.851268e-06
4.804461e+01	1.833803e-06
4.815374e+01	1.822413e-06
4.826469e+01	1.875568e-06
4.837308e+01	1.823932e-06
4.848126e+01	1.865696e-06
4.858834e+01	1.841396e-06
4.869877e+01	1.850509e-06
4.880723e+01	1.856584e-06
4.891565e+01	1.860381e-06
4.902441e+01	1.842156e-06
4.913306e+01	1.840638e-06
4.924135e+01	1.825451e-06
4.934969e+01	1.856584e-06
4.945669e+01	1.813301e-06
4.956409e+01	1.839119e-06
4.967586e+01	1.827729e-06
4.978598e+01	1.824691e-06
4.989474e+01	1.843674e-06
5.000380e+01	1.826209e-06
5.011377e+01	1.814819e-06
5.022119e+01	1.843674e-06
5.033264e+01	1.802671e-06
5.044131e+01	1.821654e-06
5.054916e+01	1.836841e-06
5.066200e+01	1.852028e-06
5.077158e+01	1.838359e-06
5.088252e+01	1.814819e-06
5.098975e+01	1.835322e-06
5.109701e+01	1.855824e-06
5.120468e+01	1.842156e-06
5.131572e+01	1.839119e-06
5.142343e+01	1.823932e-06
5.153169e+01	1.842916e-06
5.164057e+01	1.846712e-06
5.174775e+01	1.825451e-06
5.185656e+01	1.855065e-06
5.196496e+01	1.851268e-06
5.207361e+01	1.869493e-06
5.218227e+01	1.853546e-06
5.229062e+01	1.835322e-06
5.240143e+01	1.866455e-06
5.251190e+01	1.842156e-06
5.261946e+01	1.817857e-06
5.272916e+01	1.856584e-06
5.283728e+01	1.836081e-06
5.294644e+01	1.861139e-06
5.305429e+01	1.845193e-06
5.316251e+01	1.847471e-06
5.327270e+01	1.840638e-06
5.338278e+01	1.848990e-06
5.349322e+01	1.864936e-06
5.360062e+01	1.789002e-06
5.370906e+01	1.814819e-06
5.381641e+01	1.834563e-06
5.392585e+01	1.842916e-06
5.403502e+01	1.856584e-06
5.414329e+01	1.834563e-06
5.425247e+01	1.851268e-06
5.436123e+01	1.845953e-06
5.446795e+01	1.842916e-06
5.457644e+01	1.864178e-06
5.468489e+01	1.848990e-06
5.479247e+01	1.827729e-06
5.490011e+01	1.826969e-06
5.500729e+01	1.834563e-06
5.511664e+01	1.853546e-06
5.522432e+01	1.828488e-06
5.533261e+01	1.826969e-06
5.544024e+01	1.833044e-06
5.555519e+01	1.828488e-06
5.566456e+01	1.849749e-06
5.577122e+01	1.823172e-06
5.587800e+01	1.823932e-06
5.598659e+01	1.827729e-06
5.609629e+01	1.864178e-06
5.620455e+01	1.842916e-06
5.631286e+01	1.845193e-06
5.642160e+01	1.839119e-06
5.653137e+01	1.839878e-06
5.663906e+01	1.839119e-06
5.674775e+01	1.859621e-06
5.685674e+01	1.831526e-06
5.696474e+01	1.842156e-06
5.707244e+01	1.833044e-06
5.718526e+01	1.846712e-06
5.729340e+01	1.837599e-06
5.740346e+01	1.827729e-06
5.751271e+01	1.842916e-06
5.762095e+01	1.861139e-06
5.772868e+01	1.877086e-06
5.783689e+01	1.847471e-06
5.794391e+01	1.822413e-06
5.805384e+01	1.877086e-06
5.816166e+01	1.833803e-06
5.827006e+01	1.869493e-06
5.837926e+01	1.858103e-06
5.848610e+01	1.789762e-06
5.859216e+01	1.856584e-06
5.870380e+01	1.849749e-06
5.881427e+01	1.826969e-06
5.892262e+01	1.832284e-06
5.903129e+01	1.877845e-06
5.913887e+01	1.833044e-06
5.924745e+01	1.852787e-06
5.935629e+01	1.887716e-06
5.946390e+01	1.826969e-06
5.957152e+01	1.860381e-06
5.968027e+01	1.822413e-06
5.978753e+01	1.871771e-06
5.989838e+01	1.824691e-06
6.000654e+01	9.869653e-04
6.011505e+01	1.224037e-03
6.022318e+01	1.147871e-03
6.033469e+01	1.076894e-03
6.044322e+01	1.016818e-03
6.055033e+01	9.672680e-04
6.066132e+01	9.269926e-04
6.077101e+01	8.951017e-04
6.087783e+01	8.700025e-04
6.098558e+01	8.493675e-04
6.109602e+01	8.231755e-04
6.120542e+01	8.186096e-04
6.131334e+01	8.069264e-04
6.142161e+01	7.971658e-04
6.152807e+01	7.890439e-04
6.163601e+01	7.816054e-04
6.174743e+01	7.751450e-04
6.185850e+01	7.696822e-04
6.196785e+01	7.651050e-04
6.207776e+01	7.610660e-04
6.218633e+01	7.574182e-04
6.229587e+01	7.544423e-04
6.240414e+01	7.515568e-04
6.251348e+01	7.492043e-04
6.262440e+01	7.468701e-04
6.273429e+01	7.449490e-04
6.284409e+01	7.428669e-04
6.295513e+01	7.413293e-04
6.306379e+01	7.397848e-04
6.317328e+01	7.383662e-04
6.328191e+01	7.370275e-04
6.339214e+01	7.359956e-04
6.350219e+01	7.344754e-04
6.361277e+01	7.336705e-04
6.372232e+01	7.326234e-04
6.383233e+01	7.313508e-04
6.394139e+01	7.308063e-04
6.405043e+01	7.298321e-04
6.415766e+01	7.289141e-04
6.426789e+01	7.285100e-04
6.437836e+01	7.277773e-04
6.448697e+01	7.271136e-04
6.459620e+01	7.262890e-04
6.470669e+01	7.258865e-04
6.481550e+01	7.253952e-04
6.492428e+01	7.245509e-04
6.503411e+01	7.244020e-04
6.514381e+01	7.235364e-04
6.525244e+01	7.231514e-04
6.544138e+01	7.224285e-04
6.554899e+01	7.218187e-04
6.565953e+01	7.215765e-04
6.576951e+01	7.209569e-04
6.587746e+01	7.206744e-04
6.598719e+01	7.200464e-04
6.609835e+01	7.199865e-04
6.620865e+01	7.191945e-04
6.631988e+01	7.192286e-04
6.642993e+01	7.185604e-04
6.653885e+01	7.184024e-04
6.664925e+01	7.179568e-04
6.675671e+01	7.178185e-04
6.686519e+01	7.172490e-04
6.697790e+01	7.171746e-04
6.708876e+01	7.167631e-04
6.719767e+01	7.165763e-04
6.730506e+01	7.161563e-04
6.741702e+01	7.158852e-04
6.752536e+01	7.158533e-04
6.763647e+01	7.152337e-04
6.774437e+01	7.153211e-04
6.785139e+01	7.148359e-04
6.796040e+01	7.144736e-04
6.807229e+01	7.144789e-04
6.818276e+01	7.141061e-04
6.829175e+01	7.138844e-04
6.840070e+01	7.137956e-04
6.850794e+01	7.134212e-04
6.861746e+01	7.132860e-04
6.872650e+01	7.128714e-04
6.883447e+01	7.128631e-04
6.894378e+01	7.125480e-04
6.905333e+01	7.124742e-04
6.916387e+01	7.122138e-04
6.927279e+01	7.119534e-04
6.938196e+01	7.117073e-04
6.949613e+01	7.115289e-04
6.960531e+01	7.113459e-04
6.971627e+01	7.111227e-04
6.982653e+01	7.111256e-04
6.993503e+01	7.107171e-04
7.004268e+01	7.106951e-04
7.014991e+01	7.104028e-04
7.025828e+01	7.103185e-04
7.036774e+01	7.101318e-04
7.047741e+01	7.099912e-04
7.058680e+01	7.097863e-04
7.069654e+01	7.096715e-04
7.080687e+01	7.093465e-04
7.091435e+01	7.094764e-04
7.102419e+01	7.090390e-04
7.113283e+01	7.089866e-04
7.124130e+01	7.089608e-04
7.134877e+01	7.083913e-04
7.145923e+01	7.086942e-04
7.156896e+01	7.083214e-04
7.167642e+01	7.082524e-04
7.178674e+01	7.081528e-04
7.189682e+01	7.078180e-04
7.200555e+01	7.079304e-04
7.211412e+01	7.076244e-04
7.222331e+01	7.073617e-04
7.233242e+01	7.074649e-04
7.244322e+01	7.072956e-04
7.255345e+01	7.071839e-04
7.266144e+01	7.069554e-04
7.276943e+01	7.069721e-04
7.287699e+01	7.067177e-04
7.298818e+01	7.067421e-04
7.309650e+01	7.063457e-04
7.320721e+01	7.063669e-04
7.331744e+01	7.062135e-04
7.342849e+01	7.061216e-04
7.353745e+01	7.058878e-04
7.364665e+01	7.057746e-04
7.375691e+01	7.056827e-04
7.386480e+01	7.056296e-04
7.397138e+01	7.054640e-04
7.408387e+01	7.053235e-04
7.419184e+01	7.052719e-04
7.430148e+01	7.051800e-04
7.440959e+01	7.050593e-04
7.451670e+01	7.050214e-04
7.462832e+01	7.049165e-04
7.473684e+01	7.047753e-04
7.484582e+01	7.045353e-04
7.495505e+01	7.045764e-04
7.506236e+01	7.045042e-04
7.517069e+01	7.043182e-04
7.527894e+01	7.043023e-04
7.538823e+01	7.040844e-04
7.549691e+01	7.042324e-04
7.560755e+01	7.041056e-04
7.571542e+01	7.038815e-04
7.582569e+01	7.037061e-04
7.593378e+01	7.037054e-04
7.604289e+01	7.035375e-04
7.615282e+01	7.035884e-04
7.626110e+01	7.034593e-04
7.636812e+01	7.034579e-04
7.647789e+01	7.031671e-04
7.658548e+01	7.030205e-04
7.669602e+01	7.033348e-04
7.680415e+01	7.030736e-04
7.691387e+01	7.027958e-04
7.702299e+01	7.030448e-04
7.713421e+01	7.026818e-04
7.724449e+01	7.023888e-04
7.735352e+01	7.027927e-04
7.746285e+01	7.024631e-04
7.757221e+01	7.025163e-04
7.768214e+01	7.021715e-04
7.779088e+01	7.023599e-04
7.789891e+01	7.022194e-04
7.800852e+01	7.019886e-04
7.811732e+01	7.021997e-04
7.822580e+01	7.018868e-04
7.833550e+01	7.017683e-04
7.844628e+01	7.019878e-04
7.855430e+01	7.016977e-04
7.866309e+01	7.014668e-04
7.877294e+01	7.017068e-04
7.888291e+01	7.015572e-04
7.899513e+01	7.014076e-04
7.910538e+01	7.014160e-04
7.921506e+01	7.012307e-04
7.932734e+01	7.014069e-04
7.943690e+01	7.011017e-04
7.954444e+01	7.009611e-04
7.965178e+01	7.011563e-04
7.976486e+01	7.008032e-04
7.987395e+01	7.008639e-04
7.998448e+01	7.008146e-04
8.009353e+01	7.008745e-04
8.020336e+01	7.004592e-04
8.031059e+01	7.006057e-04
8.042019e+01	7.006202e-04
8.052782e+01	7.002542e-04
8.064027e+01	7.005085e-04
8.074949e+01	7.002618e-04
8.085681e+01	7.003697e-04
8.096670e+01	7.000940e-04
8.107518e+01	7.001729e-04
8.118292e+01	7.000120e-04
8.129317e+01	7.000720e-04
8.140102e+01	6.999907e-04
8.150927e+01	6.998586e-04
8.161784e+01	6.997364e-04
8.172840e+01	6.998761e-04
8.183614e+01	6.996384e-04
8.194740e+01	6.995830e-04
8.205507e+01	6.995571e-04
8.216518e+01	6.996270e-04
8.227557e+01	6.993050e-04
8.238528e+01	6.995420e-04
8.249749e+01	6.993582e-04
8.260635e+01	6.993285e-04
8.271455e+01	6.993331e-04
8.282194e+01	6.991007e-04
8.293418e+01	6.939250e-04
8.304250e+01	6.983019e-04
8.315241e+01	6.996035e-04
8.326375e+01	6.994986e-04
8.337237e+01	6.994759e-04
8.348178e+01	6.996482e-04
8.359104e+01	6.995777e-04
8.370027e+01	6.993741e-04
8.380864e+01	6.991266e-04
8.391738e+01	6.993506e-04
8.402817e+01	6.995161e-04
8.413607e+01	6.990932e-04
8.424369e+01	6.991873e-04
8.435179e+01	6.993407e-04
8.445998e+01	6.988730e-04
8.456927e+01	6.991357e-04
8.467861e+01	6.991403e-04
8.478607e+01	6.987014e-04
8.489537e+01	6.991789e-04
8.500485e+01	6.986945e-04
8.511397e+01	6.987719e-04
8.522320e+01	6.987781e-04
8.533572e+01	6.985548e-04
8.544445e+01	6.986679e-04
8.555696e+01	6.983938e-04
8.566696e+01	6.986771e-04
8.577552e+01	6.983468e-04
8.588678e+01	6.985275e-04
8.599534e+01	6.984743e-04
8.610301e+01	6.983581e-04
8.621488e+01	6.982177e-04
8.632405e+01	6.982366e-04
8.643335e+01	6.982784e-04
8.654191e+01	6.981205e-04
8.665004e+01	6.981205e-04
8.675857e+01	6.980218e-04
8.686987e+01	6.980240e-04
8.698037e+01	6.978828e-04
8.709083e+01	6.978592e-04
8.720018e+01	6.979519e-04
8.730833e+01	6.978350e-04
8.741833e+01	6.977173e-04
8.753256e+01	6.976694e-04
8.764193e+01	6.977256e-04
8.775025e+01	6.977658e-04
8.786023e+01	6.976124e-04
8.796818e+01	6.974401e-04
8.807844e+01	6.975904e-04
8.818835e+01	6.975069e-04
8.829739e+01	6.973489e-04
8.840475e+01	6.974029e-04
8.851327e+01	6.974674e-04
8.862293e+01	6.971629e-04
8.873350e+01	6.971675e-04
8.884364e+01	6.973398e-04
8.895320e+01	6.971637e-04
8.906001e+01	6.971060e-04
8.917030e+01	6.971098e-04
8.927759e+01	6.970748e-04
8.938852e+01	6.970095e-04
8.949881e+01	6.969222e-04
8.960490e+01	6.969815e-04
8.971438e+01	6.968418e-04
8.982244e+01	6.969427e-04
8.993210e+01	6.968159e-04
9.004222e+01	6.968281e-04
9.014951e+01	6.967651e-04
9.025677e+01	6.967704e-04
9.036864e+01	6.966526e-04
9.048007e+01	6.966428e-04
9.059064e+01	6.966951e-04
9.069938e+01	6.964758e-04
9.080867e+01	6.965995e-04
9.091678e+01	6.965258e-04
9.102512e+01	6.964203e-04
9.113353e+01	6.964082e-04
9.124236e+01	6.964340e-04
9.134999e+01	6.963262e-04
9.146219e+01	6.962995e-04
9.157335e+01	6.962790e-04
9.170432e+01	6.961940e-04
9.181177e+01	6.962563e-04
9.191982e+01	6.960573e-04
9.202867e+01	6.961272e-04
9.213796e+01	6.959851e-04
9.224738e+01	6.961120e-04
9.235560e+01	6.960164e-04
9.246528e+01	6.958029e-04
9.257391e+01	6.959320e-04
9.268385e+01	6.957361e-04
9.279183e+01	6.959404e-04
9.290096e+01	6.956655e-04
9.300938e+01	6.958189e-04
9.311766e+01	6.956374e-04
9.322593e+01	6.956495e-04
9.333604e+01	6.955410e-04
9.344419e+01	6.956799e-04
9.355340e+01	6.954073e-04
9.366352e+01	6.955166e-04
9.377154e+01	6.953778e-04
9.388001e+01	6.954437e-04
9.398838e+01	6.953914e-04
9.409715e+01	6.953390e-04
9.420690e+01	6.955023e-04
9.431521e+01	6.952372e-04
9.442296e+01	6.952198e-04
9.453123e+01	6.952669e-04
9.463850e+01	6.953725e-04
9.474894e+01	6.951621e-04
9.485919e+01	6.950937e-04
9.497122e+01	6.951537e-04
9.507856e+01	6.950558e-04
9.518927e+01	6.950519e-04
9.529761e+01	6.948872e-04
9.540767e+01	6.948659e-04
9.551695e+01	6.949327e-04
9.562633e+01	6.949199e-04
9.573614e+01	6.948598e-04
9.584636e+01	6.947672e-04
9.595488e+01	6.948439e-04
9.606387e+01	6.948120e-04
9.617387e+01	6.948022e-04
9.628471e+01	6.947156e-04
9.639382e+01	6.947057e-04
9.650271e+01	6.946912e-04
9.661157e+01	6.945933e-04
9.672032e+01	6.945303e-04
9.682922e+01	6.945341e-04
9.693827e+01	6.945638e-04
9.704748e+01	6.945530e-04
9.715426e+01	6.945272e-04
9.726451e+01	6.944346e-04
9.737527e+01	6.944430e-04
9.748713e+01	6.943944e-04
9.759707e+01	6.944415e-04
9.770545e+01	6.944285e-04
9.781425e+01	6.942569e-04
9.792392e+01	6.942584e-04
9.803344e+01	6.943161e-04
9.814286e+01	6.941621e-04
9.825460e+01	6.942114e-04
9.836459e+01	6.942022e-04
9.847471e+01	6.941559e-04
9.858428e+01	6.941248e-04
9.869145e+01	6.940693e-04
9.880206e+01	6.939501e-04
9.890912e+01	6.940208e-04
9.901803e+01	6.940443e-04
9.912659e+01	6.939889e-04
9.923691e+01	6.938909e-04
9.934803e+01	6.939949e-04
9.945775e+01	6.938902e-04
9.956717e+01	6.937414e-04
9.967706e+01	6.938454e-04
9.978494e+01	6.937223e-04
9.989486e+01	6.935819e-04
1.000064e+02	6.937838e-04
1.001146e+02	6.938195e-04
1.002233e+02	6.935288e-04
1.003306e+02	6.936533e-04
1.004374e+02	6.936282e-04
1.005497e+02	6.935773e-04
1.006618e+02	6.935332e-04
1.007703e+02	6.935136e-04
1.008785e+02	6.934809e-04
1.009907e+02	6.935059e-04
1.011039e+02	6.934521e-04
1.012124e+02	6.933479e-04
1.013216e+02	6.933199e-04
1.014335e+02	6.933313e-04
1.015431e+02	6.933686e-04
1.016545e+02	6.933662e-04
1.017628e+02	6.932668e-04
1.018724e+02	6.932128e-04
1.019817e+02	6.932972e-04
1.020896e+02	6.867485e-04
1.021984e+02	6.929729e-04
1.023070e+02	6.938840e-04
1.024171e+02	6.938393e-04
1.025273e+02	6.937770e-04
1.026385e+02	6.938514e-04
1.027497e+02	6.938370e-04
1.028573e+02	6.936251e-04
1.029691e+02	6.937809e-04
1.030772e+02	6.937551e-04
1.031854e+02	6.937117e-04
1.032952e+02	6.935925e-04
1.034060e+02	6.936214e-04
1.035176e+02	6.936176e-04
1.036288e+02	6.935090e-04
1.037379e+02	6.936138e-04
1.038483e+02	6.934991e-04
1.039566e+02	6.934733e-04
1.040669e+02	6.935090e-04
1.041744e+02	6.934748e-04
1.042818e+02	6.933351e-04
1.043908e+02	6.933807e-04
1.044990e+02	6.934391e-04
1.046070e+02	6.932956e-04
1.047162e+02	6.932318e-04
1.048244e+02	6.933168e-04
1.049329e+02	6.932045e-04
1.050424e+02	6.931976e-04
1.051511e+02	6.932576e-04
1.052683e+02	6.931589e-04
1.053805e+02	6.931057e-04
1.054886e+02	6.932675e-04
1.055967e+02	6.931930e-04
1.057060e+02	6.932189e-04
1.058141e+02	6.932523e-04
1.059231e+02	6.931809e-04
1.060340e+02	6.930663e-04
1.061423e+02	6.930617e-04
1.062511e+02	6.930647e-04
1.063584e+02	6.930048e-04
1.064685e+02	6.930123e-04
1.065777e+02	6.930792e-04
1.066873e+02	6.929259e-04
1.067960e+02	6.928552e-04
1.069045e+02	6.929129e-04
1.070135e+02	6.927648e-04
1.071235e+02	6.928021e-04
1.072383e+02	6.928871e-04
1.073468e+02	6.927686e-04
1.074620e+02	6.927831e-04
1.075732e+02	6.926782e-04
1.076814e+02	6.927747e-04
1.077917e+02	6.926577e-04
1.079049e+02	6.926950e-04
1.080140e+02	6.926395e-04
1.081239e+02	6.925954e-04
1.082316e+02	6.925901e-04
1.083413e+02	6.926168e-04
1.084488e+02	6.925363e-04
1.085569e+02	6.925454e-04
1.086682e+02	6.924557e-04
1.087775e+02	6.924953e-04
1.088868e+02	6.925150e-04
1.089961e+02	6.925006e-04
1.091073e+02	6.924118e-04
1.092182e+02	6.924414e-04
1.093261e+02	6.923631e-04
1.094355e+02	6.923882e-04
1.095439e+02	6.923100e-04
1.096527e+02	6.922492e-04
1.097617e+02	6.922926e-04
1.098709e+02	6.922561e-04
1.099812e+02	6.922827e-04
1.100899e+02	6.922098e-04
1.101971e+02	6.922789e-04
1.103094e+02	6.921741e-04
1.104185e+02	6.921650e-04
1.105270e+02	6.922181e-04
1.106372e+02	6.921710e-04
1.107472e+02	6.921877e-04
1.108544e+02	6.921650e-04
1.109642e+02	6.920344e-04
1.110717e+02	6.921377e-04
1.111792e+02	6.919189e-04
1.112888e+02	6.920130e-04
1.113972e+02	6.919994e-04
1.115056e+02	6.919789e-04
1.116196e+02	6.919303e-04
1.117287e+02	6.919075e-04
1.118399e+02	6.918650e-04
1.119502e+02	6.918847e-04
1.120594e+02	6.917845e-04
1.121689e+02	6.917951e-04
1.122773e+02	6.918233e-04
1.123907e+02	6.918308e-04
1.125029e+02	6.918142e-04
1.126119e+02	6.918415e-04
1.127243e+02	6.917565e-04
1.128341e+02	6.917305e-04
1.129434e+02	6.917093e-04
1.130519e+02	6.916289e-04
1.131609e+02	6.917146e-04
1.132703e+02	6.915483e-04
1.133799e+02	6.915650e-04
1.134883e+02	6.916167e-04
1.135961e+02	6.914830e-04
1.137062e+02	6.915560e-04
1.138150e+02	6.915970e-04
1.139250e+02	6.914352e-04
1.140358e+02	6.915165e-04
1.141454e+02	6.915104e-04
1.142586e+02	6.915438e-04
1.143680e+02	6.914352e-04
1.144788e+02	6.914011e-04
1.145876e+02	6.913896e-04
1.146947e+02	6.913456e-04
1.148035e+02	6.913387e-04
1.149134e+02	6.914178e-04
1.150229e+02	6.913167e-04
1.151319e+02	6.913145e-04
1.152408e+02	6.913114e-04
1.153531e+02	6.913744e-04
1.154616e+02	6.911618e-04
1.155728e+02	6.912697e-04
1.156817e+02	6.912294e-04
1.157901e+02	6.911345e-04
1.159010e+02	6.911208e-04
1.160134e+02	6.912082e-04
1.161219e+02	6.911285e-04
1.162307e+02	6.910062e-04
1.163394e+02	6.911239e-04
1.164477e+02	6.910965e-04
1.165569e+02	6.910115e-04
1.166667e+02	6.910791e-04
1.167745e+02	6.910289e-04
1.168829e+02	6.910313e-04
1.169937e+02	6.909879e-04
1.171045e+02	6.910494e-04
1.172153e+02	6.909835e-04
1.173242e+02	6.908931e-04
1.174372e+02	6.910100e-04
1.175471e+02	6.908649e-04
1.176568e+02	6.909288e-04
1.177659e+02	6.907768e-04
1.178737e+02	6.907814e-04
1.179829e+02	6.908711e-04
1.180905e+02	6.907025e-04
1.181988e+02	6.908581e-04
1.183077e+02	6.907328e-04
1.184179e+02	6.908301e-04
1.185292e+02	6.906424e-04
1.186377e+02	6.908095e-04
1.187465e+02	6.906926e-04
1.188551e+02	6.906903e-04
1.189644e+02	6.906379e-04
1.190726e+02	6.907587e-04
1.191823e+02	6.906228e-04
1.192934e+02	6.906698e-04
1.194023e+02	6.904998e-04
1.195129e+02	6.905187e-04
1.196219e+02	6.905141e-04
1.197324e+02	6.906212e-04
1.198415e+02	6.904906e-04
1.199531e+02	6.905232e-04
1.200637e+02	6.903463e-04
1.201713e+02	6.905247e-04
1.202817e+02	6.903068e-04
1.203922e+02	6.904124e-04
1.205015e+02	6.904306e-04
1.206130e+02	6.903418e-04
1.207222e+02	6.902841e-04
1.208322e+02	6.903509e-04
1.209414e+02	6.903645e-04
1.210529e+02	6.902575e-04
1.211628e+02	6.903030e-04
1.212726e+02	6.903273e-04
1.213830e+02	6.902378e-04
1.214918e+02	6.902689e-04
1.215999e+02	6.900752e-04
1.217092e+02	6.902187e-04
1.218174e+02	6.901831e-04
1.219272e+02	6.899500e-04
1.220355e+02	6.901625e-04
1.221445e+02	6.901732e-04
1.222528e+02	6.900873e-04
1.223620e+02	6.900342e-04
1.224721e+02	6.901269e-04
1.225809e+02	6.899963e-04
1.226889e+02	6.899674e-04
1.227980e+02	6.900183e-04
1.229093e+02	6.900350e-04
1.230196e+02	6.899181e-04
1.231288e+02	6.900403e-04
1.232381e+02	6.899584e-04
1.233468e+02	6.899522e-04
1.234561e+02	6.899833e-04
1.235670e+02	6.899978e-04
1.236852e+02	6.898376e-04
1.237935e+02	6.899249e-04
1.239039e+02	6.899416e-04
1.240127e+02	6.897837e-04
1.241222e+02	6.897502e-04
1.242336e+02	6.898718e-04
1.243426e+02	6.897555e-04
1.244505e+02	6.898148e-04
1.245597e+02	6.898125e-04
1.246681e+02	6.897061e-04
1.247776e+02	6.897335e-04
1.248859e+02	6.897958e-04
1.249941e+02	6.897244e-04
1.251038e+02	6.897116e-04
1.252123e+02	6.897237e-04
1.253216e+02	6.829853e-04
1.254296e+02	6.896849e-04
1.255405e+02	6.904117e-04
1.256510e+02	6.904489e-04
1.257594e+02	6.903813e-04
1.258688e+02	6.902446e-04
1.259772e+02	6.904071e-04
1.260867e+02	6.903281e-04
1.261941e+02	6.903304e-04
1.263025e+02	6.902112e-04
1.264131e+02	6.902887e-04
1.265211e+02	6.902795e-04
1.266307e+02	6.902719e-04
1.267417e+02	6.902636e-04
1.268491e+02	6.903251e-04
1.269580e+02	6.901451e-04
1.270662e+02	6.901451e-04
1.271752e+02	6.902415e-04
1.272844e+02	6.901299e-04
1.273961e+02	6.901049e-04
1.275076e+02	6.901891e-04
1.276169e+02	6.901261e-04
1.277287e+02	6.900699e-04
1.278398e+02	6.900214e-04
1.279508e+02	6.900631e-04
1.280654e+02	6.900228e-04
1.281725e+02	6.899104e-04
1.282789e+02	6.899492e-04
1.283889e+02	6.900760e-04
1.285000e+02	6.900069e-04
1.286097e+02	6.899871e-04
1.287197e+02	6.899613e-04
1.288293e+02	6.899401e-04
1.289396e+02	6.898178e-04
1.290493e+02	6.898026e-04
1.291578e+02	6.899386e-04
1.292683e+02	6.899203e-04
1.293755e+02	6.898383e-04
1.294837e+02	6.897936e-04
1.295913e+02	6.897920e-04
1.297018e+02	6.897495e-04
1.298132e+02	6.898353e-04
1.299221e+02	6.895900e-04
1.300324e+02	6.896918e-04
1.301411e+02	6.897548e-04
1.302499e+02	6.895992e-04
1.303596e+02	6.896667e-04
1.304687e+02	6.895635e-04
1.305765e+02	6.896014e-04
1.306858e+02	6.896189e-04
1.307930e+02	6.895657e-04
1.309022e+02	6.895406e-04
1.310095e+02	6.895695e-04
1.311177e+02	6.895278e-04
1.312279e+02	6.895217e-04
1.313373e+02	6.895278e-04
1.314455e+02	6.895801e-04
1.315553e+02	6.894359e-04
1.316635e+02	6.895307e-04
1.317718e+02	6.895210e-04
1.318831e+02	6.894670e-04
1.319915e+02	6.894366e-04
1.321015e+02	6.894267e-04
1.322097e+02	6.893668e-04
1.323180e+02	6.892984e-04
1.324292e+02	6.895073e-04
1.325397e+02	6.893804e-04
1.326480e+02	6.893622e-04
1.327566e+02	6.894078e-04
1.328658e+02	6.894245e-04
1.329751e+02	6.893053e-04
1.330853e+02	6.893083e-04
1.331950e+02	6.893926e-04
1.333043e+02	6.893372e-04
1.334145e+02	6.891398e-04
1.335247e+02	6.893524e-04
1.336350e+02	6.893524e-04
1.337462e+02	6.891246e-04
1.338564e+02	6.892984e-04
1.339692e+02	6.892901e-04
1.340804e+02	6.891382e-04
1.341887e+02	6.892149e-04
1.343019e+02	6.893152e-04
1.344121e+02	6.892195e-04
1.345223e+02	6.892141e-04
1.346326e+02	6.892749e-04
1.347418e+02	6.891770e-04
1.348562e+02	6.891413e-04
1.349652e+02	6.890904e-04
1.350754e+02	6.891237e-04
1.351848e+02	6.890016e-04
1.352952e+02	6.890228e-04
1.354063e+02	6.891442e-04
1.355147e+02	6.890221e-04
1.356260e+02	6.890137e-04
1.357344e+02	6.891025e-04
1.358435e+02	6.890008e-04
1.359572e+02	6.890069e-04
1.360660e+02	6.890098e-04
1.361747e+02	6.888892e-04
1.362877e+02	6.888542e-04
1.363968e+02	6.888906e-04
1.365058e+02	6.889172e-04
1.366159e+02	6.889082e-04
1.367272e+02	6.888778e-04
1.368368e+02	6.888701e-04
1.369468e+02	6.888785e-04
1.370564e+02	6.888770e-04
1.371647e+02	6.888648e-04
1.372740e+02	6.888648e-04
1.373892e+02	6.887851e-04
1.374974e+02	6.888610e-04
1.376107e+02	6.887502e-04
1.377199e+02	6.886537e-04
1.378271e+02	6.887289e-04
1.379383e+02	6.887365e-04
1.380495e+02	6.887107e-04
1.381598e+02	6.886902e-04
1.382705e+02	6.886545e-04
1.383778e+02	6.886302e-04
1.384873e+02	6.886735e-04
1.385995e+02	6.885550e-04
1.387103e+02	6.885581e-04
1.388199e+02	6.886781e-04
1.389292e+02	6.885984e-04
1.390365e+02	6.884479e-04
1.391458e+02	6.885369e-04
1.392561e+02	6.884920e-04
1.393851e+02	6.884631e-04
1.394934e+02	6.885140e-04
1.396016e+02	6.884631e-04
1.397138e+02	6.884351e-04
1.398211e+02	6.885232e-04
1.399283e+02	6.883014e-04
1.400375e+02	6.884320e-04
1.401467e+02	6.884821e-04
1.402540e+02	6.883811e-04
1.403642e+02	6.883781e-04
1.404750e+02	6.882901e-04
1.405839e+02	6.883637e-04
1.406923e+02	6.882930e-04
1.408028e+02	6.883591e-04
1.409112e+02	6.882368e-04
1.410194e+02	6.882885e-04
1.411286e+02	6.883067e-04
1.412359e+02	6.882665e-04
1.413421e+02	6.882430e-04
1.414501e+02	6.882505e-04
1.415590e+02	6.882817e-04
1.416685e+02	6.882270e-04
1.417783e+02	6.882354e-04
1.418885e+02	6.882240e-04
1.419958e+02	6.881230e-04
1.421030e+02	6.882004e-04
1.422124e+02	6.881161e-04
1.423202e+02	6.881852e-04
1.424275e+02	6.881367e-04
1.425341e+02	6.881283e-04
1.426453e+02	6.881875e-04
1.427515e+02	6.881101e-04
1.428606e+02	6.880668e-04
1.429712e+02	6.881299e-04
1.430806e+02	6.881458e-04
1.431877e+02	6.880599e-04
1.432969e+02	6.880599e-04
1.434058e+02	6.881184e-04
1.435130e+02	6.880888e-04
1.436224e+02	6.880243e-04
1.437308e+02	6.880228e-04
1.438381e+02	6.880326e-04
1.439474e+02	6.879779e-04
1.440576e+02	6.880797e-04
1.441669e+02	6.880204e-04
1.442751e+02	6.879635e-04
1.443872e+02	6.878807e-04
1.444954e+02	6.878831e-04
1.446036e+02	6.879666e-04
1.447124e+02	6.879005e-04
1.448196e+02	6.879232e-04
1.449279e+02	6.879407e-04
1.450346e+02	6.879058e-04
1.451454e+02	6.878428e-04
1.452546e+02	6.877972e-04
1.453619e+02	6.879514e-04
1.454692e+02	6.877820e-04
1.455774e+02	6.877668e-04
1.456853e+02	6.879574e-04
1.457923e+02	6.877980e-04
1.458999e+02	6.877350e-04
1.460074e+02	6.877987e-04
1.461179e+02	6.878360e-04
1.462259e+02	6.876916e-04
1.463333e+02	6.876127e-04
1.464405e+02	6.877736e-04
1.465502e+02	6.876355e-04
1.466598e+02	6.876378e-04
1.467680e+02	6.877448e-04
1.468753e+02	6.876416e-04
1.469874e+02	6.875982e-04
1.470957e+02	6.876901e-04
1.472151e+02	6.875922e-04
1.473231e+02	6.876143e-04
1.474303e+02	6.875444e-04
1.475386e+02	6.875747e-04
1.476478e+02	6.876013e-04
1.477571e+02	6.876636e-04
1.478645e+02	6.876491e-04
1.479718e+02	6.875391e-04
1.480832e+02	6.875246e-04
1.481929e+02	6.876143e-04
1.482993e+02	6.875444e-04
1.484105e+02	6.875048e-04
1.485197e+02	6.875193e-04
1.486279e+02	6.874609e-04
1.487356e+02	6.874966e-04
1.488440e+02	6.874411e-04
1.489522e+02	6.874798e-04
1.490588e+02	6.875155e-04
1.491650e+02	6.874517e-04
1.492739e+02	6.874168e-04
1.493846e+02	6.874206e-04
1.494933e+02	6.874616e-04
1.496016e+02	6.873408e-04
1.497090e+02	6.874115e-04
1.498181e+02	6.873256e-04
1.499233e+02	6.806176e-04
1.500324e+02	6.871738e-04
1.501457e+02	6.876909e-04
1.502546e+02	6.878307e-04
1.503642e+02	6.876954e-04
1.504762e+02	6.877372e-04
1.505863e+02	6.877858e-04
1.506932e+02	6.877326e-04
1.508025e+02	6.876568e-04
1.509108e+02	6.876872e-04
1.510181e+02	6.877121e-04
1.511284e+02	6.875876e-04
1.512367e+02	6.877121e-04
1.513491e+02	6.876932e-04
1.514573e+02	6.876240e-04
1.515637e+02	6.876446e-04
1.516780e+02	6.876310e-04
1.517863e+02	6.875733e-04
1.518931e+02	6.875056e-04
1.520014e+02	6.874768e-04
1.521087e+02	6.874281e-04
1.522161e+02	6.875072e-04
1.523324e+02	6.874912e-04
1.524418e+02	6.874829e-04
1.525501e+02	6.873924e-04
1.526583e+02	6.874039e-04
1.527654e+02	6.874411e-04
1.528735e+02	6.873986e-04
1.529828e+02	6.874457e-04
1.530900e+02	6.874221e-04
1.532018e+02	6.873340e-04
1.533121e+02	6.873781e-04
1.534214e+02	6.874237e-04
1.535296e+02	6.873272e-04
1.536379e+02	6.872923e-04
1.537462e+02	6.873417e-04
1.538546e+02	6.872793e-04
1.539619e+02	6.872444e-04
1.540692e+02	6.873051e-04
1.541775e+02	6.873340e-04
1.542869e+02	6.872102e-04
1.543942e+02	6.873104e-04
1.545010e+02	6.873333e-04
1.546122e+02	6.872156e-04
1.547204e+02	6.872512e-04
1.548288e+02	6.872543e-04
1.549370e+02	6.871297e-04
1.550452e+02	6.872088e-04
1.551537e+02	6.871555e-04
1.552620e+02	6.871017e-04
1.553702e+02	6.871313e-04
1.554775e+02	6.871533e-04
1.555868e+02	6.871654e-04
1.556971e+02	6.870303e-04
1.558039e+02	6.871251e-04
1.559134e+02	6.871890e-04
1.560226e+02	6.870713e-04
1.561298e+02	6.872748e-04
1.562381e+02	6.871791e-04
1.563456e+02	6.871032e-04
1.564529e+02	6.870842e-04
1.565623e+02	6.871890e-04
1.566706e+02	6.871791e-04
1.567789e+02	6.869962e-04
1.568903e+02	6.872368e-04
1.570163e+02	6.871115e-04
1.571253e+02	6.870523e-04
1.572336e+02	6.871366e-04
1.573408e+02	6.870986e-04
1.574479e+02	6.870114e-04
1.575562e+02	6.870971e-04
1.576674e+02	6.871769e-04
1.577767e+02	6.870211e-04
1.578879e+02	6.869711e-04
1.580002e+02	6.870720e-04
1.581119e+02	6.870705e-04
1.582201e+02	6.868625e-04
1.583284e+02	6.870964e-04
1.584366e+02	6.869072e-04
1.585488e+02	6.869369e-04
1.586560e+02	6.869156e-04
1.587643e+02	6.869878e-04
1.588725e+02	6.867531e-04
1.589817e+02	6.870105e-04
1.590920e+02	6.869255e-04
1.591982e+02	6.867957e-04
1.593070e+02	6.868715e-04
1.594160e+02	6.868503e-04
1.595249e+02	6.868359e-04
1.596341e+02	6.868169e-04
1.597414e+02	6.868655e-04
1.598496e+02	6.868261e-04
1.599589e+02	6.867591e-04
1.600661e+02	6.868541e-04
1.601763e+02	6.868162e-04
1.602867e+02	6.866498e-04
1.603961e+02	6.867516e-04
1.605093e+02	6.868898e-04
1.606192e+02	6.866256e-04
1.607264e+02	6.867357e-04
1.608339e+02	6.868412e-04
1.609422e+02	6.866718e-04
1.610504e+02	6.866529e-04
1.611588e+02	6.867584e-04
1.612660e+02	6.866658e-04
1.613733e+02	6.867106e-04
1.614815e+02	6.866870e-04
1.615885e+02	6.866476e-04
1.616957e+02	6.867236e-04
1.618018e+02	6.867342e-04
1.619090e+02	6.867038e-04
1.620168e+02	6.865147e-04
1.621242e+02	6.865846e-04
1.622335e+02	6.867432e-04
1.623415e+02	6.865238e-04
1.624502e+02	6.866044e-04
1.625587e+02	6.866536e-04
1.626712e+02	6.865846e-04
1.627791e+02	6.865017e-04
1.628864e+02	6.866104e-04
1.629948e+02	6.865427e-04
1.631031e+02	6.864866e-04
1.632125e+02	6.865914e-04
1.633213e+02	6.864988e-04
1.634294e+02	6.864501e-04
1.635367e+02	6.864775e-04
1.636450e+02	6.793891e-04
1.637544e+02	6.868032e-04
1.638637e+02	6.871145e-04
1.639730e+02	6.870189e-04
1.640803e+02	6.870295e-04
1.641875e+02	6.871032e-04
1.642946e+02	6.869810e-04
1.644034e+02	6.870143e-04
1.645108e+02	6.869909e-04
1.646193e+02	6.870006e-04
1.647260e+02	6.869627e-04
1.648337e+02	6.869415e-04
1.649458e+02	6.869642e-04
1.650554e+02	6.869946e-04
1.651631e+02	6.869126e-04
1.652730e+02	6.869195e-04
1.653838e+02	6.869354e-04
1.654933e+02	6.868974e-04
1.656039e+02	6.868966e-04
1.657125e+02	6.869497e-04
1.658212e+02	6.868261e-04
1.659309e+02	6.868693e-04
1.660392e+02	6.869133e-04
1.661455e+02	6.868481e-04
1.662555e+02	6.868184e-04
1.663646e+02	6.869087e-04
1.664728e+02	6.867759e-04
1.665800e+02	6.867538e-04
1.666869e+02	6.867827e-04
1.667954e+02	6.867782e-04
1.669038e+02	6.868276e-04
1.670122e+02	6.867181e-04
1.671205e+02	6.867637e-04
1.672319e+02	6.866870e-04
1.673426e+02	6.866187e-04
1.674505e+02	6.866650e-04
1.675615e+02	6.867174e-04
1.676715e+02	6.866377e-04
1.677813e+02	6.867987e-04
1.678884e+02	6.866088e-04
1.679958e+02	6.866225e-04
1.681032e+02	6.866802e-04
1.682199e+02	6.866658e-04
1.683351e+02	6.865618e-04
1.684452e+02	6.866727e-04
1.685531e+02	6.866377e-04
1.686629e+02	6.866514e-04
1.687712e+02	6.865921e-04
1.688794e+02	6.866346e-04
1.689877e+02	6.865671e-04
1.690958e+02	6.864350e-04
1.692034e+02	6.866932e-04
1.693130e+02	6.865564e-04
1.694200e+02	6.865094e-04
1.695286e+02	6.865526e-04
1.696363e+02	6.864623e-04
1.697450e+02	6.865777e-04
1.698538e+02	6.865200e-04
1.699616e+02	6.864949e-04
1.700710e+02	6.865671e-04
1.701799e+02	6.864631e-04
1.702875e+02	6.864676e-04
1.703968e+02	6.863818e-04
1.705075e+02	6.863431e-04
1.706148e+02	6.864092e-04
1.707220e+02	6.864152e-04
1.708311e+02	6.863477e-04
1.709381e+02	6.864266e-04
1.710480e+02	6.863371e-04
1.711562e+02	6.864206e-04
1.712680e+02	6.864281e-04
1.713772e+02	6.863393e-04
1.714848e+02	6.863849e-04
1.715923e+02	6.863431e-04
1.717007e+02	6.863468e-04
1.718080e+02	6.863439e-04
1.719170e+02	6.862838e-04
1.720252e+02	6.862717e-04
1.721363e+02	6.862869e-04
1.722448e+02	6.863415e-04
1.723535e+02	6.864008e-04
1.724616e+02	6.862618e-04
1.725731e+02	6.862246e-04
1.726841e+02	6.861092e-04
1.727943e+02	6.862095e-04
1.729015e+02	6.862041e-04
1.730107e+02	6.862360e-04
1.731195e+02	6.861221e-04
1.732272e+02	6.862027e-04
1.733351e+02	6.861229e-04
1.734440e+02	6.861928e-04
1.735690e+02	6.860834e-04
1.736772e+02	6.861108e-04
1.737855e+02	6.861502e-04
1.738933e+02	6.860659e-04
1.740018e+02	6.861388e-04
1.741116e+02	6.860857e-04
1.742216e+02	6.861928e-04
1.743294e+02	6.859885e-04
1.744367e+02	6.861571e-04
1.745459e+02	6.859861e-04
1.746542e+02	6.861039e-04
1.747625e+02	6.860333e-04
1.748706e+02	6.859687e-04
1.749811e+02	6.859945e-04
1.750864e+02	6.860628e-04
1.751969e+02	6.860196e-04
1.753071e+02	6.859460e-04
1.754169e+02	6.860591e-04
1.755240e+02	6.860363e-04
1.756327e+02	6.860029e-04
1.757427e+02	6.859504e-04
1.758527e+02	6.861084e-04
1.759591e+02	6.860029e-04
1.760665e+02	6.858700e-04
1.761740e+02	6.859596e-04
1.762833e+02	6.859892e-04
1.763916e+02	6.859588e-04
1.765013e+02	6.859315e-04
1.766108e+02	6.859634e-04
1.767170e+02	6.859110e-04
1.768238e+02	6.858761e-04
1.769324e+02	6.858579e-04
1.770417e+02	6.858973e-04
1.771511e+02	6.858669e-04
1.772594e+02	6.859193e-04
1.773674e+02	6.858010e-04
1.774757e+02	6.858571e-04
1.775849e+02	6.859110e-04
1.776979e+02	6.858457e-04
1.778087e+02	6.857858e-04
1.779168e+02	6.859011e-04
1.780230e+02	6.857796e-04
1.781302e+02	6.857584e-04
1.782393e+02	6.857986e-04
1.783489e+02	6.858298e-04
1.784575e+02	6.856650e-04
1.785701e+02	6.857994e-04
1.786764e+02	6.857637e-04
1.787850e+02	6.857204e-04
1.788961e+02	6.858343e-04
1.790055e+02	6.857174e-04
1.791153e+02	6.857349e-04
1.792229e+02	6.857600e-04
1.793314e+02	6.857895e-04
1.794392e+02	6.856574e-04
1.795466e+02	6.856035e-04
1.796548e+02	6.857607e-04
1.797641e+02	6.856847e-04
1.798716e+02	6.856300e-04
1.799803e+02	6.856726e-04
1.800905e+02	6.856969e-04
1.801991e+02	6.855769e-04
1.803083e+02	6.857204e-04
1.804158e+02	6.855899e-04
1.805250e+02	6.857296e-04
1.806329e+02	6.856194e-04
1.807403e+02	6.855238e-04
1.808512e+02	6.857492e-04
1.809614e+02	6.855450e-04
1.810679e+02	6.855116e-04
1.811758e+02	6.856650e-04
1.812840e+02	6.856133e-04
1.813910e+02	6.785978e-04
1.815016e+02	6.862231e-04
1.816099e+02	6.866248e-04
1.817179e+02	6.863583e-04
1.818262e+02	6.863082e-04
1.819336e+02	6.864372e-04
1.820406e+02	6.864691e-04
1.821490e+02	6.863157e-04
1.822589e+02	6.863629e-04
1.823656e+02	6.864319e-04
1.824739e+02	6.862710e-04
1.825871e+02	6.864570e-04
1.826938e+02	6.862398e-04
1.828009e+02	6.863993e-04
1.829091e+02	6.863894e-04
1.830185e+02	6.862102e-04
1.831271e+02	6.864334e-04
1.832337e+02	6.862626e-04
1.833446e+02	6.863871e-04
1.834523e+02	6.862710e-04
1.835608e+02	6.863613e-04
1.836698e+02	6.863902e-04
1.837801e+02	6.862223e-04
1.838874e+02	6.862550e-04
1.839946e+02	6.863219e-04
1.841018e+02	6.863316e-04
1.842080e+02	6.862763e-04
1.843192e+02	6.861950e-04
1.844273e+02	6.862611e-04
1.845490e+02	6.863248e-04
1.846567e+02	6.862034e-04
1.847660e+02	6.862998e-04
1.848738e+02	6.862163e-04
1.849866e+02	6.862109e-04
1.850956e+02	6.862071e-04
1.852040e+02	6.862383e-04
1.853123e+02	6.862527e-04
1.854207e+02	6.860788e-04
1.855279e+02	6.862406e-04
1.856357e+02	6.862095e-04
1.857443e+02	6.861108e-04
1.858536e+02	6.861274e-04
1.859644e+02	6.862611e-04
1.860737e+02	6.862254e-04
1.861816e+02	6.860956e-04
1.862897e+02	6.861092e-04
1.863987e+02	6.862679e-04
1.865079e+02	6.860857e-04
1.866171e+02	6.859930e-04
1.867253e+02	6.861988e-04
1.868330e+02	6.860394e-04
1.869412e+02	6.861396e-04
1.870489e+02	6.860218e-04
1.871555e+02	6.861176e-04
1.872625e+02	6.860826e-04
1.873700e+02	6.860181e-04
1.874801e+02	6.860105e-04
1.875891e+02	6.860993e-04
1.877001e+02	6.859649e-04
1.878084e+02	6.860242e-04
1.879158e+02	6.860066e-04
1.880267e+02	6.860409e-04
1.881361e+02	6.858920e-04
1.882431e+02	6.859680e-04
1.883544e+02	6.860583e-04
1.884636e+02	6.859330e-04
1.885718e+02	6.859612e-04
1.886808e+02	6.859649e-04
1.887872e+02	6.860257e-04
1.888956e+02	6.858988e-04
1.890040e+02	6.859566e-04
1.891122e+02	6.859649e-04
1.892200e+02	6.858343e-04
1.893276e+02	6.860993e-04
1.894351e+02	6.857948e-04
1.895439e+02	6.858792e-04
1.896528e+02	6.860553e-04
1.897611e+02	6.859239e-04
1.898691e+02	6.859186e-04
1.899774e+02	6.859422e-04
1.900861e+02	6.859748e-04
1.901961e+02	6.859270e-04
1.903043e+02	6.859938e-04
1.904131e+02	6.859133e-04
1.905208e+02	6.859407e-04
1.906284e+02	6.859193e-04
1.907377e+02	6.858685e-04
1.908474e+02	6.858958e-04
1.909556e+02	6.858951e-04
1.910639e+02	6.859178e-04
1.911721e+02	6.858199e-04
1.912783e+02	6.858556e-04
1.913865e+02	6.859270e-04
1.914975e+02	6.858518e-04
1.916059e+02	6.858525e-04
1.917163e+02	6.858396e-04
1.918264e+02	6.858723e-04
1.919356e+02	6.857492e-04
1.920449e+02	6.858312e-04
1.921538e+02	6.857849e-04
1.922618e+02	6.858761e-04
1.923699e+02	6.857805e-04
1.924779e+02	6.858054e-04
1.925896e+02	6.858464e-04
1.926968e+02	6.857098e-04
1.928050e+02	6.857538e-04
1.929118e+02	6.856809e-04
1.930203e+02	6.857379e-04
1.931288e+02	6.857197e-04
1.932374e+02	6.857865e-04
1.933454e+02	6.857113e-04
1.934523e+02	6.857591e-04
1.935627e+02	6.857219e-04
1.936718e+02	6.856027e-04
1.937805e+02	6.856681e-04
1.938909e+02	6.856126e-04
1.940028e+02	6.856012e-04
1.941111e+02	6.856324e-04
1.942221e+02	6.856392e-04
1.943310e+02	6.856217e-04
1.944396e+02	6.856657e-04
1.945499e+02	6.856316e-04
1.946593e+02	6.856832e-04
1.947676e+02	6.855632e-04
1.948798e+02	6.856802e-04
1.949882e+02	6.856672e-04
1.950953e+02	6.855518e-04
1.952036e+02	6.855807e-04
1.953142e+02	6.856080e-04
1.954229e+02	6.856369e-04
1.955328e+02	6.856157e-04
1.956405e+02	6.855663e-04
1.957498e+02	6.856232e-04
1.958567e+02	6.855708e-04
1.959640e+02	6.855754e-04
1.960713e+02	6.855176e-04
1.961796e+02	6.855321e-04
1.962888e+02	6.855769e-04
1.963970e+02	6.854971e-04
1.965108e+02	6.855420e-04
1.966194e+02	6.856157e-04
1.967297e+02	6.855123e-04
1.968408e+02	6.855161e-04
1.969506e+02	6.855549e-04
1.970576e+02	6.854524e-04
1.971698e+02	6.853772e-04
1.972779e+02	6.854501e-04
1.973882e+02	6.855800e-04
1.974982e+02	6.854987e-04
1.976066e+02	6.854782e-04
1.977160e+02	6.855169e-04
1.978258e+02	6.854334e-04
1.979347e+02	6.854022e-04
1.980447e+02	6.854281e-04
1.981541e+02	6.854478e-04
1.982604e+02	6.854394e-04
1.983702e+02	6.854493e-04
1.984804e+02	6.855048e-04
1.985877e+02	6.853954e-04
1.986972e+02	6.855017e-04
1.988054e+02	6.853301e-04
1.989137e+02	6.852785e-04
1.990219e+02	6.854471e-04
1.991283e+02	6.855040e-04
1.992355e+02	6.855002e-04
1.993428e+02	6.854114e-04
1.994522e+02	6.855503e-04
1.995597e+02	6.853764e-04
1.996671e+02	6.854145e-04
1.997752e+02	6.854531e-04
1.998855e+02	6.853931e-04
1.999931e+02	6.854828e-04
2.001005e+02	6.854099e-04
2.002068e+02	6.852952e-04
2.003164e+02	6.854251e-04
2.004237e+02	6.853089e-04
2.005310e+02	6.853825e-04
2.006397e+02	6.852982e-04
2.007500e+02	6.853567e-04
2.008596e+02	6.853475e-04
2.009670e+02	6.853506e-04
2.010772e+02	6.854174e-04
2.011839e+02	6.853544e-04
2.012926e+02	6.852701e-04
2.014040e+02	6.853969e-04
2.015133e+02	6.853081e-04
2.016231e+02	6.852473e-04
2.017323e+02	6.853931e-04
2.018405e+02	6.853940e-04
2.019480e+02	6.852299e-04
2.020542e+02	6.852990e-04
2.021641e+02	6.853977e-04
2.022719e+02	6.852056e-04
2.023800e+02	6.852595e-04
2.024898e+02	6.853620e-04
2.025986e+02	6.852420e-04
2.027052e+02	6.852922e-04
2.028134e+02	6.853385e-04
2.029197e+02	6.851555e-04
2.030273e+02	6.852109e-04
2.031362e+02	6.852982e-04
2.032451e+02	6.851783e-04
2.033533e+02	6.851555e-04
2.034623e+02	6.852018e-04
2.035696e+02	6.851752e-04
2.036779e+02	6.851509e-04
2.037847e+02	6.852929e-04
2.038937e+02	6.852937e-04
2.040029e+02	6.851342e-04
2.041130e+02	6.851608e-04
2.042215e+02	6.853279e-04
2.043288e+02	6.851699e-04
2.044382e+02	6.851198e-04
2.045466e+02	6.852481e-04
2.046539e+02	6.851426e-04
2.047619e+02	6.849892e-04
2.048708e+02	6.852572e-04
2.049797e+02	6.849983e-04
2.050878e+02	6.850879e-04
2.051958e+02	6.851646e-04
2.053033e+02	6.851615e-04
2.054116e+02	6.849610e-04
2.055244e+02	6.850059e-04
2.056320e+02	6.852876e-04
2.057430e+02	6.850568e-04
2.058507e+02	6.849262e-04
2.059584e+02	6.851706e-04
2.060655e+02	6.850059e-04
2.061734e+02	6.849846e-04
2.062819e+02	6.851144e-04
2.063895e+02	6.851395e-04
2.064984e+02	6.849976e-04
2.066048e+02	6.850674e-04
2.067123e+02	6.851373e-04
2.068195e+02	6.851342e-04
2.069270e+02	6.849147e-04
2.070368e+02	6.847978e-04
2.071462e+02	6.850841e-04
2.072536e+02	6.851038e-04
2.073630e+02	6.781126e-04
2.074719e+02	6.857501e-04
2.075855e+02	6.856983e-04
2.076939e+02	6.858571e-04
2.078011e+02	6.857349e-04
2.079084e+02	6.858624e-04
2.080176e+02	6.858268e-04
2.081260e+02	6.858085e-04
2.082373e+02	6.858768e-04
2.083491e+02	6.857957e-04
2.084585e+02	6.857805e-04
2.085658e+02	6.857340e-04
2.086795e+02	6.856771e-04
2.087881e+02	6.856893e-04
2.088978e+02	6.857781e-04
2.090079e+02	6.857736e-04
2.091174e+02	6.857318e-04
2.092289e+02	6.857287e-04
2.093386e+02	6.857257e-04
2.094473e+02	6.858244e-04
2.095569e+02	6.856741e-04
2.096661e+02	6.857386e-04
2.097736e+02	6.858199e-04
2.098859e+02	6.857492e-04
2.099960e+02	6.856377e-04
2.101093e+02	6.857675e-04
2.102225e+02	6.857219e-04
2.103337e+02	6.856020e-04
2.104421e+02	6.857311e-04
2.105522e+02	6.857463e-04
2.106619e+02	6.857911e-04
2.107689e+02	6.856240e-04
2.108774e+02	6.858215e-04
2.109862e+02	6.856908e-04
2.110946e+02	6.856558e-04
2.112027e+02	6.856058e-04
2.113103e+02	6.856392e-04
2.114169e+02	6.856582e-04
2.115238e+02	6.855928e-04
2.116420e+02	6.856749e-04
2.117500e+02	6.856111e-04
2.118597e+02	6.857257e-04
2.119710e+02	6.856080e-04
2.120804e+02	6.856119e-04
2.121901e+02	6.856983e-04
2.122999e+02	6.857463e-04
2.124072e+02	6.855846e-04
2.125154e+02	6.856263e-04
2.126227e+02	6.856771e-04
2.127329e+02	6.857045e-04
2.128434e+02	6.856460e-04
2.129538e+02	6.855557e-04
2.130602e+02	6.856316e-04
2.131677e+02	6.857082e-04
2.132787e+02	6.856430e-04
2.133870e+02	6.856771e-04
2.134951e+02	6.856278e-04
2.136016e+02	6.855571e-04
2.137125e+02	6.855405e-04
2.138219e+02	6.856362e-04
2.139300e+02	6.856992e-04
2.140396e+02	6.856490e-04
2.141478e+02	6.856194e-04
2.142553e+02	6.856255e-04
2.143641e+02	6.856035e-04
2.144747e+02	6.855161e-04
2.145839e+02	6.855033e-04
2.146914e+02	6.854934e-04
2.148048e+02	6.857470e-04
2.149130e+02	6.853757e-04
2.150214e+02	6.856749e-04
2.151297e+02	6.855542e-04
2.152387e+02	6.854759e-04
2.153469e+02	6.856384e-04
2.154551e+02	6.853241e-04
2.155651e+02	6.855420e-04
2.156754e+02	6.857257e-04
2.157826e+02	6.852929e-04
2.158929e+02	6.855518e-04
2.160012e+02	6.857349e-04
2.161097e+02	6.854418e-04
2.162182e+02	6.856551e-04
2.163277e+02	6.854744e-04
2.164353e+02	6.855952e-04
2.165431e+02	6.853627e-04
2.166517e+02	6.856194e-04
2.167600e+02	6.854828e-04
2.168672e+02	6.854478e-04
2.169765e+02	6.855815e-04
2.170835e+02	6.854562e-04
2.171987e+02	6.855670e-04
2.173058e+02	6.854713e-04
2.174126e+02	6.854607e-04
2.175209e+02	6.855868e-04
2.176302e+02	6.853636e-04
2.177385e+02	6.853863e-04
2.178478e+02	6.854486e-04
2.179571e+02	6.854812e-04
2.180678e+02	6.855291e-04
2.181808e+02	6.854015e-04
2.182913e+02	6.854964e-04
2.184002e+02	6.854971e-04
2.185073e+02	6.853537e-04
2.186151e+02	6.854903e-04
2.187235e+02	6.854387e-04
2.188321e+02	6.852997e-04
2.189424e+02	6.855595e-04
2.190568e+02	6.854736e-04
2.191661e+02	6.854008e-04
2.192743e+02	6.854145e-04
2.193824e+02	6.855291e-04
2.194898e+02	6.853772e-04
2.196001e+02	6.852876e-04
2.197091e+02	6.854129e-04
2.198177e+02	6.853226e-04
2.199295e+02	6.853309e-04
2.200409e+02	6.853863e-04
2.201492e+02	6.854008e-04
2.202575e+02	6.853825e-04
2.203663e+02	6.853583e-04
2.204760e+02	6.854152e-04
2.205837e+02	6.852693e-04
2.206914e+02	6.853597e-04
2.207998e+02	6.853323e-04
2.209079e+02	6.854447e-04
2.210155e+02	6.853195e-04
2.211237e+02	6.853187e-04
2.212316e+02	6.852876e-04
2.213402e+02	6.853431e-04
2.214498e+02	6.853841e-04
2.215590e+02	6.853142e-04
2.216668e+02	6.853499e-04
2.217752e+02	6.852701e-04
2.218833e+02	6.853226e-04
2.219922e+02	6.853385e-04
2.221013e+02	6.853400e-04
2.222110e+02	6.853233e-04
2.223201e+02	6.854068e-04
2.224282e+02	6.853294e-04
2.225360e+02	6.852640e-04
2.226436e+02	6.852830e-04
2.227536e+02	6.852952e-04
2.228645e+02	6.852922e-04
2.229732e+02	6.852869e-04
2.230813e+02	6.854379e-04
2.231935e+02	6.852860e-04
2.233017e+02	6.854516e-04
2.234097e+02	6.851388e-04
2.235193e+02	6.854099e-04
2.236286e+02	6.851638e-04
2.237391e+02	6.852709e-04
2.238485e+02	6.853111e-04
2.239561e+02	6.850507e-04
2.240648e+02	6.852003e-04
2.241740e+02	6.853180e-04
2.242808e+02	6.851988e-04
2.243905e+02	6.852435e-04
2.245030e+02	6.851403e-04
2.246113e+02	6.853065e-04
2.247218e+02	6.851364e-04
2.248318e+02	6.851692e-04
2.249406e+02	6.852405e-04
2.250499e+02	6.852018e-04
2.251597e+02	6.851274e-04
2.252777e+02	6.851501e-04
2.254047e+02	6.852549e-04
2.255129e+02	6.851403e-04
2.256202e+02	6.851236e-04
2.257295e+02	6.852117e-04
2.258383e+02	6.852078e-04
2.259486e+02	6.851327e-04
2.260559e+02	6.852246e-04
2.261632e+02	6.852276e-04
2.262709e+02	6.851267e-04
2.263807e+02	6.851547e-04
2.264893e+02	6.852838e-04
2.265981e+02	6.851487e-04
2.267054e+02	6.851646e-04
2.268136e+02	6.851585e-04
2.269217e+02	6.851950e-04
2.270325e+02	6.852549e-04
2.271430e+02	6.851653e-04
2.272501e+02	6.850985e-04
2.273624e+02	6.850211e-04
2.274737e+02	6.851836e-04
2.275837e+02	6.851426e-04
2.276927e+02	6.851585e-04
2.277998e+02	6.850871e-04
2.279083e+02	6.851122e-04
2.280217e+02	6.851562e-04
2.281322e+02	6.851311e-04
2.282404e+02	6.851274e-04
2.283500e+02	6.851851e-04
2.284613e+02	6.852633e-04
2.285693e+02	6.850712e-04
2.286774e+02	6.850750e-04
2.287859e+02	6.851274e-04
2.288952e+02	6.850598e-04
2.290038e+02	6.851957e-04
2.291124e+02	6.851357e-04
2.292213e+02	6.851198e-04
2.293309e+02	6.851274e-04
2.294376e+02	6.851487e-04
2.295479e+02	6.850234e-04
2.296562e+02	6.850172e-04
2.297629e+02	6.851646e-04
2.298751e+02	6.850500e-04
2.299836e+02	6.851016e-04
2.300918e+02	6.850864e-04
2.302010e+02	6.851426e-04
2.303103e+02	6.850029e-04
2.304191e+02	6.850803e-04
2.305267e+02	6.850507e-04
2.306343e+02	6.849709e-04
2.307487e+02	6.850575e-04
2.308559e+02	6.849892e-04
2.309632e+02	6.850841e-04
2.310711e+02	6.850613e-04
2.311794e+02	6.850348e-04
2.312887e+02	6.850803e-04
2.313978e+02	6.849854e-04
2.315056e+02	6.849292e-04
2.316153e+02	6.850537e-04
2.317246e+02	6.851091e-04
2.318333e+02	6.850522e-04
2.319431e+02	6.778885e-04
2.320553e+02	6.852990e-04
2.321647e+02	6.856771e-04
2.322738e+02	6.855754e-04
2.323875e+02	6.856901e-04
2.324954e+02	6.856597e-04
2.326052e+02	6.857964e-04
2.327122e+02	6.855132e-04
2.328277e+02	6.855716e-04
2.329421e+02	6.857106e-04
2.330501e+02	6.854949e-04
2.331590e+02	6.856172e-04
2.332675e+02	6.855860e-04
2.333748e+02	6.855875e-04
2.334807e+02	6.855328e-04
2.335911e+02	6.856741e-04
2.336996e+02	6.854766e-04
2.338081e+02	6.856544e-04
2.339174e+02	6.856088e-04
2.340263e+02	6.855450e-04
2.341354e+02	6.854843e-04
2.342436e+02	6.855663e-04
2.343517e+02	6.855009e-04
2.344596e+02	6.855284e-04
2.345674e+02	6.855989e-04
2.346782e+02	6.856012e-04
2.347891e+02	6.855033e-04
2.348986e+02	6.855800e-04
2.350080e+02	6.855412e-04
2.351155e+02	6.855868e-04
2.352240e+02	6.855169e-04
2.353323e+02	6.855564e-04
2.354404e+02	6.854652e-04
2.355476e+02	6.854106e-04
2.356577e+02	6.855890e-04
2.357666e+02	6.854198e-04
2.358769e+02	6.854501e-04
2.359866e+02	6.854706e-04
2.360958e+02	6.854843e-04
2.362036e+02	6.854296e-04
2.363128e+02	6.854865e-04
2.364221e+02	6.855450e-04
2.365283e+02	6.854516e-04
2.366363e+02	6.854812e-04
2.367469e+02	6.855723e-04
2.368537e+02	6.855381e-04
2.369643e+02	6.854099e-04
2.370739e+02	6.855146e-04
2.371846e+02	6.854463e-04
2.372923e+02	6.854478e-04
2.374016e+02	6.854645e-04
2.375099e+02	6.855678e-04
2.376184e+02	6.855458e-04
2.377255e+02	6.854326e-04
2.378335e+02	6.855860e-04
2.379416e+02	6.854987e-04
2.380482e+02	6.854372e-04
2.381578e+02	6.854668e-04
2.382693e+02	6.854941e-04
2.383775e+02	6.854782e-04
2.384851e+02	6.855458e-04
2.385994e+02	6.855024e-04
2.387083e+02	6.854843e-04
2.388198e+02	6.854987e-04
2.389297e+02	6.854759e-04
2.390377e+02	6.854106e-04
2.391459e+02	6.854372e-04
2.392550e+02	6.854729e-04
2.393643e+02	6.854751e-04
2.394729e+02	6.853742e-04
2.395816e+02	6.854599e-04
2.396899e+02	6.854425e-04
2.397985e+02	6.854114e-04
2.399086e+02	6.853817e-04
2.400172e+02	6.855366e-04
2.401255e+02	6.854379e-04
2.402347e+02	6.853378e-04
2.403427e+02	6.854213e-04
2.404509e+02	6.854956e-04
2.405585e+02	6.853407e-04
2.406681e+02	6.854729e-04
2.407754e+02	6.853825e-04
2.408842e+02	6.853180e-04
2.409924e+02	6.854736e-04
2.411007e+02	6.853885e-04
2.412095e+02	6.854478e-04
2.413180e+02	6.854607e-04
2.414273e+02	6.854812e-04
2.415377e+02	6.853475e-04
2.416460e+02	6.854493e-04
2.417536e+02	6.853795e-04
2.418634e+02	6.853270e-04
2.419736e+02	6.854379e-04
2.420808e+02	6.853704e-04
2.421884e+02	6.853028e-04
2.422980e+02	6.853392e-04
2.424062e+02	6.853270e-04
2.425157e+02	6.853764e-04
2.426237e+02	6.853005e-04
2.427304e+02	6.853749e-04
2.428399e+02	6.853096e-04
2.429469e+02	6.853385e-04
2.430549e+02	6.853392e-04
2.431632e+02	6.853817e-04
2.432726e+02	6.853012e-04
2.433790e+02	6.853559e-04
2.434873e+02	6.853627e-04
2.435999e+02	6.853217e-04
2.437062e+02	6.853005e-04
2.438159e+02	6.854486e-04
2.439226e+02	6.853187e-04
2.440327e+02	6.852816e-04
2.441434e+02	6.853263e-04
2.442516e+02	6.853491e-04
2.443588e+02	6.852443e-04
2.444675e+02	6.852762e-04
2.445750e+02	6.852625e-04
2.446859e+02	6.852094e-04
2.447926e+02	6.853940e-04
2.449022e+02	6.853788e-04
2.450113e+02	6.853528e-04
2.451195e+02	6.853233e-04
2.452263e+02	6.853627e-04
2.453350e+02	6.853583e-04
2.454468e+02	6.853339e-04
2.455563e+02	6.853673e-04
2.456634e+02	6.852898e-04
2.457710e+02	6.853369e-04
2.458788e+02	6.854213e-04
2.459867e+02	6.854326e-04
2.460948e+02	6.853294e-04
2.462024e+02	6.853286e-04
2.463108e+02	6.852898e-04
2.464189e+02	6.852238e-04
2.465289e+02	6.853217e-04
2.466384e+02	6.853749e-04
2.467466e+02	6.852816e-04
2.468558e+02	6.852754e-04
2.469667e+02	6.853658e-04
2.470768e+02	6.852420e-04
2.471912e+02	6.852701e-04
2.473005e+02	6.853096e-04
2.474106e+02	6.852215e-04
2.475181e+02	6.853385e-04
2.476246e+02	6.853339e-04
2.477341e+02	6.852565e-04
2.478419e+02	6.852845e-04
2.479488e+02	6.853636e-04
2.480563e+02	6.852777e-04
2.481674e+02	6.853878e-04
2.482746e+02	6.852937e-04
2.483831e+02	6.853597e-04
2.484917e+02	6.853226e-04
2.486004e+02	6.852078e-04
2.487076e+02	6.853028e-04
2.488172e+02	6.853993e-04
2.489278e+02	6.853248e-04
2.490375e+02	6.852937e-04
2.491449e+02	6.853233e-04
2.492533e+02	6.853118e-04
2.493616e+02	6.852565e-04
2.494719e+02	6.852807e-04
2.495802e+02	6.852375e-04
2.496878e+02	6.786100e-04
2.497969e+02	6.850165e-04
2.499059e+02	6.855632e-04
2.500132e+02	6.856111e-04
2.501232e+02	6.856157e-04
2.502329e+02	6.855086e-04
2.503411e+02	6.855632e-04
2.504518e+02	6.854918e-04
2.505601e+02	6.855374e-04
2.506685e+02	6.856080e-04
2.507791e+02	6.855738e-04
2.508884e+02	6.855473e-04
2.509970e+02	6.856558e-04
2.511057e+02	6.855154e-04
2.512161e+02	6.854934e-04
2.513247e+02	6.855784e-04
2.514332e+02	6.855077e-04
2.515405e+02	6.855443e-04
2.516487e+02	6.856051e-04
2.517567e+02	6.855139e-04
2.518648e+02	6.855313e-04
2.519752e+02	6.855928e-04
2.520816e+02	6.855473e-04
2.521901e+02	6.855040e-04
2.522988e+02	6.855093e-04
2.524065e+02	6.855952e-04
2.525135e+02	6.854288e-04
2.526229e+02	6.856422e-04
2.527296e+02	6.855480e-04
2.528373e+02	6.855427e-04
2.529464e+02	6.855024e-04
2.530563e+02	6.855959e-04
2.531637e+02	6.854599e-04
2.532735e+02	6.855033e-04
2.533805e+02	6.856073e-04
2.534877e+02	6.855496e-04
2.535962e+02	6.855639e-04
2.537056e+02	6.855701e-04
2.538118e+02	6.854410e-04
2.539214e+02	6.855754e-04
2.540289e+02	6.854584e-04
2.541377e+02	6.855549e-04
2.542461e+02	6.854873e-04
2.543545e+02	6.855222e-04
2.544627e+02	6.855238e-04
2.545713e+02	6.855518e-04
2.546796e+02	6.855132e-04
2.547885e+02	6.855731e-04
2.548983e+02	6.855070e-04
2.550063e+02	6.855617e-04
2.551144e+02	6.855077e-04
2.552249e+02	6.855465e-04
2.553336e+02	6.855473e-04
2.554417e+02	6.855496e-04
2.555511e+02	6.855017e-04
2.556679e+02	6.855397e-04
2.557772e+02	6.855800e-04
2.558876e+02	6.855284e-04
2.559958e+02	6.855313e-04
2.561035e+02	6.855762e-04
2.562136e+02	6.854812e-04
2.563222e+02	6.854995e-04
2.564297e+02	6.856194e-04
2.565385e+02	6.854357e-04
2.566488e+02	6.854804e-04
2.567569e+02	6.855557e-04
2.568733e+02	6.855275e-04
2.569824e+02	6.854251e-04
2.570896e+02	6.854782e-04
2.571979e+02	6.854319e-04
2.573063e+02	6.854744e-04
2.574146e+02	6.854766e-04
2.575222e+02	6.855139e-04
2.576357e+02	6.855116e-04
2.577464e+02	6.854638e-04
2.578546e+02	6.854570e-04
2.579628e+02	6.854281e-04
2.580724e+02	6.854812e-04
2.581796e+02	6.854911e-04
2.582880e+02	6.855427e-04
2.583964e+02	6.853803e-04
2.585049e+02	6.855139e-04
2.586142e+02	6.855685e-04
2.587224e+02	6.853605e-04
2.588311e+02	6.854820e-04
2.589397e+02	6.855176e-04
2.590479e+02	6.854577e-04
2.591560e+02	6.853940e-04
2.592626e+02	6.855024e-04
2.593709e+02	6.854577e-04
2.594780e+02	6.854251e-04
2.595860e+02	6.854804e-04
2.596936e+02	6.855229e-04
2.598048e+02	6.853567e-04
2.599105e+02	6.854584e-04
2.600191e+02	6.854797e-04
2.601263e+02	6.854281e-04
2.602343e+02	6.854645e-04
2.603409e+02	6.854888e-04
2.604478e+02	6.854357e-04
2.605565e+02	6.854539e-04
2.606641e+02	6.854273e-04
2.607726e+02	6.854584e-04
2.608793e+02	6.854228e-04
2.609864e+02	6.854828e-04
2.610953e+02	6.854288e-04
2.612033e+02	6.854995e-04
2.613126e+02	6.855284e-04
2.614236e+02	6.854751e-04
2.615320e+02	6.854599e-04
2.616424e+02	6.854956e-04
2.617537e+02	6.855791e-04
2.618614e+02	6.854281e-04
2.619714e+02	6.854418e-04
2.620799e+02	6.856179e-04
2.621866e+02	6.854934e-04
2.622975e+02	6.854516e-04
2.624073e+02	6.855473e-04
2.625144e+02	6.855465e-04
2.626215e+02	6.854205e-04
2.627305e+02	6.855533e-04
2.628390e+02	6.855222e-04
2.629480e+02	6.854638e-04
2.630555e+02	6.855291e-04
2.631626e+02	6.854782e-04
2.632699e+02	6.854145e-04
2.633793e+02	6.786175e-04
2.634891e+02	6.859277e-04
2.635967e+02	6.861373e-04
2.637055e+02	6.862542e-04
2.638119e+02	6.862436e-04
2.639207e+02	6.862353e-04
2.640291e+02	6.862368e-04
2.641377e+02	6.862413e-04
2.642472e+02	6.861882e-04
2.643552e+02	6.862474e-04
2.644656e+02	6.862580e-04
2.645749e+02	6.861943e-04
2.646812e+02	6.862027e-04
2.647905e+02	6.862497e-04
2.649014e+02	6.862664e-04
2.650110e+02	6.862186e-04
2.651175e+02	6.862694e-04
2.652241e+02	6.863188e-04
2.653326e+02	6.861274e-04
2.654407e+02	6.863362e-04
2.655477e+02	6.862140e-04
2.656561e+02	6.862512e-04
2.657650e+02	6.861813e-04
2.658739e+02	6.862565e-04
2.659874e+02	6.862276e-04
2.660958e+02	6.861859e-04
2.662020e+02	6.861260e-04
2.663127e+02	6.861981e-04
2.664210e+02	6.862049e-04
2.665284e+02	6.862413e-04
2.666368e+02	6.863316e-04
2.667446e+02	6.862770e-04
2.668549e+02	6.862239e-04
2.669635e+02	6.861624e-04
2.670726e+02	6.862186e-04
2.671815e+02	6.862177e-04
2.672911e+02	6.862231e-04
2.674002e+02	6.861615e-04
2.675098e+02	6.862565e-04
2.676183e+02	6.861958e-04
2.677273e+02	6.862080e-04
2.678342e+02	6.860849e-04
2.679415e+02	6.862368e-04
2.680518e+02	6.861836e-04
2.681578e+02	6.861092e-04
2.682700e+02	6.862223e-04
2.683792e+02	6.861670e-04
2.684881e+02	6.861822e-04
2.685977e+02	6.862216e-04
2.687070e+02	6.860652e-04
2.688195e+02	6.862201e-04
2.689292e+02	6.861533e-04
2.690370e+02	6.861244e-04
2.691454e+02	6.861479e-04
2.692553e+02	6.861191e-04
2.693637e+02	6.862937e-04
2.694722e+02	6.860796e-04
2.695810e+02	6.862216e-04
2.696876e+02	6.861646e-04
2.697962e+02	6.861366e-04
2.699055e+02	6.861221e-04
2.700141e+02	6.861381e-04
2.701225e+02	6.861214e-04
2.702321e+02	6.861069e-04
2.703415e+02	6.861562e-04
2.704503e+02	6.862300e-04
2.705601e+02	6.861297e-04
2.706681e+02	6.861586e-04
2.707767e+02	6.862785e-04
2.708837e+02	6.861904e-04
2.709922e+02	6.861297e-04
2.711013e+02	6.861972e-04
2.712085e+02	6.861152e-04
2.713164e+02	6.861396e-04
2.714259e+02	6.861866e-04
2.715328e+02	6.862618e-04
2.716417e+02	6.861410e-04
2.717512e+02	6.861168e-04
2.718611e+02	6.861928e-04
2.719695e+02	6.861601e-04
2.720785e+02	6.861198e-04
2.721866e+02	6.861813e-04
2.722942e+02	6.861016e-04
2.724037e+02	6.861122e-04
2.725145e+02	6.862186e-04
2.726224e+02	6.861624e-04
2.727312e+02	6.860864e-04
2.728416e+02	6.861547e-04
2.729486e+02	6.861677e-04
2.730559e+02	6.861753e-04
2.731637e+02	6.861518e-04
2.732712e+02	6.862261e-04
2.733794e+02	6.861084e-04
2.734891e+02	6.861730e-04
2.735961e+02	6.861487e-04
2.737055e+02	6.861053e-04
2.738137e+02	6.862133e-04
2.739213e+02	6.861639e-04
2.740296e+02	6.861176e-04
2.741378e+02	6.861631e-04
2.742451e+02	6.862239e-04
2.743527e+02	6.861586e-04
2.744626e+02	6.860956e-04
2.745712e+02	6.860401e-04
2.746777e+02	6.861479e-04
2.747851e+02	6.860864e-04
2.748952e+02	6.861745e-04
2.750035e+02	6.861472e-04
2.751115e+02	6.861479e-04
2.752198e+02	6.861320e-04
2.753284e+02	6.860394e-04
2.754383e+02	6.860667e-04
2.755490e+02	6.861198e-04
2.756561e+02	6.861760e-04
2.757703e+02	6.860066e-04
2.758808e+02	6.860887e-04
2.759892e+02	6.861137e-04
2.760981e+02	6.861381e-04
2.762073e+02	6.860439e-04
2.763148e+02	6.861267e-04
2.764233e+02	6.861062e-04
2.765306e+02	6.860295e-04
2.766400e+02	6.861465e-04
2.767489e+02	6.861077e-04
2.768576e+02	6.860758e-04
2.769668e+02	6.860780e-04
2.770754e+02	6.861122e-04
2.771830e+02	6.860903e-04
2.772906e+02	6.860500e-04
2.773968e+02	6.861099e-04
2.775046e+02	6.861069e-04
2.776123e+02	6.861313e-04
2.777196e+02	6.861031e-04
2.778292e+02	6.860439e-04
2.779392e+02	6.860742e-04
2.780480e+02	6.860956e-04
2.781553e+02	6.861062e-04
2.782642e+02	6.861836e-04
2.783708e+02	6.861328e-04
2.784794e+02	6.861465e-04
2.785878e+02	6.860947e-04
2.786962e+02	6.861350e-04
2.788033e+02	6.860515e-04
2.789138e+02	6.860674e-04
2.790221e+02	6.861198e-04
2.791287e+02	6.862201e-04
2.792363e+02	6.860447e-04
2.793436e+02	6.861813e-04
2.794534e+02	6.861601e-04
2.795614e+02	6.859969e-04
2.796697e+02	6.861502e-04
2.797829e+02	6.792812e-04
2.798931e+02	6.866954e-04
2.800011e+02	6.869202e-04
2.801084e+02	6.868990e-04
2.802177e+02	6.869384e-04
2.803252e+02	6.868564e-04
2.804316e+02	6.869126e-04
2.805403e+02	6.869285e-04
2.806509e+02	6.869248e-04
2.807585e+02	6.869179e-04
2.808683e+02	6.869361e-04
2.809768e+02	6.868845e-04
2.810857e+02	6.868298e-04
2.811929e+02	6.868662e-04
2.813016e+02	6.868807e-04
2.814120e+02	6.868655e-04
2.815216e+02	6.869133e-04
2.816286e+02	6.869764e-04
2.817356e+02	6.869316e-04
2.818439e+02	6.868951e-04
2.819528e+02	6.868261e-04
2.820640e+02	6.869043e-04
2.821718e+02	6.869149e-04
2.822797e+02	6.868921e-04
2.823889e+02	6.869087e-04
2.824951e+02	6.869490e-04
2.826017e+02	6.868715e-04
2.827089e+02	6.868428e-04
2.828180e+02	6.870075e-04
2.829251e+02	6.867948e-04
2.830339e+02	6.869308e-04
2.831429e+02	6.868040e-04
2.832521e+02	6.868146e-04
2.833606e+02	6.868602e-04
2.834689e+02	6.869536e-04
2.835773e+02	6.868131e-04
2.836861e+02	6.869133e-04
2.837942e+02	6.870121e-04
2.839024e+02	6.867569e-04
2.840130e+02	6.867622e-04
2.841214e+02	6.869566e-04
2.842298e+02	6.868829e-04
2.843371e+02	6.868169e-04
2.844473e+02	6.868670e-04
2.845561e+02	6.868853e-04
2.846643e+02	6.869027e-04
2.847725e+02	6.869711e-04
2.848812e+02	6.869149e-04
2.849909e+02	6.869786e-04
2.850982e+02	6.869217e-04
2.852055e+02	6.869634e-04
2.853137e+02	6.868314e-04
2.854214e+02	6.869118e-04
2.855317e+02	6.868237e-04
2.856395e+02	6.869050e-04
2.857517e+02	6.869361e-04
2.858627e+02	6.869437e-04
2.859701e+02	6.869202e-04
2.860785e+02	6.869528e-04
2.861878e+02	6.869757e-04
2.862967e+02	6.868739e-04
2.864045e+02	6.869369e-04
2.865127e+02	6.868420e-04
2.866189e+02	6.869764e-04
2.867279e+02	6.869437e-04
2.868370e+02	6.869596e-04
2.869448e+02	6.869331e-04
2.870524e+02	6.869779e-04
2.871609e+02	6.869232e-04
2.872680e+02	6.868223e-04
2.873762e+02	6.869065e-04
2.874832e+02	6.869506e-04
2.875900e+02	6.869453e-04
2.876987e+02	6.868314e-04
2.878081e+02	6.869209e-04
2.879150e+02	6.868875e-04
2.880247e+02	6.868891e-04
2.881327e+02	6.868534e-04
2.882392e+02	6.868769e-04
2.883464e+02	6.869004e-04
2.884589e+02	6.869004e-04
2.885672e+02	6.868488e-04
2.886765e+02	6.869126e-04
2.887830e+02	6.868829e-04
2.888917e+02	6.869027e-04
2.890011e+02	6.869748e-04
2.891114e+02	6.869369e-04
2.892213e+02	6.869581e-04
2.893309e+02	6.869012e-04
2.894399e+02	6.869248e-04
2.895491e+02	6.868974e-04
2.896577e+02	6.869209e-04
2.897670e+02	6.867888e-04
2.898742e+02	6.870204e-04
2.899839e+02	6.869027e-04
2.900915e+02	6.869292e-04
2.901979e+02	6.869149e-04
2.903061e+02	6.869232e-04
2.904129e+02	6.869453e-04
2.905213e+02	6.868617e-04
2.906306e+02	6.868829e-04
2.907746e+02	6.869391e-04
2.908848e+02	6.868822e-04
2.909932e+02	6.868715e-04
2.911023e+02	6.869702e-04
2.912093e+02	6.869118e-04
2.913163e+02	6.869354e-04
2.914247e+02	6.869962e-04
2.915322e+02	6.869711e-04
2.916391e+02	6.868867e-04
2.917471e+02	6.869506e-04
2.918561e+02	6.869543e-04
2.919671e+02	6.868853e-04
2.920758e+02	6.869885e-04
2.921871e+02	6.870158e-04
2.922984e+02	6.868867e-04
2.924066e+02	6.869140e-04
2.925156e+02	6.870295e-04
2.926239e+02	6.868655e-04
2.927309e+02	6.868237e-04
2.928413e+02	6.868579e-04
2.929504e+02	6.869483e-04
2.930577e+02	6.868761e-04
2.931658e+02	6.868838e-04
2.932743e+02	6.869209e-04
2.933830e+02	6.869316e-04
2.934913e+02	6.869391e-04
2.935995e+02	6.869794e-04
2.937068e+02	6.868245e-04
2.938152e+02	6.869217e-04
2.939231e+02	6.869308e-04
2.940295e+02	6.869103e-04
2.941406e+02	6.869195e-04
2.942506e+02	6.869658e-04
2.943604e+02	6.869497e-04
2.944695e+02	6.869574e-04
2.945798e+02	6.869400e-04
2.946879e+02	6.870402e-04
2.947978e+02	6.869164e-04
2.949067e+02	6.867812e-04
2.950149e+02	6.868564e-04
2.951235e+02	6.868192e-04
2.952327e+02	6.868003e-04
2.953413e+02	6.867516e-04
2.954486e+02	6.868245e-04
2.955569e+02	6.867494e-04
2.956682e+02	6.868457e-04
2.957764e+02	6.868435e-04
2.958855e+02	6.867888e-04
2.959958e+02	6.866278e-04
2.961044e+02	6.869695e-04
2.962116e+02	6.869027e-04
2.963198e+02	6.868670e-04
2.964282e+02	6.869096e-04
2.965349e+02	6.868579e-04
2.966426e+02	6.868245e-04
2.967555e+02	6.869391e-04
2.968630e+02	6.868534e-04
2.969724e+02	6.869369e-04
2.970817e+02	6.868867e-04
2.971898e+02	6.869468e-04
2.972986e+02	6.869186e-04
2.974071e+02	6.869096e-04
2.975174e+02	6.869437e-04
2.976269e+02	6.868898e-04
2.977361e+02	6.868587e-04
2.978461e+02	6.869171e-04
2.979549e+02	6.868541e-04
2.980630e+02	6.869156e-04
2.981750e+02	6.868867e-04
2.982859e+02	6.869027e-04
2.983936e+02	6.868640e-04
2.985019e+02	6.869953e-04
2.986092e+02	6.869741e-04
2.987190e+02	6.869490e-04
2.988266e+02	6.868465e-04
2.989353e+02	6.868549e-04
2.990472e+02	6.868199e-04
2.991568e+02	6.869991e-04
2.992656e+02	6.870720e-04
2.993734e+02	6.869460e-04
2.994861e+02	6.869338e-04
2.995959e+02	6.869248e-04
2.997029e+02	6.868814e-04
2.998111e+02	6.869096e-04
2.999205e+02	6.871154e-04
3.000274e+02	2.629271e-04
3.001346e+02	1.879364e-06
3.002439e+02	1.883161e-06
3.003509e+02	1.918090e-06
3.004581e+02	1.912775e-06
3.005675e+02	1.861139e-06
3.006778e+02	1.893032e-06
3.007870e+02	1.853546e-06
3.008933e+02	1.874808e-06
3.010055e+02	1.864936e-06
3.011147e+02	1.843674e-06
3.012225e+02	1.881641e-06
3.013299e+02	1.854306e-06
3.014399e+02	1.839878e-06
3.015503e+02	1.823172e-06
3.016585e+02	1.889235e-06
3.017678e+02	1.851268e-06
3.018755e+02	1.848990e-06
3.019850e+02	1.880883e-06
3.020931e+02	1.838359e-06
3.022036e+02	1.845953e-06
3.023131e+02	1.860381e-06
3.024212e+02	1.853546e-06
3.025292e+02	1.836841e-06
3.026361e+02	1.866455e-06
3.027431e+02	1.859621e-06
3.028514e+02	1.889995e-06
3.029597e+02	1.842916e-06
3.030670e+02	1.848990e-06
3.031743e+02	1.866455e-06
3.032840e+02	1.820136e-06
3.033931e+02	1.883161e-06
3.035012e+02	1.852028e-06
3.036095e+02	1.839119e-06
3.037185e+02	1.857343e-06
3.038257e+02	1.871011e-06
3.039316e+02	1.840638e-06
3.040388e+02	1.843674e-06
3.041464e+02	1.824691e-06
3.042553e+02	1.836081e-06
3.043656e+02	1.855065e-06
3.044727e+02	1.846712e-06
3.045827e+02	1.875568e-06
3.046929e+02	1.824691e-06
3.047999e+02	1.848231e-06
3.049069e+02	1.818616e-06
3.050157e+02	1.829247e-06
3.051223e+02	1.798114e-06
3.052334e+02	1.829247e-06
3.053431e+02	1.830766e-06
3.054517e+02	1.834563e-06
3.055593e+02	1.808745e-06
3.056665e+02	1.799632e-06
3.057743e+02	1.857343e-06
3.058825e+02	1.835322e-06
3.059926e+02	1.862658e-06
3.061020e+02	1.855065e-06
3.062093e+02	1.883920e-06
3.063165e+02	1.836081e-06
3.064272e+02	1.845953e-06
3.065364e+02	1.829247e-06
3.066474e+02	1.851268e-06
3.067566e+02	1.830006e-06
3.068660e+02	1.815579e-06
3.069748e+02	1.857343e-06
3.070822e+02	1.852028e-06
3.071911e+02	1.842916e-06
3.073008e+02	1.852028e-06
3.074129e+02	1.805707e-06
3.075197e+02	1.840638e-06
3.076302e+02	1.895310e-06
3.077391e+02	1.847471e-06
3.078467e+02	1.805707e-06
3.079564e+02	1.898348e-06
3.080670e+02	1.850509e-06
3.081742e+02	1.834563e-06
3.082829e+02	1.815579e-06
3.083921e+02	1.883161e-06
3.085010e+02	1.817857e-06
3.086104e+02	1.864178e-06
3.087200e+02	1.852028e-06
3.088314e+02	1.842156e-06
3.089395e+02	1.848990e-06
3.090489e+02	1.814061e-06
3.091558e+02	1.836081e-06
3.092661e+02	1.858103e-06
3.093751e+02	1.886958e-06
3.094818e+02	1.840638e-06
3.095915e+02	1.868733e-06
3.097058e+02	1.855824e-06
3.098141e+02	1.864178e-06
3.099226e+02	1.839119e-06
3.100316e+02	1.852787e-06
3.101395e+02	1.833044e-06
3.102487e+02	1.839119e-06
3.103569e+02	1.828488e-06
3.104652e+02	1.817098e-06
3.105734e+02	1.826969e-06
3.106833e+02	1.798874e-06
3.107906e+02	1.830006e-06
3.108973e+02	1.785965e-06
3.110067e+02	1.848990e-06
3.111139e+02	1.832284e-06
3.112221e+02	1.818616e-06
3.113311e+02	1.819376e-06
3.114392e+02	1.866455e-06
3.115479e+02	1.845953e-06
3.116556e+02	1.836841e-06
3.117619e+02	1.861139e-06
3.118720e+02	1.804189e-06
3.119805e+02	1.852787e-06
3.120896e+02	1.868733e-06
3.122000e+02	1.831526e-06
3.123100e+02	1.855065e-06
3.124172e+02	1.828488e-06
3.125286e+02	1.818616e-06
3.126369e+02	1.861139e-06
3.127452e+02	1.836081e-06
3.128534e+02	1.833044e-06
3.129616e+02	1.846712e-06
3.130703e+02	1.811782e-06
3.131790e+02	1.830006e-06
3.132877e+02	1.835322e-06
3.133963e+02	1.834563e-06
3.135096e+02	1.823932e-06
3.136179e+02	1.808745e-06
3.137272e+02	1.820136e-06
3.138360e+02	1.861139e-06
3.139468e+02	1.871771e-06
3.140577e+02	1.853546e-06
3.141673e+02	1.861899e-06
3.142796e+02	1.860381e-06
3.143888e+02	1.867974e-06
3.144966e+02	1.830006e-06
3.146048e+02	1.792799e-06
3.147140e+02	1.833803e-06
3.148223e+02	1.822413e-06
3.149295e+02	1.839119e-06
3.150387e+02	1.896828e-06
3.151450e+02	1.826209e-06
3.152530e+02	1.853546e-06
3.153591e+02	1.811023e-06
3.154662e+02	1.836081e-06
3.155727e+02	1.822413e-06
3.156824e+02	1.845193e-06
3.157888e+02	1.872530e-06
3.158958e+02	1.842156e-06
3.160032e+02	1.820894e-06
3.161116e+02	1.871771e-06
3.162184e+02	1.845953e-06
3.163289e+02	1.836841e-06
3.164359e+02	1.843674e-06
3.165452e+02	1.877845e-06
3.166545e+02	1.871771e-06
3.167627e+02	1.882401e-06
3.168719e+02	1.828488e-06
3.169803e+02	1.874808e-06
3.170873e+02	1.828488e-06
3.171947e+02	1.845953e-06
3.173028e+02	1.847471e-06
3.174129e+02	1.868733e-06
3.175209e+02	1.829247e-06
3.176302e+02	1.822413e-06
3.177393e+02	1.892273e-06
3.178485e+02	1.845953e-06
3.179592e+02	1.842156e-06
3.180680e+02	1.836081e-06
3.181788e+02	1.863418e-06
3.182897e+02	1.842156e-06
3.183973e+02	1.857343e-06
3.185082e+02	1.829247e-06
3.186166e+02	1.852787e-06
3.187246e+02	1.835322e-06
3.188331e+02	1.814061e-06
3.189421e+02	1.851268e-06
3.190511e+02	1.864936e-06
3.191596e+02	1.820894e-06
3.192669e+02	1.839119e-06
3.193742e+02	1.855824e-06
3.194867e+02	1.877845e-06
3.195945e+02	1.867974e-06
3.197025e+02	1.830766e-06
3.198115e+02	1.839119e-06
3.199200e+02	1.817098e-06
3.200297e+02	1.862658e-06
3.201393e+02	1.844434e-06
3.202489e+02	1.862658e-06
3.203577e+02	1.797355e-06
3.204641e+02	1.850509e-06
3.205747e+02	1.852787e-06
3.206835e+02	1.858103e-06
3.207911e+02	1.809504e-06
3.208996e+02	1.828488e-06
3.210073e+02	1.859621e-06
3.211155e+02	1.854306e-06
3.212264e+02	1.841396e-06
3.213347e+02	1.795077e-06
3.214440e+02	1.855824e-06
3.215524e+02	1.823932e-06
3.216606e+02	1.826969e-06
3.217708e+02	1.821654e-06
3.218812e+02	1.819376e-06
3.219903e+02	1.846712e-06
3.221002e+02	1.842916e-06
3.222085e+02	1.786724e-06
3.223179e+02	1.839878e-06
3.224270e+02	1.810264e-06
3.225347e+02	1.867214e-06
3.226427e+02	1.840638e-06
3.227545e+02	1.839119e-06
3.228638e+02	1.817098e-06
3.229722e+02	1.858861e-06
3.230825e+02	1.857343e-06
3.231921e+02	1.842916e-06
3.232997e+02	1.843674e-06
3.234074e+02	1.841396e-06
3.235194e+02	1.806467e-06
3.236286e+02	1.837599e-06
3.237368e+02	1.820136e-06
3.238445e+02	1.820894e-06
3.239549e+02	1.855824e-06
3.240651e+02	1.826969e-06
3.241736e+02	1.833044e-06
3.242827e+02	1.832284e-06
3.243933e+02	1.826969e-06
3.245011e+02	1.863418e-06
3.246110e+02	1.824691e-06
3.247214e+02	1.861139e-06
3.248313e+02	1.880883e-06
3.249386e+02	1.840638e-06
3.250465e+02	1.817857e-06
3.251537e+02	1.869493e-06
3.252634e+02	1.820894e-06
3.253715e+02	1.850509e-06
3.254793e+02	1.814061e-06
3.255870e+02	1.849749e-06
3.256975e+02	1.835322e-06
3.258063e+02	1.808745e-06
3.259133e+02	1.905941e-06
3.260206e+02	1.848231e-06
3.261293e+02	1.833044e-06
3.262377e+02	1.856584e-06
3.263449e+02	1.873289e-06
3.264528e+02	1.839878e-06
3.265636e+02	1.849749e-06
3.266716e+02	1.830766e-06
3.267795e+02	1.855824e-06
3.268897e+02	1.858861e-06
3.269994e+02	1.839878e-06
3.271068e+02	1.862658e-06
3.272149e+02	1.785965e-06
3.273220e+02	1.846712e-06
3.274294e+02	1.844434e-06
3.275384e+02	1.807226e-06
3.276465e+02	1.848990e-06
3.277561e+02	1.827729e-06
3.278642e+02	1.836081e-06
3.279737e+02	1.842156e-06
3.280820e+02	1.846712e-06
3.281902e+02	1.803429e-06
3.282995e+02	1.839119e-06
3.284088e+02	1.841396e-06
3.285183e+02	1.861899e-06
3.286267e+02	1.865696e-06
3.287350e+02	1.855824e-06
3.288434e+02	1.830006e-06
3.289519e+02	1.851268e-06
3.290598e+02	1.839878e-06
3.291686e+02	1.820894e-06
3.292771e+02	1.817857e-06
3.293849e+02	1.836081e-06
3.294923e+02	1.867214e-06
3.296017e+02	1.848231e-06
3.297105e+02	1.877845e-06
3.298187e+02	1.842156e-06
3.299259e+02	1.835322e-06
3.300332e+02	1.846712e-06
3.301405e+02	1.868733e-06
3.302497e+02	1.823172e-06
3.303576e+02	1.864178e-06
3.304676e+02	1.848990e-06
3.305758e+02	1.861899e-06
3.306851e+02	1.855065e-06
3.307941e+02	1.865696e-06
3.309018e+02	1.845953e-06
3.310109e+02	1.850509e-06
3.311192e+02	1.844434e-06
3.312294e+02	1.880123e-06
3.313389e+02	1.836841e-06
3.314472e+02	1.874048e-06
3.315554e+02	1.875568e-06
3.316639e+02	1.844434e-06
3.317724e+02	1.871011e-06
3.318813e+02	1.862658e-06
3.319890e+02	1.845953e-06
3.320985e+02	1.818616e-06
3.322082e+02	1.838359e-06
3.323178e+02	1.857343e-06
3.324277e+02	1.890754e-06
3.325397e+02	1.858861e-06
3.326480e+02	1.845193e-06
3.327572e+02	1.876326e-06
3.328680e+02	1.840638e-06
3.329762e+02	1.874808e-06
3.330834e+02	1.852028e-06
3.331920e+02	1.906700e-06
3.333004e+02	1.876326e-06
3.334096e+02	1.829247e-06
3.335162e+02	1.831526e-06
3.336252e+02	1.879364e-06
3.337374e+02	1.872530e-06
3.338448e+02	1.842916e-06
3.339531e+02	1.837599e-06
3.340627e+02	1.871011e-06
3.341718e+02	1.848990e-06
3.342812e+02	1.836081e-06
3.343886e+02	1.868733e-06
3.344975e+02	1.834563e-06
3.346057e+02	1.820894e-06
3.347128e+02	1.827729e-06
3.348220e+02	1.851268e-06
3.349308e+02	1.838359e-06
3.350392e+02	1.861899e-06
3.351479e+02	1.830766e-06
3.352553e+02	1.822413e-06
3.353662e+02	1.858861e-06
3.354737e+02	1.852787e-06
3.355827e+02	1.893791e-06
3.356923e+02	1.766982e-06
3.358010e+02	1.850509e-06
3.359085e+02	1.826209e-06
3.360190e+02	1.841396e-06
3.361273e+02	1.815579e-06
3.362358e+02	1.876326e-06
3.363433e+02	1.811023e-06
3.364506e+02	1.849749e-06
3.365597e+02	1.821654e-06
3.366697e+02	1.845953e-06
3.367771e+02	1.811023e-06
3.368848e+02	1.844434e-06
3.369935e+02	1.830006e-06
3.371030e+02	1.826969e-06
3.372111e+02	1.874048e-06
3.373207e+02	1.840638e-06
3.374272e+02	1.844434e-06
3.375446e+02	1.827729e-06
3.376521e+02	1.820894e-06
3.377602e+02	1.852028e-06
3.378688e+02	1.812542e-06
3.379784e+02	1.829247e-06
3.380869e+02	1.850509e-06
3.381953e+02	1.803429e-06
3.383036e+02	1.816339e-06
3.384117e+02	1.834563e-06
3.385212e+02	1.842916e-06
3.386311e+02	1.835322e-06
3.387394e+02	1.868733e-06
3.388479e+02	1.848990e-06
3.389561e+02	1.839119e-06
3.390644e+02	1.845193e-06
3.391744e+02	1.839119e-06
3.392814e+02	1.801911e-06
3.393896e+02	1.847471e-06
3.394970e+02	1.829247e-06
3.396080e+02	1.830006e-06
3.397183e+02	1.842916e-06
3.398269e+02	1.844434e-06
3.399359e+02	1.832284e-06
3.400429e+02	1.843674e-06
3.401515e+02	1.827729e-06
3.402604e+02	1.867214e-06
3.403683e+02	1.833803e-06
3.404750e+02	1.874808e-06
3.405868e+02	1.840638e-06
3.406951e+02	1.819376e-06
3.408033e+02	1.857343e-06
3.409138e+02	1.839878e-06
3.410222e+02	1.834563e-06
3.411305e+02	1.828488e-06
3.412387e+02	1.814819e-06
3.413450e+02	1.848231e-06
3.414533e+02	1.864936e-06
3.415606e+02	1.848231e-06
3.416699e+02	1.855824e-06
3.417781e+02	1.828488e-06
3.418944e+02	1.861899e-06
3.420026e+02	1.828488e-06
3.421099e+02	1.799632e-06
3.422173e+02	1.824691e-06
3.423266e+02	1.824691e-06
3.424367e+02	1.845953e-06
3.425452e+02	1.852787e-06
3.426541e+02	1.861899e-06
3.427624e+02	1.825451e-06
3.428715e+02	1.858861e-06
3.429798e+02	1.829247e-06
3.430880e+02	1.811782e-06
3.431968e+02	1.839878e-06
3.433040e+02	1.891513e-06
3.434125e+02	1.834563e-06
3.435246e+02	1.836841e-06
3.436300e+02	1.823172e-06
3.437385e+02	1.858861e-06
3.438465e+02	1.848231e-06
3.439554e+02	1.820894e-06
3.440655e+02	1.870251e-06
3.441746e+02	1.876326e-06
3.442826e+02	1.845953e-06
3.443946e+02	1.843674e-06
3.445058e+02	1.851268e-06
3.446131e+02	1.846712e-06
3.447223e+02	1.871771e-06
3.448302e+02	1.852787e-06
3.449397e+02	1.845953e-06
3.450475e+02	1.807986e-06
3.451583e+02	1.861139e-06
3.452674e+02	1.850509e-06
3.453781e+02	1.853546e-06
3.454883e+02	1.835322e-06
3.455949e+02	1.823932e-06
3.457048e+02	1.794317e-06
3.458177e+02	1.813301e-06
3.459247e+02	1.869493e-06
3.460333e+02	1.810264e-06
3.461417e+02	1.832284e-06
3.462494e+02	1.843674e-06
3.463574e+02	1.845953e-06
3.464658e+02	1.899106e-06
3.465746e+02	1.831526e-06
3.466855e+02	1.867214e-06
3.467943e+02	1.844434e-06
3.469022e+02	1.855065e-06
3.470096e+02	1.836841e-06
3.471191e+02	1.834563e-06
3.472278e+02	1.829247e-06
3.473355e+02	1.860381e-06
3.474435e+02	1.854306e-06
3.475538e+02	1.817098e-06
3.476620e+02	1.860381e-06
3.477712e+02	1.853546e-06
3.478835e+02	1.854306e-06
3.479915e+02	1.852028e-06
3.481027e+02	1.886958e-06
3.482135e+02	1.855065e-06
3.483199e+02	1.853546e-06
3.484307e+02	1.844434e-06
3.485396e+02	1.866455e-06
3.486479e+02	1.842156e-06
3.487570e+02	1.830766e-06
3.488672e+02	1.868733e-06
3.489757e+02	1.825451e-06
3.490872e+02	1.874048e-06
3.491970e+02	1.855824e-06
3.493039e+02	1.869493e-06
3.494141e+02	1.844434e-06
3.495228e+02	1.839878e-06
3.496303e+02	1.877845e-06
3.497394e+02	1.838359e-06
3.498486e+02	1.822413e-06
3.499559e+02	1.861899e-06
3.500646e+02	1.860381e-06
3.501732e+02	1.819376e-06
3.502813e+02	1.851268e-06
3.503898e+02	1.843674e-06
3.504966e+02	1.860381e-06
3.506036e+02	1.883920e-06
3.507226e+02	1.842916e-06
3.508318e+02	1.853546e-06
3.509401e+02	1.857343e-06
3.510495e+02	1.845193e-06
3.511593e+02	1.814819e-06
3.512687e+02	1.848990e-06
3.513799e+02	1.855065e-06
3.514898e+02	1.871771e-06
3.515981e+02	1.850509e-06
3.517060e+02	1.836081e-06
3.518144e+02	1.839878e-06
3.519229e+02	1.845953e-06
3.520301e+02	1.825451e-06
3.521379e+02	1.850509e-06
3.522463e+02	1.831526e-06
3.523548e+02	1.823932e-06
3.524641e+02	1.854306e-06
3.525731e+02	1.854306e-06
3.526815e+02	1.877086e-06
3.527895e+02	1.834563e-06
3.528970e+02	1.834563e-06
3.530057e+02	1.849749e-06
3.531136e+02	1.868733e-06
3.532220e+02	1.832284e-06
3.533294e+02	1.823172e-06
3.534380e+02	1.801911e-06
3.535489e+02	1.806467e-06
3.536583e+02	1.856584e-06
3.537668e+02	1.830006e-06
3.538738e+02	1.837599e-06
3.539841e+02	1.855824e-06
3.540914e+02	1.874048e-06
3.542007e+02	1.848231e-06
3.543091e+02	1.889235e-06
3.544178e+02	1.856584e-06
3.545277e+02	1.869493e-06
3.546348e+02	1.833044e-06
3.547438e+02	1.899866e-06
3.548519e+02	1.855065e-06
3.549600e+02	1.852028e-06
3.550700e+02	1.839119e-06
3.551774e+02	1.863418e-06
3.552859e+02	1.861139e-06
3.553932e+02	1.855065e-06
3.555056e+02	1.855065e-06
3.556135e+02	1.867214e-06
3.557234e+02	1.820136e-06
3.558318e+02	1.876326e-06
3.559383e+02	1.857343e-06
3.560469e+02	1.823932e-06
3.561552e+02	1.857343e-06
3.562650e+02	1.839878e-06
3.563723e+02	1.820136e-06
3.564799e+02	1.858103e-06
3.565875e+02	1.830006e-06
3.566948e+02	1.850509e-06
3.568035e+02	1.833803e-06
3.569112e+02	1.845953e-06
3.570188e+02	1.855065e-06
3.571273e+02	1.840638e-06
3.572350e+02	1.824691e-06
3.573434e+02	1.837599e-06
3.574504e+02	1.865696e-06
3.575592e+02	1.808745e-06
3.576671e+02	1.811782e-06
3.577771e+02	1.830766e-06
3.578853e+02	1.867214e-06
3.579970e+02	1.836081e-06
3.581060e+02	1.819376e-06
3.582137e+02	1.855065e-06
3.583245e+02	1.845193e-06
3.584318e+02	1.825451e-06
3.585410e+02	1.839119e-06
3.586499e+02	1.840638e-06
3.587602e+02	1.836081e-06
3.588691e+02	1.838359e-06
3.589803e+02	1.814819e-06
3.590895e+02	1.821654e-06
3.591972e+02	1.868733e-06
3.593079e+02	1.867974e-06
3.594171e+02	1.819376e-06
3.595244e+02	1.829247e-06
3.596326e+02	1.838359e-06
3.597398e+02	1.852787e-06
3.598500e+02	1.839119e-06
3.599581e+02	1.822413e-06
3.600651e+02	1.862658e-06
