# TEY data for sample P950-Hf15x1 1
# time(s)	normalized_TEY
0.000000e+00	1.851229e-06
1.082350e-01	1.921846e-06
2.164820e-01	1.876286e-06
3.267050e-01	1.862618e-06
4.350230e-01	1.853507e-06
5.432820e-01	1.869453e-06
6.515160e-01	1.868693e-06
7.597560e-01	1.823894e-06
8.679910e-01	1.848950e-06
9.752230e-01	1.856545e-06
1.082995e+00	1.811744e-06
1.191297e+00	1.886158e-06
1.299542e+00	1.818577e-06
1.407771e+00	1.893751e-06
1.517395e+00	1.860341e-06
1.625643e+00	1.860341e-06
1.733056e+00	1.839080e-06
1.840407e+00	1.871731e-06
1.950242e+00	1.857303e-06
2.058571e+00	1.886918e-06
2.166044e+00	1.852748e-06
2.276483e+00	1.855025e-06
2.386968e+00	1.895270e-06
2.494026e+00	1.848950e-06
2.605865e+00	1.871731e-06
2.714813e+00	1.851229e-06
2.821548e+00	1.853507e-06
2.928570e+00	1.858063e-06
3.036208e+00	1.881602e-06
3.146507e+00	1.883880e-06
3.254684e+00	1.830727e-06
3.360761e+00	1.869453e-06
3.470062e+00	1.844395e-06
3.578769e+00	1.854267e-06
3.684704e+00	1.861100e-06
3.793479e+00	1.818577e-06
3.900680e+00	1.849710e-06
4.007854e+00	1.861100e-06
4.115657e+00	1.841357e-06
4.225909e+00	1.870212e-06
4.332660e+00	1.854267e-06
4.440265e+00	1.869453e-06
4.548158e+00	1.839839e-06
4.657420e+00	1.860341e-06
4.767877e+00	1.839839e-06
4.878911e+00	1.866415e-06
4.986470e+00	1.855025e-06
5.093848e+00	1.836802e-06
5.201716e+00	1.854267e-06
5.313189e+00	1.867935e-06
5.422654e+00	1.854267e-06
5.530273e+00	1.858063e-06
5.638982e+00	1.853507e-06
5.745242e+00	1.875528e-06
5.853533e+00	1.872490e-06
5.961677e+00	1.899066e-06
6.071272e+00	1.837561e-06
6.183160e+00	1.858822e-06
6.311155e+00	1.886918e-06
6.420289e+00	1.884640e-06
6.528989e+00	1.853507e-06
6.635980e+00	1.819337e-06
6.742684e+00	1.902863e-06
6.850442e+00	1.825412e-06
6.957654e+00	1.861860e-06
7.065897e+00	1.833764e-06
7.171952e+00	1.830727e-06
7.278420e+00	1.878565e-06
7.387838e+00	1.829209e-06
7.496730e+00	1.858063e-06
7.604138e+00	1.875528e-06
7.711309e+00	1.845914e-06
7.819752e+00	1.865656e-06
7.930398e+00	1.867175e-06
8.039716e+00	1.886918e-06
8.146547e+00	1.870971e-06
8.253590e+00	1.861100e-06
8.360910e+00	1.904381e-06
8.469774e+00	1.857303e-06
8.577507e+00	1.829967e-06
8.686022e+00	1.841357e-06
8.793956e+00	1.861860e-06
8.902070e+00	1.856545e-06
9.009599e+00	1.835283e-06
9.118368e+00	1.864138e-06
9.225519e+00	1.858822e-06
9.333730e+00	1.869453e-06
9.442437e+00	1.870971e-06
9.550325e+00	1.881602e-06
9.656945e+00	1.867175e-06
9.765331e+00	1.854267e-06
9.873582e+00	1.874768e-06
9.979922e+00	1.857303e-06
1.008786e+01	1.852748e-06
1.019660e+01	1.850470e-06
1.030434e+01	1.848192e-06
1.041080e+01	1.874768e-06
1.051994e+01	1.888436e-06
1.062701e+01	1.854267e-06
1.073487e+01	1.843635e-06
1.084276e+01	1.870971e-06
1.095034e+01	1.888436e-06
1.105816e+01	1.843635e-06
1.116639e+01	1.814781e-06
1.127743e+01	1.874008e-06
1.138571e+01	1.858822e-06
1.149476e+01	1.881602e-06
1.160268e+01	1.861100e-06
1.171135e+01	1.872490e-06
1.181776e+01	1.842877e-06
1.192598e+01	1.825412e-06
1.203524e+01	1.847432e-06
1.214449e+01	1.855025e-06
1.225179e+01	1.848192e-06
1.236343e+01	1.855785e-06
1.247035e+01	1.857303e-06
1.257733e+01	1.862618e-06
1.268869e+01	1.842117e-06
1.279740e+01	1.880083e-06
1.290595e+01	1.852748e-06
1.301482e+01	1.848192e-06
1.312240e+01	1.857303e-06
1.323103e+01	1.861100e-06
1.334018e+01	1.823134e-06
1.344744e+01	1.893751e-06
1.355666e+01	1.878565e-06
1.366563e+01	1.878565e-06
1.377261e+01	1.880843e-06
1.388056e+01	1.858822e-06
1.399068e+01	1.881602e-06
1.410036e+01	1.841357e-06
1.420760e+01	1.843635e-06
1.431898e+01	1.863378e-06
1.442873e+01	1.897548e-06
1.453740e+01	1.874008e-06
1.464530e+01	1.840599e-06
1.475314e+01	1.848950e-06
1.486128e+01	1.861100e-06
1.496874e+01	1.878565e-06
1.507729e+01	1.854267e-06
1.518596e+01	1.847432e-06
1.529639e+01	1.834524e-06
1.540400e+01	1.880083e-06
1.551280e+01	1.875528e-06
1.562039e+01	1.855785e-06
1.572897e+01	1.868693e-06
1.583753e+01	1.806429e-06
1.594590e+01	1.845154e-06
1.605434e+01	1.855785e-06
1.616416e+01	1.856545e-06
1.627233e+01	1.826930e-06
1.637954e+01	1.886158e-06
1.648917e+01	1.874008e-06
1.659688e+01	1.856545e-06
1.670459e+01	1.881602e-06
1.681249e+01	1.844395e-06
1.692411e+01	1.905141e-06
1.703107e+01	1.872490e-06
1.713921e+01	1.848950e-06
1.724813e+01	1.840599e-06
1.735670e+01	1.831487e-06
1.746458e+01	1.821615e-06
1.757497e+01	1.879325e-06
1.768282e+01	1.846673e-06
1.778981e+01	1.832245e-06
1.789821e+01	1.889955e-06
1.800657e+01	1.875528e-06
1.811582e+01	1.849710e-06
1.822521e+01	1.867175e-06
1.833437e+01	1.857303e-06
1.847113e+01	1.874768e-06
1.858135e+01	1.836802e-06
1.869126e+01	1.821615e-06
1.879947e+01	1.874008e-06
1.890685e+01	1.877046e-06
1.901397e+01	1.871731e-06
1.912462e+01	1.846673e-06
1.923395e+01	1.853507e-06
1.934281e+01	1.868693e-06
1.945168e+01	1.845914e-06
1.956382e+01	1.908938e-06
1.967188e+01	1.886158e-06
1.978128e+01	1.854267e-06
1.989068e+01	1.899066e-06
1.999807e+01	1.858822e-06
2.010735e+01	1.880083e-06
2.021683e+01	1.878565e-06
2.032700e+01	1.851229e-06
2.043525e+01	1.870212e-06
2.054525e+01	1.864138e-06
2.065388e+01	1.877046e-06
2.076111e+01	1.879325e-06
2.086845e+01	1.845914e-06
2.097788e+01	1.846673e-06
2.108616e+01	1.832245e-06
2.119405e+01	1.818577e-06
2.130291e+01	1.848192e-06
2.141023e+01	1.842877e-06
2.151679e+01	1.802632e-06
2.162656e+01	1.849710e-06
2.173504e+01	1.836042e-06
2.184224e+01	1.867175e-06
2.195047e+01	1.817819e-06
2.205804e+01	1.857303e-06
2.216628e+01	1.848950e-06
2.227545e+01	1.855785e-06
2.238455e+01	1.883880e-06
2.249329e+01	1.820856e-06
2.260200e+01	1.849710e-06
2.271161e+01	1.842117e-06
2.282184e+01	1.851229e-06
2.293406e+01	1.863378e-06
2.304228e+01	1.854267e-06
2.315082e+01	1.851988e-06
2.326187e+01	1.848192e-06
2.337099e+01	1.834524e-06
2.348313e+01	1.840599e-06
2.359139e+01	1.851988e-06
2.369811e+01	1.870212e-06
2.380568e+01	1.829967e-06
2.391485e+01	1.844395e-06
2.402216e+01	1.870971e-06
2.413295e+01	1.855785e-06
2.424179e+01	1.836802e-06
2.434973e+01	1.851988e-06
2.445876e+01	1.848192e-06
2.456910e+01	1.880083e-06
2.467842e+01	1.857303e-06
2.479037e+01	1.837561e-06
2.489807e+01	1.880843e-06
2.500534e+01	1.881602e-06
2.511255e+01	1.853507e-06
2.522077e+01	1.867935e-06
2.533083e+01	1.905141e-06
2.544105e+01	1.884640e-06
2.554944e+01	1.869453e-06
2.565768e+01	1.873250e-06
2.576993e+01	1.858063e-06
2.587816e+01	1.819337e-06
2.598641e+01	1.898308e-06
2.609503e+01	1.858822e-06
2.620142e+01	1.869453e-06
2.631029e+01	1.866415e-06
2.641870e+01	1.853507e-06
2.652680e+01	1.839839e-06
2.663687e+01	1.845914e-06
2.674477e+01	1.865656e-06
2.685232e+01	1.847432e-06
2.696085e+01	1.848950e-06
2.706981e+01	1.880083e-06
2.717770e+01	1.855785e-06
2.728992e+01	1.873250e-06
2.739910e+01	1.849710e-06
2.750590e+01	1.852748e-06
2.761664e+01	1.814781e-06
2.772407e+01	1.855785e-06
2.783243e+01	1.857303e-06
2.796594e+01	1.893751e-06
2.807596e+01	1.843635e-06
2.818341e+01	1.874768e-06
2.829155e+01	1.855785e-06
2.839938e+01	1.860341e-06
2.850667e+01	1.858063e-06
2.862009e+01	1.861100e-06
2.873139e+01	1.850470e-06
2.883780e+01	1.874008e-06
2.894635e+01	1.876286e-06
2.905572e+01	1.853507e-06
2.916500e+01	1.844395e-06
2.927365e+01	1.845154e-06
2.938082e+01	1.870971e-06
2.949205e+01	1.857303e-06
2.959954e+01	1.855785e-06
2.970714e+01	1.855785e-06
2.981521e+01	1.852748e-06
2.992409e+01	1.829209e-06
3.003158e+01	1.845154e-06
3.013935e+01	1.871731e-06
3.024576e+01	1.881602e-06
3.035677e+01	1.846673e-06
3.046410e+01	1.836802e-06
3.057229e+01	1.834524e-06
3.068147e+01	1.852748e-06
3.079075e+01	1.862618e-06
3.090041e+01	1.848950e-06
3.100930e+01	1.862618e-06
3.111907e+01	1.860341e-06
3.122838e+01	1.891473e-06
3.133679e+01	1.846673e-06
3.144614e+01	1.864897e-06
3.155449e+01	1.861100e-06
3.166371e+01	1.878565e-06
3.177298e+01	1.897548e-06
3.188003e+01	1.880083e-06
3.198794e+01	1.881602e-06
3.209914e+01	1.857303e-06
3.220557e+01	1.871731e-06
3.231315e+01	1.826171e-06
3.242060e+01	1.851229e-06
3.252883e+01	1.842877e-06
3.263536e+01	1.869453e-06
3.274356e+01	1.845154e-06
3.285069e+01	1.871731e-06
3.295775e+01	1.836802e-06
3.306603e+01	1.839080e-06
3.317793e+01	1.861860e-06
3.328822e+01	1.868693e-06
3.339608e+01	1.867935e-06
3.350431e+01	1.880843e-06
3.361155e+01	1.870971e-06
3.372029e+01	1.834524e-06
3.382654e+01	1.840599e-06
3.393476e+01	1.876286e-06
3.404608e+01	1.891473e-06
3.415442e+01	1.866415e-06
3.426276e+01	1.907419e-06
3.437298e+01	1.854267e-06
3.448142e+01	1.874008e-06
3.458976e+01	1.866415e-06
3.469916e+01	1.867175e-06
3.480972e+01	1.857303e-06
3.491824e+01	1.840599e-06
3.502642e+01	1.889955e-06
3.513850e+01	1.902863e-06
3.524760e+01	1.880843e-06
3.535510e+01	1.860341e-06
3.546521e+01	1.849710e-06
3.557410e+01	1.862618e-06
3.568221e+01	1.839839e-06
3.579164e+01	1.884640e-06
3.590083e+01	1.848192e-06
3.600990e+01	1.872490e-06
3.612062e+01	1.882361e-06
3.622749e+01	1.851988e-06
3.633730e+01	1.874768e-06
3.644858e+01	1.870212e-06
3.655592e+01	1.864897e-06
3.666266e+01	1.867175e-06
3.677116e+01	1.839839e-06
3.687855e+01	1.893751e-06
3.698599e+01	1.860341e-06
3.709262e+01	1.881602e-06
3.720266e+01	1.889955e-06
3.730958e+01	1.852748e-06
3.742207e+01	1.833764e-06
3.753166e+01	1.863378e-06
3.763952e+01	1.862618e-06
3.774896e+01	1.879325e-06
3.785646e+01	1.865656e-06
3.796516e+01	1.892233e-06
3.807230e+01	1.885398e-06
3.818228e+01	1.857303e-06
3.829123e+01	1.852748e-06
3.840065e+01	1.871731e-06
3.851037e+01	1.861860e-06
3.861916e+01	1.856545e-06
3.872771e+01	1.844395e-06
3.883478e+01	1.876286e-06
3.894384e+01	1.866415e-06
3.905166e+01	1.854267e-06
3.916066e+01	1.845154e-06
3.926991e+01	1.860341e-06
3.937779e+01	1.857303e-06
3.948865e+01	1.843635e-06
3.959695e+01	1.820856e-06
3.970440e+01	1.857303e-06
3.981224e+01	1.865656e-06
3.991998e+01	1.872490e-06
4.002659e+01	1.883880e-06
4.013407e+01	1.849710e-06
4.024315e+01	1.852748e-06
4.035268e+01	1.859582e-06
4.045991e+01	1.865656e-06
4.056881e+01	1.852748e-06
4.067622e+01	1.862618e-06
4.078345e+01	1.871731e-06
4.089155e+01	1.866415e-06
4.099981e+01	1.899826e-06
4.110823e+01	1.870971e-06
4.121669e+01	1.898308e-06
4.132374e+01	1.845914e-06
4.143167e+01	1.851229e-06
4.154138e+01	1.860341e-06
4.164910e+01	1.881602e-06
4.175700e+01	1.842877e-06
4.186616e+01	1.863378e-06
4.197354e+01	1.870971e-06
4.208223e+01	1.867175e-06
4.218986e+01	1.886158e-06
4.229879e+01	1.881602e-06
4.240525e+01	1.880083e-06
4.251337e+01	1.845914e-06
4.262067e+01	1.871731e-06
4.272848e+01	1.858063e-06
4.283522e+01	1.863378e-06
4.294278e+01	1.815541e-06
4.305135e+01	1.855025e-06
4.315989e+01	1.827690e-06
4.326783e+01	1.846673e-06
4.337642e+01	1.895270e-06
4.348369e+01	1.868693e-06
4.359173e+01	1.861100e-06
4.370031e+01	1.868693e-06
4.380957e+01	1.871731e-06
4.391800e+01	1.894511e-06
4.402927e+01	1.844395e-06
4.413766e+01	1.873250e-06
4.424627e+01	1.908178e-06
4.435410e+01	1.847432e-06
4.446488e+01	1.877046e-06
4.457415e+01	1.900585e-06
4.468243e+01	1.807947e-06
4.479377e+01	1.867935e-06
4.490103e+01	1.864897e-06
4.501204e+01	1.869453e-06
4.512073e+01	1.858822e-06
4.522934e+01	1.875528e-06
4.534061e+01	1.915012e-06
4.544915e+01	1.878565e-06
4.555801e+01	1.895270e-06
4.566728e+01	1.854267e-06
4.577560e+01	1.868693e-06
4.588583e+01	1.860341e-06
4.599406e+01	1.908938e-06
4.610144e+01	1.876286e-06
4.620793e+01	1.862618e-06
4.631692e+01	1.895270e-06
4.642744e+01	1.862618e-06
4.653749e+01	1.865656e-06
4.664506e+01	1.880083e-06
4.675329e+01	1.874768e-06
4.686185e+01	1.869453e-06
4.696968e+01	1.909697e-06
4.707795e+01	1.876286e-06
4.719128e+01	1.880843e-06
4.729933e+01	1.881602e-06
4.743234e+01	1.874008e-06
4.753932e+01	1.865656e-06
4.764752e+01	1.861100e-06
4.775648e+01	1.883121e-06
4.786348e+01	1.875528e-06
4.797156e+01	1.898308e-06
4.807920e+01	1.875528e-06
4.818905e+01	1.881602e-06
4.829902e+01	1.877805e-06
4.840757e+01	1.849710e-06
4.851794e+01	1.858822e-06
4.862759e+01	1.858822e-06
4.873446e+01	1.858822e-06
4.884271e+01	1.855025e-06
4.895077e+01	1.874008e-06
4.905800e+01	1.856545e-06
4.916622e+01	1.848192e-06
4.927445e+01	1.836042e-06
4.938217e+01	1.858822e-06
4.948984e+01	1.863378e-06
4.959593e+01	1.876286e-06
4.970766e+01	1.823134e-06
4.981585e+01	1.858822e-06
4.992516e+01	1.872490e-06
5.003460e+01	1.886918e-06
5.014444e+01	1.843635e-06
5.025159e+01	1.871731e-06
5.035897e+01	1.851988e-06
5.046737e+01	1.873250e-06
5.057742e+01	1.837561e-06
5.068461e+01	1.867175e-06
5.079583e+01	1.828449e-06
5.090437e+01	1.905901e-06
5.101284e+01	1.842877e-06
5.112079e+01	1.842877e-06
5.123045e+01	1.830727e-06
5.133719e+01	1.855025e-06
5.144552e+01	1.874768e-06
5.155591e+01	1.828449e-06
5.166565e+01	1.868693e-06
5.177319e+01	1.853507e-06
5.188140e+01	1.842877e-06
5.199030e+01	1.836802e-06
5.209844e+01	1.876286e-06
5.220579e+01	1.855785e-06
5.231401e+01	1.839080e-06
5.242446e+01	1.851229e-06
5.253320e+01	1.851229e-06
5.264081e+01	1.858822e-06
5.274869e+01	1.866415e-06
5.285726e+01	1.843635e-06
5.296707e+01	1.863378e-06
5.307613e+01	1.880843e-06
5.318339e+01	1.833005e-06
5.329182e+01	1.857303e-06
5.339965e+01	1.855025e-06
5.350788e+01	1.853507e-06
5.361628e+01	1.851229e-06
5.372421e+01	1.859582e-06
5.383256e+01	1.834524e-06
5.394109e+01	1.878565e-06
5.404908e+01	1.857303e-06
5.415690e+01	1.823894e-06
5.426438e+01	1.858822e-06
5.437267e+01	1.857303e-06
5.447995e+01	1.872490e-06
5.458820e+01	1.867175e-06
5.469756e+01	1.863378e-06
5.480566e+01	1.871731e-06
5.491514e+01	1.884640e-06
5.502422e+01	1.863378e-06
5.513082e+01	1.854267e-06
5.523918e+01	1.862618e-06
5.534725e+01	1.873250e-06
5.545549e+01	1.869453e-06
5.556476e+01	1.874768e-06
5.567698e+01	1.848192e-06
5.578631e+01	1.842117e-06
5.589354e+01	1.850470e-06
5.600121e+01	1.870971e-06
5.610959e+01	1.872490e-06
5.621727e+01	1.892991e-06
5.632962e+01	1.850470e-06
5.643872e+01	1.887676e-06
5.654744e+01	1.863378e-06
5.665662e+01	1.857303e-06
5.676428e+01	1.863378e-06
5.687286e+01	1.881602e-06
5.698542e+01	1.880083e-06
5.709572e+01	1.864897e-06
5.720389e+01	1.880843e-06
5.731196e+01	1.863378e-06
5.742035e+01	1.864138e-06
5.752960e+01	1.866415e-06
5.763767e+01	1.852748e-06
5.774593e+01	1.865656e-06
5.785392e+01	1.862618e-06
5.796087e+01	1.864138e-06
5.806988e+01	1.848192e-06
5.817789e+01	1.863378e-06
5.828578e+01	1.864897e-06
5.839501e+01	1.889195e-06
5.850247e+01	1.880843e-06
5.861014e+01	1.864897e-06
5.871877e+01	1.854267e-06
5.882918e+01	1.907419e-06
5.893755e+01	1.833005e-06
5.904543e+01	1.879325e-06
5.915679e+01	1.873250e-06
5.926519e+01	1.867935e-06
5.937356e+01	1.876286e-06
5.949077e+01	1.864138e-06
5.959774e+01	1.867175e-06
5.970690e+01	1.804911e-06
5.981585e+01	1.872490e-06
5.992535e+01	1.862618e-06
6.003614e+01	9.894911e-04
6.014509e+01	1.234602e-03
6.025568e+01	1.162515e-03
6.036380e+01	1.090366e-03
6.047116e+01	1.029244e-03
6.058192e+01	9.778955e-04
6.069090e+01	9.382709e-04
6.080331e+01	9.047635e-04
6.091323e+01	8.782236e-04
6.101968e+01	8.562942e-04
6.112867e+01	8.372990e-04
6.123968e+01	8.210236e-04
6.135011e+01	8.075798e-04
6.146077e+01	7.957039e-04
6.156891e+01	7.853513e-04
6.168157e+01	7.764079e-04
6.178958e+01	7.684943e-04
6.190071e+01	7.613065e-04
6.200873e+01	7.550186e-04
6.211817e+01	7.491717e-04
6.222519e+01	7.439840e-04
6.233326e+01	7.391654e-04
6.244292e+01	7.347553e-04
6.255232e+01	7.309093e-04
6.266038e+01	7.271976e-04
6.276906e+01	7.237822e-04
6.288038e+01	7.207942e-04
6.298976e+01	7.179969e-04
6.309603e+01	7.153036e-04
6.320442e+01	7.128381e-04
6.331282e+01	7.104766e-04
6.341948e+01	7.083573e-04
6.352828e+01	7.060938e-04
6.363998e+01	7.043268e-04
6.375035e+01	7.024209e-04
6.386127e+01	7.006532e-04
6.397100e+01	6.991004e-04
6.407872e+01	6.974147e-04
6.418636e+01	6.960896e-04
6.429579e+01	6.947161e-04
6.440510e+01	6.933956e-04
6.451247e+01	6.922011e-04
6.462128e+01	6.909809e-04
6.472947e+01	6.898290e-04
6.483887e+01	6.885959e-04
6.494638e+01	6.876779e-04
6.505807e+01	6.865753e-04
6.516731e+01	6.855617e-04
6.527592e+01	6.848008e-04
6.538614e+01	6.838842e-04
6.549578e+01	6.829845e-04
6.560693e+01	6.822479e-04
6.571592e+01	6.813026e-04
6.582506e+01	6.805796e-04
6.593531e+01	6.799259e-04
6.604523e+01	6.791568e-04
6.615278e+01	6.784810e-04
6.626097e+01	6.778013e-04
6.636977e+01	6.772706e-04
6.648001e+01	6.765621e-04
6.658824e+01	6.758551e-04
6.669705e+01	6.754292e-04
6.680556e+01	6.747488e-04
6.691664e+01	6.741580e-04
6.702504e+01	6.736538e-04
6.713478e+01	6.732021e-04
6.724428e+01	6.726257e-04
6.735799e+01	6.721854e-04
6.746509e+01	6.716744e-04
6.757246e+01	6.712469e-04
6.768099e+01	6.707221e-04
6.779141e+01	6.703257e-04
6.790068e+01	6.700000e-04
6.800992e+01	6.694138e-04
6.811815e+01	6.690289e-04
6.822738e+01	6.686097e-04
6.833566e+01	6.682847e-04
6.844449e+01	6.680060e-04
6.855303e+01	6.675565e-04
6.866229e+01	6.671586e-04
6.877152e+01	6.668086e-04
6.887855e+01	6.664061e-04
6.898829e+01	6.660189e-04
6.909796e+01	6.656931e-04
6.920784e+01	6.652117e-04
6.931652e+01	6.649201e-04
6.942681e+01	6.647440e-04
6.953321e+01	6.645124e-04
6.964200e+01	6.640499e-04
6.975056e+01	6.636854e-04
6.986219e+01	6.633423e-04
6.997008e+01	6.632238e-04
7.007790e+01	6.628639e-04
7.021667e+01	6.624310e-04
7.032672e+01	6.622359e-04
7.043496e+01	6.619678e-04
7.054577e+01	6.616717e-04
7.065301e+01	6.613702e-04
7.076302e+01	6.611592e-04
7.087107e+01	6.609011e-04
7.097932e+01	6.606109e-04
7.108755e+01	6.605024e-04
7.119717e+01	6.601622e-04
7.130545e+01	6.598266e-04
7.141469e+01	6.597119e-04
7.152354e+01	6.595669e-04
7.163209e+01	6.590976e-04
7.174134e+01	6.589268e-04
7.185050e+01	6.587247e-04
7.195959e+01	6.586101e-04
7.206970e+01	6.582450e-04
7.217808e+01	6.581469e-04
7.228688e+01	6.579625e-04
7.239542e+01	6.577080e-04
7.250361e+01	6.575789e-04
7.261247e+01	6.574309e-04
7.272175e+01	6.570846e-04
7.282876e+01	6.570998e-04
7.293916e+01	6.568728e-04
7.304999e+01	6.564331e-04
7.315725e+01	6.565144e-04
7.326428e+01	6.562949e-04
7.337386e+01	6.560383e-04
7.348386e+01	6.558591e-04
7.359291e+01	6.557513e-04
7.370246e+01	6.555592e-04
7.381309e+01	6.553670e-04
7.392284e+01	6.551954e-04
7.403208e+01	6.549911e-04
7.414205e+01	6.547725e-04
7.425054e+01	6.546138e-04
7.435985e+01	6.546009e-04
7.447104e+01	6.543336e-04
7.457983e+01	6.541498e-04
7.468885e+01	6.539623e-04
7.480007e+01	6.537907e-04
7.490929e+01	6.537983e-04
7.501615e+01	6.534627e-04
7.512440e+01	6.532030e-04
7.523362e+01	6.533101e-04
7.534185e+01	6.531119e-04
7.545047e+01	6.528469e-04
7.555960e+01	6.528035e-04
7.566955e+01	6.525622e-04
7.577905e+01	6.524049e-04
7.588801e+01	6.522561e-04
7.599500e+01	6.521429e-04
7.610567e+01	6.519562e-04
7.621735e+01	6.519379e-04
7.632905e+01	6.516889e-04
7.643925e+01	6.516433e-04
7.654742e+01	6.514946e-04
7.665507e+01	6.512234e-04
7.676400e+01	6.511839e-04
7.687211e+01	6.511293e-04
7.698081e+01	6.508241e-04
7.709116e+01	6.508362e-04
7.720211e+01	6.505940e-04
7.731051e+01	6.504215e-04
7.741874e+01	6.503563e-04
7.752700e+01	6.503396e-04
7.763521e+01	6.501498e-04
7.774693e+01	6.501490e-04
7.785557e+01	6.500624e-04
7.796534e+01	6.498847e-04
7.807565e+01	6.497086e-04
7.818471e+01	6.496569e-04
7.829589e+01	6.494193e-04
7.840636e+01	6.493319e-04
7.851697e+01	6.433955e-04
7.862773e+01	6.488551e-04
7.873563e+01	6.496122e-04
7.884701e+01	6.495628e-04
7.895556e+01	6.494853e-04
7.906682e+01	6.493433e-04
7.917831e+01	6.491315e-04
7.928659e+01	6.490836e-04
7.939592e+01	6.490328e-04
7.950551e+01	6.489819e-04
7.961361e+01	6.487883e-04
7.972311e+01	6.485650e-04
7.983384e+01	6.484739e-04
7.994160e+01	6.484626e-04
8.004984e+01	6.483068e-04
8.015970e+01	6.483000e-04
8.026864e+01	6.480449e-04
8.037770e+01	6.479979e-04
8.048793e+01	6.479454e-04
8.059630e+01	6.478011e-04
8.070395e+01	6.477198e-04
8.081694e+01	6.476227e-04
8.092748e+01	6.475878e-04
8.103648e+01	6.474929e-04
8.114651e+01	6.473637e-04
8.125500e+01	6.472703e-04
8.136392e+01	6.472233e-04
8.147365e+01	6.470585e-04
8.158182e+01	6.469347e-04
8.169240e+01	6.470334e-04
8.180264e+01	6.468399e-04
8.191201e+01	6.466888e-04
8.201933e+01	6.465969e-04
8.212995e+01	6.465991e-04
8.223920e+01	6.465110e-04
8.235013e+01	6.463272e-04
8.245997e+01	6.463364e-04
8.256806e+01	6.462408e-04
8.268208e+01	6.460654e-04
8.279067e+01	6.461002e-04
8.289971e+01	6.460395e-04
8.301030e+01	6.459462e-04
8.311929e+01	6.458937e-04
8.322885e+01	6.457274e-04
8.333816e+01	6.457023e-04
8.345115e+01	6.455930e-04
8.355993e+01	6.455505e-04
8.366910e+01	6.454859e-04
8.378051e+01	6.454138e-04
8.388921e+01	6.453531e-04
8.399829e+01	6.453083e-04
8.410572e+01	6.451640e-04
8.421577e+01	6.450895e-04
8.432380e+01	6.449659e-04
8.443220e+01	6.448740e-04
8.454128e+01	6.448330e-04
8.465030e+01	6.447570e-04
8.476000e+01	6.445550e-04
8.486741e+01	6.445619e-04
8.497876e+01	6.445057e-04
8.508801e+01	6.444556e-04
8.519793e+01	6.443356e-04
8.530892e+01	6.442824e-04
8.541650e+01	6.442878e-04
8.552729e+01	6.441169e-04
8.563573e+01	6.441200e-04
8.574453e+01	6.439999e-04
8.585393e+01	6.438359e-04
8.596242e+01	6.439415e-04
8.607385e+01	6.438564e-04
8.618609e+01	6.437312e-04
8.629499e+01	6.437167e-04
8.640378e+01	6.436409e-04
8.651272e+01	6.434609e-04
8.662190e+01	6.434479e-04
8.673212e+01	6.434062e-04
8.684076e+01	6.433029e-04
8.695044e+01	6.432885e-04
8.705965e+01	6.432148e-04
8.717086e+01	6.432011e-04
8.727996e+01	6.431222e-04
8.738721e+01	6.430508e-04
8.749558e+01	6.429338e-04
8.760493e+01	6.429384e-04
8.771296e+01	6.428360e-04
8.782162e+01	6.427972e-04
8.793144e+01	6.427159e-04
8.804224e+01	6.426362e-04
8.815311e+01	6.426044e-04
8.826261e+01	6.424715e-04
8.837288e+01	6.425542e-04
8.848172e+01	6.424631e-04
8.859097e+01	6.423545e-04
8.870031e+01	6.423803e-04
8.881065e+01	6.423659e-04
8.891791e+01	6.422649e-04
8.902837e+01	6.422580e-04
8.913747e+01	6.421176e-04
8.924776e+01	6.420797e-04
8.935666e+01	6.420789e-04
8.946646e+01	6.420029e-04
8.957638e+01	6.418823e-04
8.968730e+01	6.419125e-04
8.979749e+01	6.419551e-04
8.990671e+01	6.417166e-04
9.001533e+01	6.417995e-04
9.012423e+01	6.417190e-04
9.023383e+01	6.415778e-04
9.034224e+01	6.415998e-04
9.045059e+01	6.416408e-04
9.055785e+01	6.415040e-04
9.066756e+01	6.414388e-04
9.077810e+01	6.414381e-04
9.088784e+01	6.413446e-04
9.099807e+01	6.413105e-04
9.110798e+01	6.412444e-04
9.121645e+01	6.411996e-04
9.132660e+01	6.410910e-04
9.143449e+01	6.411289e-04
9.154157e+01	6.409908e-04
9.164863e+01	6.409513e-04
9.176104e+01	6.409938e-04
9.187004e+01	6.408253e-04
9.197787e+01	6.407964e-04
9.208583e+01	6.408815e-04
9.219806e+01	6.407683e-04
9.230855e+01	6.406878e-04
9.241781e+01	6.405990e-04
9.252595e+01	6.406658e-04
9.263724e+01	6.405481e-04
9.274459e+01	6.405693e-04
9.285326e+01	6.405754e-04
9.296303e+01	6.404335e-04
9.307226e+01	6.403628e-04
9.318044e+01	6.403476e-04
9.328982e+01	6.403454e-04
9.339867e+01	6.402253e-04
9.350721e+01	6.402724e-04
9.361538e+01	6.400940e-04
9.372547e+01	6.400333e-04
9.383386e+01	6.401905e-04
9.394428e+01	6.402041e-04
9.405495e+01	6.400082e-04
9.416541e+01	6.400523e-04
9.427460e+01	6.399869e-04
9.438257e+01	6.399254e-04
9.449311e+01	6.399080e-04
9.460193e+01	6.399384e-04
9.471519e+01	6.398609e-04
9.482355e+01	6.397273e-04
9.493291e+01	6.398912e-04
9.504158e+01	6.396643e-04
9.515232e+01	6.396718e-04
9.526153e+01	6.396354e-04
9.537056e+01	6.397386e-04
9.547938e+01	6.395777e-04
9.558867e+01	6.395845e-04
9.569764e+01	6.395572e-04
9.580472e+01	6.393446e-04
9.591292e+01	6.394812e-04
9.602207e+01	6.393605e-04
9.613035e+01	6.393339e-04
9.623866e+01	6.394364e-04
9.634774e+01	6.394303e-04
9.645741e+01	6.392412e-04
9.656715e+01	6.391775e-04
9.667502e+01	6.391980e-04
9.678471e+01	6.390720e-04
9.689379e+01	6.391548e-04
9.700202e+01	6.390636e-04
9.711036e+01	6.391024e-04
9.721873e+01	6.390902e-04
9.732900e+01	6.389915e-04
9.743786e+01	6.389937e-04
9.754622e+01	6.389429e-04
9.765849e+01	6.326291e-04
9.776656e+01	6.388662e-04
9.787587e+01	6.394296e-04
9.799065e+01	6.393597e-04
9.810127e+01	6.393924e-04
9.820967e+01	6.393908e-04
9.831989e+01	6.392428e-04
9.842862e+01	6.392428e-04
9.853788e+01	6.392617e-04
9.864685e+01	6.392504e-04
9.875629e+01	6.391699e-04
9.886508e+01	6.392071e-04
9.897553e+01	6.391068e-04
9.908362e+01	6.391123e-04
9.919224e+01	6.390013e-04
9.930046e+01	6.390506e-04
9.940889e+01	6.389581e-04
9.951713e+01	6.390074e-04
9.962629e+01	6.389178e-04
9.973453e+01	6.388024e-04
9.984445e+01	6.388054e-04
9.995597e+01	6.388798e-04
1.000673e+02	6.388547e-04
1.001774e+02	6.386832e-04
1.002884e+02	6.387265e-04
1.003955e+02	6.386998e-04
1.005059e+02	6.386604e-04
1.006158e+02	6.386088e-04
1.007255e+02	6.385647e-04
1.008342e+02	6.385366e-04
1.009455e+02	6.385260e-04
1.010540e+02	6.384774e-04
1.011653e+02	6.384273e-04
1.012738e+02	6.384524e-04
1.013828e+02	6.383704e-04
1.014921e+02	6.383118e-04
1.016012e+02	6.383384e-04
1.017097e+02	6.383369e-04
1.018227e+02	6.382466e-04
1.019347e+02	6.382527e-04
1.020444e+02	6.382360e-04
1.021539e+02	6.381569e-04
1.022651e+02	6.382208e-04
1.023734e+02	6.380833e-04
1.024832e+02	6.382003e-04
1.025934e+02	6.380780e-04
1.027017e+02	6.380636e-04
1.028110e+02	6.380134e-04
1.029210e+02	6.379982e-04
1.030296e+02	6.380597e-04
1.031392e+02	6.378950e-04
1.032485e+02	6.379307e-04
1.033580e+02	6.379557e-04
1.034673e+02	6.379405e-04
1.035776e+02	6.378775e-04
1.036865e+02	6.378076e-04
1.038004e+02	6.378085e-04
1.039095e+02	6.377765e-04
1.040188e+02	6.377181e-04
1.041281e+02	6.377325e-04
1.042356e+02	6.376908e-04
1.043447e+02	6.377036e-04
1.044529e+02	6.376619e-04
1.045616e+02	6.374826e-04
1.046724e+02	6.376649e-04
1.047809e+02	6.375344e-04
1.048889e+02	6.375093e-04
1.049980e+02	6.375928e-04
1.051058e+02	6.373817e-04
1.052149e+02	6.375351e-04
1.053232e+02	6.373528e-04
1.054325e+02	6.374553e-04
1.055428e+02	6.374645e-04
1.056514e+02	6.373703e-04
1.057607e+02	6.373794e-04
1.058689e+02	6.373590e-04
1.059784e+02	6.373195e-04
1.060878e+02	6.373938e-04
1.061964e+02	6.373354e-04
1.063076e+02	6.373445e-04
1.064173e+02	6.372519e-04
1.065266e+02	6.373103e-04
1.066351e+02	6.371896e-04
1.067441e+02	6.372040e-04
1.068524e+02	6.372883e-04
1.069610e+02	6.371600e-04
1.070695e+02	6.372473e-04
1.071771e+02	6.371554e-04
1.072852e+02	6.371865e-04
1.073959e+02	6.371060e-04
1.075039e+02	6.370681e-04
1.076134e+02	6.370582e-04
1.077218e+02	6.370430e-04
1.078324e+02	6.370408e-04
1.079424e+02	6.369754e-04
1.080547e+02	6.369952e-04
1.081648e+02	6.369945e-04
1.082746e+02	6.368532e-04
1.083831e+02	6.369026e-04
1.084936e+02	6.369178e-04
1.086025e+02	6.369139e-04
1.087163e+02	6.368669e-04
1.088278e+02	6.368099e-04
1.089395e+02	6.368775e-04
1.090522e+02	6.367195e-04
1.091608e+02	6.367621e-04
1.092735e+02	6.368015e-04
1.093848e+02	6.368137e-04
1.094934e+02	6.366725e-04
1.096023e+02	6.366900e-04
1.097137e+02	6.367340e-04
1.098255e+02	6.366611e-04
1.099359e+02	6.366178e-04
1.100457e+02	6.366930e-04
1.101570e+02	6.365875e-04
1.102682e+02	6.365305e-04
1.103771e+02	6.367120e-04
1.104853e+02	6.367120e-04
1.105967e+02	6.365851e-04
1.107059e+02	6.365313e-04
1.108185e+02	6.365426e-04
1.109289e+02	6.364902e-04
1.110378e+02	6.363908e-04
1.111454e+02	6.365609e-04
1.112553e+02	6.364531e-04
1.113648e+02	6.364272e-04
1.114753e+02	6.364234e-04
1.115856e+02	6.363915e-04
1.116949e+02	6.362716e-04
1.118025e+02	6.364569e-04
1.119100e+02	6.363179e-04
1.120189e+02	6.362799e-04
1.121316e+02	6.364280e-04
1.122761e+02	6.363573e-04
1.123853e+02	6.362859e-04
1.124956e+02	6.362572e-04
1.126037e+02	6.362420e-04
1.127140e+02	6.362594e-04
1.128223e+02	6.362070e-04
1.129326e+02	6.362868e-04
1.130429e+02	6.361516e-04
1.131512e+02	6.361311e-04
1.132595e+02	6.361501e-04
1.133679e+02	6.362147e-04
1.134810e+02	6.360301e-04
1.135899e+02	6.360680e-04
1.137016e+02	6.361364e-04
1.138113e+02	6.360992e-04
1.139208e+02	6.360651e-04
1.140300e+02	6.359367e-04
1.141386e+02	6.360407e-04
1.142474e+02	6.360202e-04
1.143577e+02	6.359732e-04
1.144669e+02	6.360133e-04
1.145752e+02	6.360157e-04
1.146857e+02	6.359254e-04
1.147954e+02	6.359086e-04
1.149040e+02	6.359459e-04
1.150146e+02	6.358273e-04
1.151228e+02	6.360635e-04
1.152320e+02	6.358745e-04
1.153405e+02	6.359063e-04
1.154500e+02	6.359010e-04
1.155584e+02	6.358015e-04
1.156672e+02	6.357590e-04
1.157764e+02	6.359655e-04
1.158854e+02	6.358516e-04
1.159951e+02	6.357947e-04
1.161039e+02	6.358531e-04
1.162126e+02	6.357833e-04
1.163230e+02	6.358038e-04
1.164337e+02	6.358007e-04
1.165425e+02	6.357051e-04
1.166538e+02	6.357112e-04
1.167650e+02	6.303580e-04
1.168745e+02	6.353483e-04
1.169828e+02	6.363035e-04
1.170925e+02	6.363392e-04
1.172028e+02	6.363148e-04
1.173130e+02	6.363824e-04
1.174222e+02	6.363247e-04
1.175315e+02	6.363103e-04
1.176412e+02	6.363141e-04
1.177496e+02	6.362586e-04
1.178602e+02	6.362138e-04
1.179701e+02	6.362974e-04
1.180827e+02	6.363597e-04
1.181912e+02	6.362253e-04
1.183043e+02	6.361759e-04
1.184126e+02	6.360939e-04
1.185200e+02	6.362654e-04
1.186307e+02	6.362222e-04
1.187382e+02	6.361372e-04
1.188475e+02	6.362647e-04
1.189567e+02	6.361409e-04
1.190669e+02	6.359997e-04
1.191754e+02	6.361804e-04
1.192852e+02	6.360285e-04
1.193960e+02	6.360461e-04
1.195038e+02	6.361098e-04
1.196128e+02	6.360384e-04
1.197209e+02	6.360612e-04
1.198304e+02	6.360080e-04
1.199391e+02	6.359876e-04
1.200503e+02	6.360514e-04
1.201716e+02	6.359549e-04
1.202807e+02	6.360514e-04
1.203894e+02	6.359906e-04
1.205003e+02	6.359884e-04
1.206089e+02	6.359382e-04
1.207179e+02	6.359420e-04
1.208275e+02	6.359307e-04
1.209429e+02	6.358448e-04
1.210519e+02	6.359238e-04
1.211626e+02	6.359663e-04
1.212706e+02	6.358661e-04
1.213809e+02	6.359025e-04
1.214915e+02	6.358919e-04
1.216026e+02	6.358145e-04
1.217226e+02	6.358418e-04
1.218319e+02	6.358418e-04
1.219419e+02	6.358357e-04
1.220516e+02	6.357970e-04
1.221600e+02	6.357833e-04
1.222705e+02	6.357097e-04
1.223780e+02	6.357385e-04
1.224860e+02	6.356603e-04
1.225969e+02	6.357544e-04
1.227047e+02	6.357339e-04
1.228144e+02	6.357370e-04
1.229222e+02	6.357172e-04
1.230305e+02	6.356322e-04
1.231403e+02	6.356717e-04
1.232515e+02	6.356733e-04
1.233626e+02	6.355821e-04
1.234711e+02	6.355768e-04
1.235821e+02	6.355616e-04
1.236925e+02	6.355874e-04
1.238007e+02	6.356216e-04
1.239107e+02	6.355631e-04
1.240181e+02	6.354477e-04
1.241287e+02	6.355821e-04
1.242372e+02	6.355799e-04
1.243472e+02	6.355472e-04
1.244547e+02	6.354979e-04
1.245641e+02	6.354446e-04
1.246748e+02	6.354636e-04
1.247825e+02	6.354113e-04
1.248915e+02	6.354477e-04
1.250033e+02	6.354356e-04
1.251129e+02	6.355069e-04
1.252222e+02	6.354750e-04
1.253301e+02	6.354743e-04
1.254393e+02	6.355221e-04
1.255486e+02	6.353672e-04
1.256604e+02	6.354173e-04
1.257708e+02	6.355237e-04
1.258798e+02	6.354636e-04
1.259897e+02	6.354675e-04
1.260990e+02	6.353961e-04
1.262072e+02	6.354393e-04
1.263188e+02	6.353611e-04
1.264279e+02	6.353126e-04
1.265379e+02	6.354690e-04
1.266513e+02	6.354211e-04
1.267588e+02	6.353710e-04
1.268680e+02	6.354507e-04
1.269782e+02	6.353642e-04
1.270861e+02	6.353589e-04
1.271972e+02	6.354409e-04
1.273091e+02	6.353300e-04
1.274211e+02	6.353269e-04
1.275345e+02	6.353141e-04
1.276447e+02	6.353763e-04
1.277533e+02	6.352814e-04
1.278641e+02	6.352769e-04
1.279727e+02	6.354188e-04
1.280818e+02	6.352897e-04
1.281905e+02	6.352313e-04
1.283004e+02	6.352062e-04
1.284099e+02	6.352320e-04
1.285174e+02	6.351857e-04
1.286270e+02	6.353527e-04
1.287351e+02	6.352169e-04
1.288439e+02	6.352837e-04
1.289524e+02	6.352480e-04
1.290624e+02	6.352965e-04
1.291716e+02	6.350916e-04
1.292810e+02	6.351592e-04
1.293918e+02	6.352275e-04
1.295028e+02	6.351485e-04
1.296103e+02	6.352313e-04
1.297178e+02	6.351022e-04
1.298296e+02	6.352799e-04
1.299386e+02	6.351515e-04
1.300511e+02	6.351425e-04
1.301619e+02	6.352146e-04
1.302707e+02	6.352427e-04
1.303809e+02	6.351114e-04
1.304910e+02	6.351881e-04
1.305988e+02	6.350187e-04
1.307077e+02	6.351136e-04
1.308171e+02	6.352404e-04
1.309256e+02	6.351432e-04
1.310366e+02	6.350096e-04
1.311470e+02	6.352070e-04
1.312593e+02	6.351242e-04
1.313684e+02	6.350786e-04
1.314765e+02	6.350764e-04
1.315847e+02	6.349792e-04
1.316937e+02	6.351022e-04
1.318045e+02	6.350400e-04
1.319118e+02	6.350072e-04
1.320220e+02	6.349936e-04
1.321305e+02	6.350233e-04
1.322397e+02	6.350627e-04
1.323473e+02	6.351220e-04
1.324565e+02	6.349169e-04
1.325657e+02	6.349230e-04
1.326765e+02	6.349823e-04
1.327865e+02	6.350400e-04
1.328960e+02	6.349413e-04
1.330056e+02	6.349496e-04
1.331147e+02	6.349162e-04
1.332237e+02	6.350392e-04
1.333341e+02	6.349792e-04
1.334444e+02	6.350484e-04
1.335547e+02	6.349116e-04
1.336646e+02	6.349647e-04
1.337750e+02	6.349990e-04
1.338841e+02	6.350028e-04
1.339936e+02	6.349792e-04
1.341006e+02	6.349253e-04
1.342091e+02	6.349724e-04
1.343175e+02	6.349526e-04
1.344264e+02	6.349359e-04
1.345350e+02	6.350035e-04
1.346479e+02	6.349397e-04
1.347573e+02	6.350180e-04
1.348663e+02	6.348926e-04
1.349755e+02	6.349526e-04
1.350844e+02	6.350429e-04
1.351959e+02	6.349230e-04
1.353063e+02	6.348783e-04
1.354149e+02	6.349336e-04
1.355249e+02	6.348455e-04
1.356331e+02	6.349496e-04
1.357433e+02	6.348144e-04
1.358528e+02	6.348684e-04
1.359627e+02	6.349344e-04
1.360750e+02	6.348653e-04
1.361851e+02	6.349321e-04
1.362931e+02	6.348699e-04
1.364017e+02	6.348858e-04
1.365106e+02	6.348205e-04
1.366198e+02	6.349063e-04
1.367293e+02	6.348759e-04
1.368395e+02	6.347741e-04
1.369482e+02	6.349534e-04
1.370567e+02	6.349481e-04
1.371669e+02	6.348820e-04
1.372762e+02	6.348030e-04
1.373842e+02	6.348675e-04
1.374963e+02	6.348190e-04
1.376089e+02	6.347582e-04
1.377183e+02	6.348190e-04
1.378272e+02	6.348523e-04
1.379371e+02	6.348790e-04
1.380472e+02	6.348152e-04
1.381546e+02	6.348585e-04
1.382650e+02	6.347924e-04
1.383740e+02	6.348137e-04
1.384833e+02	6.348979e-04
1.385938e+02	6.347347e-04
1.387028e+02	6.282554e-04
1.388112e+02	6.352183e-04
1.389210e+02	6.353558e-04
1.390314e+02	6.352427e-04
1.391398e+02	6.351895e-04
1.392479e+02	6.352419e-04
1.393592e+02	6.352495e-04
1.394676e+02	6.352229e-04
1.395768e+02	6.352829e-04
1.396869e+02	6.352306e-04
1.397942e+02	6.352837e-04
1.399029e+02	6.351888e-04
1.400121e+02	6.352374e-04
1.401207e+02	6.351910e-04
1.402306e+02	6.351918e-04
1.403388e+02	6.352359e-04
1.404470e+02	6.351744e-04
1.405540e+02	6.353126e-04
1.406672e+02	6.350839e-04
1.407755e+02	6.351174e-04
1.408833e+02	6.352238e-04
1.409918e+02	6.350962e-04
1.410997e+02	6.352397e-04
1.412081e+02	6.351363e-04
1.413154e+02	6.352366e-04
1.414244e+02	6.350612e-04
1.415324e+02	6.352609e-04
1.416423e+02	6.350938e-04
1.417501e+02	6.352070e-04
1.418640e+02	6.352859e-04
1.419764e+02	6.352374e-04
1.420835e+02	6.350901e-04
1.421942e+02	6.352070e-04
1.423034e+02	6.351645e-04
1.424134e+02	6.352009e-04
1.425210e+02	6.351288e-04
1.426292e+02	6.352062e-04
1.427372e+02	6.351903e-04
1.428464e+02	6.351614e-04
1.429548e+02	6.351881e-04
1.430633e+02	6.351577e-04
1.431718e+02	6.350901e-04
1.432795e+02	6.351060e-04
1.433882e+02	6.351925e-04
1.434953e+02	6.349929e-04
1.436029e+02	6.351432e-04
1.437114e+02	6.351348e-04
1.438197e+02	6.349739e-04
1.439264e+02	6.351736e-04
1.440363e+02	6.351348e-04
1.441431e+02	6.349215e-04
1.442514e+02	6.350634e-04
1.443599e+02	6.350878e-04
1.444690e+02	6.350118e-04
1.445767e+02	6.349534e-04
1.446851e+02	6.352388e-04
1.447923e+02	6.350878e-04
1.449004e+02	6.350248e-04
1.450076e+02	6.351045e-04
1.451158e+02	6.351090e-04
1.452243e+02	6.349146e-04
1.453330e+02	6.351105e-04
1.454427e+02	6.351515e-04
1.455511e+02	6.349823e-04
1.456600e+02	6.349245e-04
1.457672e+02	6.350893e-04
1.458755e+02	6.350817e-04
1.459832e+02	6.351568e-04
1.460901e+02	6.351045e-04
1.461973e+02	6.351363e-04
1.463070e+02	6.349852e-04
1.464164e+02	6.350680e-04
1.465241e+02	6.349715e-04
1.466326e+02	6.349678e-04
1.467407e+02	6.350346e-04
1.468492e+02	6.350991e-04
1.469581e+02	6.350171e-04
1.470663e+02	6.350058e-04
1.471751e+02	6.350544e-04
1.472841e+02	6.349770e-04
1.473929e+02	6.349724e-04
1.475026e+02	6.350323e-04
1.476126e+02	6.350650e-04
1.477206e+02	6.348783e-04
1.478288e+02	6.350976e-04
1.479371e+02	6.349754e-04
1.480459e+02	6.349852e-04
1.481542e+02	6.350976e-04
1.482641e+02	6.350885e-04
1.483719e+02	6.348987e-04
1.484799e+02	6.348668e-04
1.485899e+02	6.351379e-04
1.486977e+02	6.349678e-04
1.488054e+02	6.350802e-04
1.489157e+02	6.349746e-04
1.490229e+02	6.350916e-04
1.491314e+02	6.349131e-04
1.492415e+02	6.350429e-04
1.493515e+02	6.350460e-04
1.494589e+02	6.349154e-04
1.495684e+02	6.349920e-04
1.496752e+02	6.350103e-04
1.497826e+02	6.350050e-04
1.498921e+02	6.348774e-04
1.500019e+02	6.350346e-04
1.501098e+02	6.350339e-04
1.502201e+02	6.348327e-04
1.503293e+02	6.351310e-04
1.504378e+02	6.348812e-04
1.505485e+02	6.349997e-04
1.506544e+02	6.350019e-04
1.507641e+02	6.349389e-04
1.508719e+02	6.350650e-04
1.509799e+02	6.349056e-04
1.510871e+02	6.350718e-04
1.511971e+02	6.349063e-04
1.513033e+02	6.349662e-04
1.514111e+02	6.349838e-04
1.515355e+02	6.349609e-04
1.516463e+02	6.349040e-04
1.517556e+02	6.350270e-04
1.518628e+02	6.350058e-04
1.519744e+02	6.348919e-04
1.520848e+02	6.350673e-04
1.521930e+02	6.350422e-04
1.523008e+02	6.349382e-04
1.524107e+02	6.349823e-04
1.525201e+02	6.349906e-04
1.526284e+02	6.349253e-04
1.527373e+02	6.350369e-04
1.528460e+02	6.349852e-04
1.529547e+02	6.349792e-04
1.530642e+02	6.349823e-04
1.531737e+02	6.349587e-04
1.532819e+02	6.349078e-04
1.533902e+02	6.349662e-04
1.534967e+02	6.349435e-04
1.536061e+02	6.349920e-04
1.537147e+02	6.349556e-04
1.538217e+02	6.349951e-04
1.539295e+02	6.349997e-04
1.540414e+02	6.349109e-04
1.541501e+02	6.349336e-04
1.542571e+02	6.349678e-04
1.543680e+02	6.349253e-04
1.544767e+02	6.348896e-04
1.545845e+02	6.349975e-04
1.546950e+02	6.350134e-04
1.548016e+02	6.348797e-04
1.549078e+02	6.349715e-04
1.550169e+02	6.348904e-04
1.551242e+02	6.349131e-04
1.552312e+02	6.349587e-04
1.553439e+02	6.349276e-04
1.554534e+02	6.348790e-04
1.555605e+02	6.350369e-04
1.556670e+02	6.350081e-04
1.557754e+02	6.348836e-04
1.558837e+02	6.348926e-04
1.559919e+02	6.349549e-04
1.560992e+02	6.348759e-04
1.562069e+02	6.349906e-04
1.563143e+02	6.349693e-04
1.564217e+02	6.286168e-04
1.565303e+02	6.352776e-04
1.566381e+02	6.356982e-04
1.567484e+02	6.356367e-04
1.568558e+02	6.356413e-04
1.569634e+02	6.357013e-04
1.570722e+02	6.356625e-04
1.571809e+02	6.356429e-04
1.572922e+02	6.356953e-04
1.573994e+02	6.356702e-04
1.575080e+02	6.356352e-04
1.576156e+02	6.357636e-04
1.577250e+02	6.357021e-04
1.578345e+02	6.356284e-04
1.579439e+02	6.355995e-04
1.580572e+02	6.357097e-04
1.581674e+02	6.356292e-04
1.582768e+02	6.356208e-04
1.583860e+02	6.357720e-04
1.584934e+02	6.357134e-04
1.586017e+02	6.356953e-04
1.587119e+02	6.358015e-04
1.588211e+02	6.356634e-04
1.589279e+02	6.356444e-04
1.590382e+02	6.357438e-04
1.591467e+02	6.356709e-04
1.592567e+02	6.356132e-04
1.593669e+02	6.356618e-04
1.594761e+02	6.357180e-04
1.595857e+02	6.356140e-04
1.596939e+02	6.357909e-04
1.598062e+02	6.356618e-04
1.599136e+02	6.356231e-04
1.600251e+02	6.356557e-04
1.601357e+02	6.356755e-04
1.602459e+02	6.356261e-04
1.603536e+02	6.356671e-04
1.604620e+02	6.356625e-04
1.605720e+02	6.356482e-04
1.606816e+02	6.355980e-04
1.607899e+02	6.357233e-04
1.608976e+02	6.356664e-04
1.610074e+02	6.357295e-04
1.611142e+02	6.356322e-04
1.612245e+02	6.356914e-04
1.613333e+02	6.357606e-04
1.614426e+02	6.357112e-04
1.615526e+02	6.357370e-04
1.616617e+02	6.357074e-04
1.617701e+02	6.356892e-04
1.618793e+02	6.358145e-04
1.619877e+02	6.356777e-04
1.620967e+02	6.356869e-04
1.622054e+02	6.357119e-04
1.623122e+02	6.357811e-04
1.624205e+02	6.357317e-04
1.625300e+02	6.357066e-04
1.626365e+02	6.357377e-04
1.627461e+02	6.357348e-04
1.628569e+02	6.357901e-04
1.629669e+02	6.357143e-04
1.630745e+02	6.357324e-04
1.631841e+02	6.357211e-04
1.632926e+02	6.356352e-04
1.634000e+02	6.357324e-04
1.635075e+02	6.357309e-04
1.636149e+02	6.356975e-04
1.637244e+02	6.357484e-04
1.638335e+02	6.357939e-04
1.639399e+02	6.357788e-04
1.640486e+02	6.357006e-04
1.641555e+02	6.358068e-04
1.642653e+02	6.357059e-04
1.643721e+02	6.357613e-04
1.644802e+02	6.357894e-04
1.645884e+02	6.358683e-04
1.646956e+02	6.357302e-04
1.648040e+02	6.357833e-04
1.649141e+02	6.357826e-04
1.650240e+02	6.357271e-04
1.651322e+02	6.358130e-04
1.652417e+02	6.358046e-04
1.653488e+02	6.356588e-04
1.654598e+02	6.358501e-04
1.655689e+02	6.357758e-04
1.656767e+02	6.357339e-04
1.657861e+02	6.357522e-04
1.658980e+02	6.357233e-04
1.660047e+02	6.357203e-04
1.661139e+02	6.357720e-04
1.662214e+02	6.357233e-04
1.663310e+02	6.358023e-04
1.664413e+02	6.357392e-04
1.665498e+02	6.358031e-04
1.666585e+02	6.357233e-04
1.667693e+02	6.357051e-04
1.668783e+02	6.358106e-04
1.669864e+02	6.357674e-04
1.670941e+02	6.356945e-04
1.672043e+02	6.358023e-04
1.673128e+02	6.357659e-04
1.674203e+02	6.356747e-04
1.675296e+02	6.357112e-04
1.676378e+02	6.358122e-04
1.677506e+02	6.358418e-04
1.678591e+02	6.357408e-04
1.679687e+02	6.357917e-04
1.680757e+02	6.358873e-04
1.681851e+02	6.358494e-04
1.682955e+02	6.357833e-04
1.684032e+02	6.357666e-04
1.685125e+02	6.357901e-04
1.686209e+02	6.358099e-04
1.687289e+02	6.358220e-04
1.688365e+02	6.356163e-04
1.689443e+02	6.357491e-04
1.690515e+02	6.356444e-04
1.691598e+02	6.357332e-04
1.692675e+02	6.357172e-04
1.693769e+02	6.358023e-04
1.694840e+02	6.358061e-04
1.695935e+02	6.357317e-04
1.697037e+02	6.358205e-04
1.698107e+02	6.357081e-04
1.699198e+02	6.356581e-04
1.700269e+02	6.358296e-04
1.701344e+02	6.356618e-04
1.702420e+02	6.357879e-04
1.703496e+02	6.357780e-04
1.704590e+02	6.357780e-04
1.705680e+02	6.357491e-04
1.706784e+02	6.357134e-04
1.707856e+02	6.356876e-04
1.708945e+02	6.357811e-04
1.710018e+02	6.358266e-04
1.711100e+02	6.358593e-04
1.712165e+02	6.358813e-04
1.713265e+02	6.357833e-04
1.714362e+02	6.358623e-04
1.715445e+02	6.357051e-04
1.716532e+02	6.357954e-04
1.717602e+02	6.357689e-04
1.718693e+02	6.358623e-04
1.719766e+02	6.358228e-04
1.720880e+02	6.358668e-04
1.721970e+02	6.358289e-04
1.723073e+02	6.357773e-04
1.724159e+02	6.358888e-04
1.725268e+02	6.359459e-04
1.726378e+02	6.357081e-04
1.727454e+02	6.358403e-04
1.728550e+02	6.359466e-04
1.729622e+02	6.357651e-04
1.730703e+02	6.359040e-04
1.731796e+02	6.358296e-04
1.732888e+02	6.357621e-04
1.733958e+02	6.358729e-04
1.735046e+02	6.358555e-04
1.736134e+02	6.358205e-04
1.737197e+02	6.358789e-04
1.738274e+02	6.359322e-04
1.739365e+02	6.358213e-04
1.740438e+02	6.358540e-04
1.741546e+02	6.359519e-04
1.742633e+02	6.358205e-04
1.743698e+02	6.357286e-04
1.744803e+02	6.359488e-04
1.745896e+02	6.359534e-04
1.746979e+02	6.359223e-04
1.748055e+02	6.358478e-04
1.749138e+02	6.357143e-04
1.750223e+02	6.359102e-04
1.751314e+02	6.360149e-04
1.752415e+02	6.357939e-04
1.753497e+02	6.358714e-04
1.754580e+02	6.358471e-04
1.755664e+02	6.359329e-04
1.756746e+02	6.358213e-04
1.757827e+02	6.358282e-04
1.758915e+02	6.358699e-04
1.759996e+02	6.358653e-04
1.761089e+02	6.357758e-04
1.762172e+02	6.358456e-04
1.763265e+02	6.359800e-04
1.764356e+02	6.359390e-04
1.765422e+02	6.359276e-04
1.766522e+02	6.358683e-04
1.767618e+02	6.357925e-04
1.768709e+02	6.359170e-04
1.769797e+02	6.358904e-04
1.770877e+02	6.359435e-04
1.771974e+02	6.359223e-04
1.773062e+02	6.359109e-04
1.774152e+02	6.358593e-04
1.775271e+02	6.359245e-04
1.776344e+02	6.358828e-04
1.777422e+02	6.359117e-04
1.778515e+02	6.360620e-04
1.779607e+02	6.360461e-04
1.780692e+02	6.359071e-04
1.781779e+02	6.359397e-04
1.782865e+02	6.359459e-04
1.783937e+02	6.359671e-04
1.785028e+02	6.358972e-04
1.786118e+02	6.361296e-04
1.787207e+02	6.359686e-04
1.788293e+02	6.360186e-04
1.789370e+02	6.359640e-04
1.790492e+02	6.359807e-04
1.791567e+02	6.358972e-04
1.792666e+02	6.359397e-04
1.793760e+02	6.360757e-04
1.794845e+02	6.359952e-04
1.795941e+02	6.360073e-04
1.797027e+02	6.360543e-04
1.798100e+02	6.359807e-04
1.799198e+02	6.358805e-04
1.800346e+02	6.360999e-04
1.801417e+02	6.359146e-04
1.802516e+02	6.361455e-04
1.803613e+02	6.359921e-04
1.804696e+02	6.359785e-04
1.805796e+02	6.360939e-04
1.806874e+02	6.361766e-04
1.807952e+02	6.361675e-04
1.809057e+02	6.360133e-04
1.810127e+02	6.298469e-04
1.811203e+02	6.366246e-04
1.812326e+02	6.369412e-04
1.813408e+02	6.369663e-04
1.814492e+02	6.368958e-04
1.815578e+02	6.369276e-04
1.816671e+02	6.370256e-04
1.817759e+02	6.369178e-04
1.818861e+02	6.369877e-04
1.819944e+02	6.368881e-04
1.821027e+02	6.369147e-04
1.822162e+02	6.369200e-04
1.823237e+02	6.369071e-04
1.824343e+02	6.368152e-04
1.825423e+02	6.369974e-04
1.826496e+02	6.369216e-04
1.827604e+02	6.369398e-04
1.828686e+02	6.370097e-04
1.829748e+02	6.369223e-04
1.830841e+02	6.369846e-04
1.831930e+02	6.370013e-04
1.833016e+02	6.369899e-04
1.834103e+02	6.369329e-04
1.835188e+02	6.370172e-04
1.836268e+02	6.369527e-04
1.837351e+02	6.369451e-04
1.838423e+02	6.369762e-04
1.839503e+02	6.368942e-04
1.840613e+02	6.369011e-04
1.841726e+02	6.369344e-04
1.842815e+02	6.370028e-04
1.843903e+02	6.369269e-04
1.844995e+02	6.370126e-04
1.846108e+02	6.369769e-04
1.847181e+02	6.370635e-04
1.848278e+02	6.370248e-04
1.849391e+02	6.369474e-04
1.850506e+02	6.369223e-04
1.851614e+02	6.369405e-04
1.852714e+02	6.370355e-04
1.853803e+02	6.370097e-04
1.854902e+02	6.368487e-04
1.856004e+02	6.370347e-04
1.857104e+02	6.369375e-04
1.858174e+02	6.369573e-04
1.859256e+02	6.369428e-04
1.860351e+02	6.370522e-04
1.861429e+02	6.369117e-04
1.862515e+02	6.369740e-04
1.863598e+02	6.369846e-04
1.864681e+02	6.369952e-04
1.865770e+02	6.369663e-04
1.866857e+02	6.370461e-04
1.867939e+02	6.369542e-04
1.869034e+02	6.370453e-04
1.870113e+02	6.370855e-04
1.871204e+02	6.370294e-04
1.872288e+02	6.370142e-04
1.873371e+02	6.370051e-04
1.874468e+02	6.370157e-04
1.875553e+02	6.370864e-04
1.876626e+02	6.370590e-04
1.877716e+02	6.369793e-04
1.878795e+02	6.371205e-04
1.879897e+02	6.370142e-04
1.880978e+02	6.370908e-04
1.882047e+02	6.369884e-04
1.883121e+02	6.370712e-04
1.884205e+02	6.370499e-04
1.885288e+02	6.370954e-04
1.886391e+02	6.370476e-04
1.887503e+02	6.371137e-04
1.888579e+02	6.371175e-04
1.889642e+02	6.370241e-04
1.890734e+02	6.370635e-04
1.891815e+02	6.371402e-04
1.892882e+02	6.369808e-04
1.893976e+02	6.371212e-04
1.895051e+02	6.370613e-04
1.896134e+02	6.370384e-04
1.897224e+02	6.372162e-04
1.898305e+02	6.371144e-04
1.899383e+02	6.370893e-04
1.900481e+02	6.371038e-04
1.901559e+02	6.371212e-04
1.902643e+02	6.371797e-04
1.903737e+02	6.372063e-04
1.904815e+02	6.371675e-04
1.905907e+02	6.372215e-04
1.907024e+02	6.371060e-04
1.908114e+02	6.372017e-04
1.909190e+02	6.370878e-04
1.910273e+02	6.372906e-04
1.911359e+02	6.372268e-04
1.912466e+02	6.371851e-04
1.913545e+02	6.372404e-04
1.914633e+02	6.371880e-04
1.915730e+02	6.372473e-04
1.916820e+02	6.370499e-04
1.917914e+02	6.372208e-04
1.918996e+02	6.372397e-04
1.920095e+02	6.371318e-04
1.921206e+02	6.373590e-04
1.922691e+02	6.370727e-04
1.923756e+02	6.371380e-04
1.924822e+02	6.373506e-04
1.925910e+02	6.372746e-04
1.926998e+02	6.371166e-04
1.928091e+02	6.373581e-04
1.929213e+02	6.371714e-04
1.930308e+02	6.372306e-04
1.931389e+02	6.374105e-04
1.932508e+02	6.371523e-04
1.933614e+02	6.371349e-04
1.934704e+02	6.373156e-04
1.935793e+02	6.372655e-04
1.936877e+02	6.371638e-04
1.937957e+02	6.372686e-04
1.939058e+02	6.373969e-04
1.940129e+02	6.373171e-04
1.941221e+02	6.370507e-04
1.942307e+02	6.373559e-04
1.943385e+02	6.373938e-04
1.944468e+02	6.373627e-04
1.945549e+02	6.372473e-04
1.946627e+02	6.373111e-04
1.947713e+02	6.372852e-04
1.948823e+02	6.371987e-04
1.949891e+02	6.373802e-04
1.951030e+02	6.373164e-04
1.952136e+02	6.373195e-04
1.953216e+02	6.372701e-04
1.954290e+02	6.373847e-04
1.955392e+02	6.373673e-04
1.956477e+02	6.372959e-04
1.957572e+02	6.373855e-04
1.958640e+02	6.372169e-04
1.959754e+02	6.373794e-04
1.960843e+02	6.374758e-04
1.961927e+02	6.373088e-04
1.963005e+02	6.373537e-04
1.964092e+02	6.373475e-04
1.965162e+02	6.373650e-04
1.966234e+02	6.372845e-04
1.967318e+02	6.373323e-04
1.968423e+02	6.373832e-04
1.969502e+02	6.373248e-04
1.970596e+02	6.373134e-04
1.971684e+02	6.373385e-04
1.972770e+02	6.373035e-04
1.973851e+02	6.373217e-04
1.974944e+02	6.373422e-04
1.976024e+02	6.373263e-04
1.977111e+02	6.374143e-04
1.978189e+02	6.372655e-04
1.979270e+02	6.374151e-04
1.980352e+02	6.375176e-04
1.981446e+02	6.373125e-04
1.982531e+02	6.372852e-04
1.983633e+02	6.374462e-04
1.984706e+02	6.373946e-04
1.985792e+02	6.374881e-04
1.986860e+02	6.374181e-04
1.987940e+02	6.373240e-04
1.989009e+02	6.375100e-04
1.990088e+02	6.375344e-04
1.991181e+02	6.374030e-04
1.992244e+02	6.373414e-04
1.993353e+02	6.375586e-04
1.994435e+02	6.375511e-04
1.995544e+02	6.374158e-04
1.996641e+02	6.374743e-04
1.997741e+02	6.374674e-04
1.998822e+02	6.373991e-04
1.999931e+02	6.375047e-04
2.001025e+02	6.374524e-04
2.002084e+02	6.375769e-04
2.003184e+02	6.374167e-04
2.004267e+02	6.376080e-04
2.005352e+02	6.375427e-04
2.006440e+02	6.375199e-04
2.007522e+02	6.375457e-04
2.008617e+02	6.375002e-04
2.009697e+02	6.374469e-04
2.010794e+02	6.375344e-04
2.011875e+02	6.375282e-04
2.012948e+02	6.377067e-04
2.014035e+02	6.375381e-04
2.015117e+02	6.374235e-04
2.016197e+02	6.375154e-04
2.017257e+02	6.375229e-04
2.018340e+02	6.375024e-04
2.019415e+02	6.376626e-04
2.020494e+02	6.374235e-04
2.021580e+02	6.376406e-04
2.022670e+02	6.375806e-04
2.023735e+02	6.375784e-04
2.024813e+02	6.376095e-04
2.025905e+02	6.375465e-04
2.027009e+02	6.377082e-04
2.028096e+02	6.374674e-04
2.029193e+02	6.377583e-04
2.030259e+02	6.377371e-04
2.031350e+02	6.376278e-04
2.032433e+02	6.374819e-04
2.033517e+02	6.377917e-04
2.034634e+02	6.377226e-04
2.035717e+02	6.375965e-04
2.036777e+02	6.376080e-04
2.037864e+02	6.376331e-04
2.038987e+02	6.375677e-04
2.040054e+02	6.376300e-04
2.041164e+02	6.376831e-04
2.042271e+02	6.375981e-04
2.043348e+02	6.376375e-04
2.044460e+02	6.375806e-04
2.045547e+02	6.376042e-04
2.046618e+02	6.375868e-04
2.047700e+02	6.376223e-04
2.048791e+02	6.374857e-04
2.049861e+02	6.376126e-04
2.050939e+02	6.376498e-04
2.052019e+02	6.377606e-04
2.053106e+02	6.376331e-04
2.054199e+02	6.375723e-04
2.055286e+02	6.377583e-04
2.056373e+02	6.377113e-04
2.057441e+02	6.375335e-04
2.058544e+02	6.377036e-04
2.059618e+02	6.378213e-04
2.060700e+02	6.377082e-04
2.061783e+02	6.376080e-04
2.062877e+02	6.378198e-04
2.063970e+02	6.378237e-04
2.065058e+02	6.376695e-04
2.066131e+02	6.378100e-04
2.067211e+02	6.377318e-04
2.068300e+02	6.375829e-04
2.069399e+02	6.376710e-04
2.070495e+02	6.378631e-04
2.071579e+02	6.376437e-04
2.072666e+02	6.376384e-04
2.073751e+02	6.378479e-04
2.074841e+02	6.376953e-04
2.075926e+02	6.377986e-04
2.077020e+02	6.377294e-04
2.078096e+02	6.377720e-04
2.079184e+02	6.378168e-04
2.080275e+02	6.377173e-04
2.081335e+02	6.378092e-04
2.082418e+02	6.377226e-04
2.083505e+02	6.314582e-04
2.084590e+02	6.383666e-04
2.085694e+02	6.385526e-04
2.086779e+02	6.386035e-04
2.087858e+02	6.385488e-04
2.088947e+02	6.386247e-04
2.090036e+02	6.385131e-04
2.091151e+02	6.386134e-04
2.092240e+02	6.384667e-04
2.093328e+02	6.386194e-04
2.094417e+02	6.386376e-04
2.095510e+02	6.386064e-04
2.096588e+02	6.385625e-04
2.097690e+02	6.386050e-04
2.098784e+02	6.385830e-04
2.099857e+02	6.384812e-04
2.100949e+02	6.386452e-04
2.102047e+02	6.386680e-04
2.103135e+02	6.385753e-04
2.104204e+02	6.387477e-04
2.105287e+02	6.385709e-04
2.106381e+02	6.385610e-04
2.107463e+02	6.386020e-04
2.108542e+02	6.386687e-04
2.109644e+02	6.385830e-04
2.110708e+02	6.386308e-04
2.111794e+02	6.386392e-04
2.112868e+02	6.385974e-04
2.113965e+02	6.387401e-04
2.115080e+02	6.387545e-04
2.116172e+02	6.386293e-04
2.117250e+02	6.386991e-04
2.118356e+02	6.387986e-04
2.119449e+02	6.387272e-04
2.120550e+02	6.386247e-04
2.121645e+02	6.386482e-04
2.122724e+02	6.387591e-04
2.123826e+02	6.387067e-04
2.124911e+02	6.386703e-04
2.125994e+02	6.386725e-04
2.127098e+02	6.386983e-04
2.128194e+02	6.387067e-04
2.129261e+02	6.388168e-04
2.130355e+02	6.387051e-04
2.131439e+02	6.387751e-04
2.132526e+02	6.387516e-04
2.133612e+02	6.388183e-04
2.134691e+02	6.388510e-04
2.135771e+02	6.387705e-04
2.136855e+02	6.388183e-04
2.137947e+02	6.388547e-04
2.139032e+02	6.386657e-04
2.140145e+02	6.388229e-04
2.141252e+02	6.388047e-04
2.142357e+02	6.387637e-04
2.143426e+02	6.388518e-04
2.144498e+02	6.388715e-04
2.145597e+02	6.387234e-04
2.146689e+02	6.388624e-04
2.147760e+02	6.389710e-04
2.148829e+02	6.387591e-04
2.149917e+02	6.388107e-04
2.150993e+02	6.387682e-04
2.152065e+02	6.388206e-04
2.153127e+02	6.388593e-04
2.154235e+02	6.387712e-04
2.155344e+02	6.387963e-04
2.156410e+02	6.388161e-04
2.157485e+02	6.388761e-04
2.158571e+02	6.389155e-04
2.159660e+02	6.388313e-04
2.160768e+02	6.389133e-04
2.161843e+02	6.389535e-04
2.162923e+02	6.387994e-04
2.164009e+02	6.389642e-04
2.165093e+02	6.390568e-04
2.166182e+02	6.388540e-04
2.167232e+02	6.387796e-04
2.168309e+02	6.389823e-04
2.169382e+02	6.389642e-04
2.170468e+02	6.389360e-04
2.171576e+02	6.390416e-04
2.172664e+02	6.387917e-04
2.173768e+02	6.388988e-04
2.174849e+02	6.390561e-04
2.175937e+02	6.389353e-04
2.177024e+02	6.388047e-04
2.178115e+02	6.389019e-04
2.179201e+02	6.390598e-04
2.180336e+02	6.388981e-04
2.181410e+02	6.389049e-04
2.182484e+02	6.390233e-04
2.183568e+02	6.389816e-04
2.184675e+02	6.390074e-04
2.185747e+02	6.390021e-04
2.186826e+02	6.390112e-04
2.187912e+02	6.390575e-04
2.189012e+02	6.390978e-04
2.190094e+02	6.390810e-04
2.191178e+02	6.391176e-04
2.192301e+02	6.390636e-04
2.193376e+02	6.391282e-04
2.194464e+02	6.391273e-04
2.195535e+02	6.391220e-04
2.196613e+02	6.390431e-04
2.197698e+02	6.391684e-04
2.198784e+02	6.391478e-04
2.199873e+02	6.391410e-04
2.200959e+02	6.392474e-04
2.202045e+02	6.390916e-04
2.203127e+02	6.391881e-04
2.204192e+02	6.390962e-04
2.205280e+02	6.391259e-04
2.206422e+02	6.392914e-04
2.207513e+02	6.391229e-04
2.208588e+02	6.391874e-04
2.209690e+02	6.392937e-04
2.210780e+02	6.392299e-04
2.211841e+02	6.392238e-04
2.212922e+02	6.391843e-04
2.213997e+02	6.392489e-04
2.215089e+02	6.391874e-04
2.216186e+02	6.392580e-04
2.217272e+02	6.391054e-04
2.218345e+02	6.391312e-04
2.219458e+02	6.392110e-04
2.220551e+02	6.392549e-04
2.221621e+02	6.392549e-04
2.222701e+02	6.392785e-04
2.223774e+02	6.392831e-04
2.224856e+02	6.392504e-04
2.225954e+02	6.391927e-04
2.227028e+02	6.393111e-04
2.228109e+02	6.392071e-04
2.229481e+02	6.393082e-04
2.230566e+02	6.392937e-04
2.231649e+02	6.392390e-04
2.232729e+02	6.391646e-04
2.233802e+02	6.392055e-04
2.234896e+02	6.394023e-04
2.235984e+02	6.392937e-04
2.237051e+02	6.393438e-04
2.238121e+02	6.392815e-04
2.239234e+02	6.393248e-04
2.240341e+02	6.392117e-04
2.241433e+02	6.393241e-04
2.242523e+02	6.393643e-04
2.243611e+02	6.393901e-04
2.244698e+02	6.392808e-04
2.245812e+02	6.393650e-04
2.246891e+02	6.393749e-04
2.247955e+02	6.393218e-04
2.249036e+02	6.392496e-04
2.250113e+02	6.393286e-04
2.251189e+02	6.392542e-04
2.252282e+02	6.393020e-04
2.253361e+02	6.393370e-04
2.254456e+02	6.393628e-04
2.255538e+02	6.393370e-04
2.256655e+02	6.393878e-04
2.257735e+02	6.393278e-04
2.258828e+02	6.394212e-04
2.259916e+02	6.394265e-04
2.261008e+02	6.392822e-04
2.262082e+02	6.393650e-04
2.263158e+02	6.394258e-04
2.264233e+02	6.394539e-04
2.265321e+02	6.394523e-04
2.266414e+02	6.393855e-04
2.267497e+02	6.394728e-04
2.268599e+02	6.393507e-04
2.269694e+02	6.394554e-04
2.270772e+02	6.396103e-04
2.271851e+02	6.395109e-04
2.272953e+02	6.395435e-04
2.274053e+02	6.394979e-04
2.275133e+02	6.394091e-04
2.276201e+02	6.393362e-04
2.277284e+02	6.395025e-04
2.278349e+02	6.395944e-04
2.279418e+02	6.396248e-04
2.280517e+02	6.395556e-04
2.281623e+02	6.395784e-04
2.282765e+02	6.395662e-04
2.283840e+02	6.395724e-04
2.284925e+02	6.395116e-04
2.285998e+02	6.395700e-04
2.287087e+02	6.396991e-04
2.288190e+02	6.394995e-04
2.289302e+02	6.393825e-04
2.290398e+02	6.397030e-04
2.291461e+02	6.396839e-04
2.292533e+02	6.393954e-04
2.293627e+02	6.396756e-04
2.294694e+02	6.395852e-04
2.295770e+02	6.394494e-04
2.296857e+02	6.397698e-04
2.297962e+02	6.395700e-04
2.299045e+02	6.396330e-04
2.300148e+02	6.395169e-04
2.301271e+02	6.396376e-04
2.302353e+02	6.395466e-04
2.303438e+02	6.396262e-04
2.304547e+02	6.396111e-04
2.305628e+02	6.396369e-04
2.306717e+02	6.396187e-04
2.307791e+02	6.396057e-04
2.308861e+02	6.396330e-04
2.309952e+02	6.396376e-04
2.311044e+02	6.397766e-04
2.312128e+02	6.395686e-04
2.313228e+02	6.396673e-04
2.314321e+02	6.397416e-04
2.315395e+02	6.396004e-04
2.316487e+02	6.396134e-04
2.317570e+02	6.397143e-04
2.318649e+02	6.396316e-04
2.319727e+02	6.397257e-04
2.320829e+02	6.396786e-04
2.321911e+02	6.397872e-04
2.322982e+02	6.397440e-04
2.324107e+02	6.397007e-04
2.325210e+02	6.398055e-04
2.326283e+02	6.397485e-04
2.327371e+02	6.397948e-04
2.328490e+02	6.397425e-04
2.329579e+02	6.334271e-04
2.330685e+02	6.404159e-04
2.331756e+02	6.405868e-04
2.332837e+02	6.406255e-04
2.333930e+02	6.407098e-04
2.335013e+02	6.406885e-04
2.336091e+02	6.406536e-04
2.337160e+02	6.406217e-04
2.338258e+02	6.406126e-04
2.339339e+02	6.407076e-04
2.340422e+02	6.406528e-04
2.341523e+02	6.406499e-04
2.342615e+02	6.406430e-04
2.343706e+02	6.406803e-04
2.344810e+02	6.408244e-04
2.345912e+02	6.406453e-04
2.347007e+02	6.406924e-04
2.348087e+02	6.407486e-04
2.349179e+02	6.407349e-04
2.350273e+02	6.406803e-04
2.351375e+02	6.407129e-04
2.352465e+02	6.408799e-04
2.353551e+02	6.407531e-04
2.354687e+02	6.407561e-04
2.355782e+02	6.408222e-04
2.356869e+02	6.407076e-04
2.357953e+02	6.407182e-04
2.359024e+02	6.407804e-04
2.360147e+02	6.408480e-04
2.361225e+02	6.407698e-04
2.362310e+02	6.408762e-04
2.363384e+02	6.407706e-04
2.364472e+02	6.407326e-04
2.365564e+02	6.408905e-04
2.366636e+02	6.407903e-04
2.367739e+02	6.406885e-04
2.368824e+02	6.408571e-04
2.369907e+02	6.407622e-04
2.371026e+02	6.407698e-04
2.372129e+02	6.407356e-04
2.373204e+02	6.408837e-04
2.374322e+02	6.407759e-04
2.375431e+02	6.407417e-04
2.376521e+02	6.408663e-04
2.377616e+02	6.407744e-04
2.378711e+02	6.407887e-04
2.379774e+02	6.408253e-04
2.380875e+02	6.408799e-04
2.381956e+02	6.408085e-04
2.383038e+02	6.408359e-04
2.384135e+02	6.408564e-04
2.385223e+02	6.407872e-04
2.386316e+02	6.407918e-04
2.387426e+02	6.408601e-04
2.388520e+02	6.408564e-04
2.389616e+02	6.408313e-04
2.390700e+02	6.408571e-04
2.391804e+02	6.408958e-04
2.392879e+02	6.408108e-04
2.393972e+02	6.408101e-04
2.395041e+02	6.409793e-04
2.396128e+02	6.408442e-04
2.397244e+02	6.408806e-04
2.398339e+02	6.408412e-04
2.399412e+02	6.408571e-04
2.400486e+02	6.408837e-04
2.401563e+02	6.409650e-04
2.402637e+02	6.409740e-04
2.403728e+02	6.409520e-04
2.404848e+02	6.409414e-04
2.405948e+02	6.409520e-04
2.407036e+02	6.409194e-04
2.408118e+02	6.408806e-04
2.409187e+02	6.409064e-04
2.410276e+02	6.409148e-04
2.411376e+02	6.409004e-04
2.412468e+02	6.410272e-04
2.413548e+02	6.409855e-04
2.414616e+02	6.410097e-04
2.415694e+02	6.410743e-04
2.416775e+02	6.408921e-04
2.417870e+02	6.409983e-04
2.418946e+02	6.410774e-04
2.420035e+02	6.409665e-04
2.421112e+02	6.409475e-04
2.422205e+02	6.411122e-04
2.423300e+02	6.410249e-04
2.424390e+02	6.409597e-04
2.425460e+02	6.411175e-04
2.426551e+02	6.410970e-04
2.427640e+02	6.408647e-04
2.428719e+02	6.411532e-04
2.429822e+02	6.410393e-04
2.430925e+02	6.410060e-04
2.432010e+02	6.411600e-04
2.433090e+02	6.411168e-04
2.434177e+02	6.409802e-04
2.435263e+02	6.410857e-04
2.436365e+02	6.412118e-04
2.437462e+02	6.410690e-04
2.438569e+02	6.410272e-04
2.439674e+02	6.412323e-04
2.440742e+02	6.411047e-04
2.441834e+02	6.412285e-04
2.442922e+02	6.411388e-04
2.444019e+02	6.412367e-04
2.445106e+02	6.411289e-04
2.446180e+02	6.410994e-04
2.447260e+02	6.413658e-04
2.448365e+02	6.410265e-04
2.449459e+02	6.411586e-04
2.450537e+02	6.413158e-04
2.451619e+02	6.411699e-04
2.452719e+02	6.411510e-04
2.453795e+02	6.411723e-04
2.454866e+02	6.411851e-04
2.455950e+02	6.411419e-04
2.457035e+02	6.412831e-04
2.458097e+02	6.412314e-04
2.459181e+02	6.411327e-04
2.460279e+02	6.413469e-04
2.461372e+02	6.412953e-04
2.462476e+02	6.411874e-04
2.463542e+02	6.412178e-04
2.464640e+02	6.412823e-04
2.465722e+02	6.411616e-04
2.466799e+02	6.411950e-04
2.467874e+02	6.412649e-04
2.468983e+02	6.412270e-04
2.470068e+02	6.412869e-04
2.471143e+02	6.413066e-04
2.472222e+02	6.413120e-04
2.473305e+02	6.412724e-04
2.474387e+02	6.413052e-04
2.475480e+02	6.413735e-04
2.476573e+02	6.412406e-04
2.477673e+02	6.412884e-04
2.478775e+02	6.413446e-04
2.479862e+02	6.412611e-04
2.480946e+02	6.412915e-04
2.482051e+02	6.412680e-04
2.483144e+02	6.412261e-04
2.484217e+02	6.414008e-04
2.485304e+02	6.413788e-04
2.486401e+02	6.412945e-04
2.487493e+02	6.413491e-04
2.488571e+02	6.414456e-04
2.489650e+02	6.413506e-04
2.490751e+02	6.413598e-04
2.491870e+02	6.413522e-04
2.492944e+02	6.414562e-04
2.494028e+02	6.414927e-04
2.495121e+02	6.415754e-04
2.496201e+02	6.414958e-04
2.497289e+02	6.415580e-04
2.498394e+02	6.415192e-04
2.499477e+02	6.414570e-04
2.500570e+02	6.414601e-04
2.501640e+02	6.415079e-04
2.502710e+02	6.415018e-04
2.503800e+02	6.413788e-04
2.504877e+02	6.414866e-04
2.506000e+02	6.415474e-04
2.507075e+02	6.415011e-04
2.508147e+02	6.414312e-04
2.509231e+02	6.415846e-04
2.510320e+02	6.415048e-04
2.511405e+02	6.415633e-04
2.512487e+02	6.415564e-04
2.513587e+02	6.415716e-04
2.514693e+02	6.415231e-04
2.515783e+02	6.414995e-04
2.516866e+02	6.415269e-04
2.517950e+02	6.415868e-04
2.519040e+02	6.416347e-04
2.520132e+02	6.415778e-04
2.521234e+02	6.415663e-04
2.522341e+02	6.414555e-04
2.523415e+02	6.416855e-04
2.524499e+02	6.415329e-04
2.525608e+02	6.415663e-04
2.526706e+02	6.416871e-04
2.527801e+02	6.416324e-04
2.528907e+02	6.415974e-04
2.529984e+02	6.416521e-04
2.531072e+02	6.416188e-04
2.532177e+02	6.415877e-04
2.533279e+02	6.417159e-04
2.534351e+02	6.416316e-04
2.535437e+02	6.415344e-04
2.536519e+02	6.416575e-04
2.537665e+02	6.416232e-04
2.538757e+02	6.416324e-04
2.539828e+02	6.416142e-04
2.540911e+02	6.416597e-04
2.542002e+02	6.416073e-04
2.543094e+02	6.415086e-04
2.544284e+02	6.416681e-04
2.545381e+02	6.416703e-04
2.546454e+02	6.415974e-04
2.547527e+02	6.416939e-04
2.548613e+02	6.417258e-04
2.549685e+02	6.416339e-04
2.550765e+02	6.416294e-04
2.551832e+02	6.417805e-04
2.552916e+02	6.418572e-04
2.554001e+02	6.417933e-04
2.555065e+02	6.416848e-04
2.556188e+02	6.416589e-04
2.557285e+02	6.417258e-04
2.558369e+02	6.417972e-04
2.559460e+02	6.417979e-04
2.560542e+02	6.417243e-04
2.561610e+02	6.416605e-04
2.562701e+02	6.418746e-04
2.563782e+02	6.418929e-04
2.564880e+02	6.418564e-04
2.565956e+02	6.417250e-04
2.567042e+02	6.417737e-04
2.568125e+02	6.418435e-04
2.569213e+02	6.418435e-04
2.570290e+02	6.418602e-04
2.571387e+02	6.418602e-04
2.572471e+02	6.418777e-04
2.573551e+02	6.417957e-04
2.574641e+02	6.419453e-04
2.575745e+02	6.418025e-04
2.576814e+02	6.417836e-04
2.577924e+02	6.418609e-04
2.579021e+02	6.419209e-04
2.580091e+02	6.418792e-04
2.581206e+02	6.419255e-04
2.582306e+02	6.419202e-04
2.583384e+02	6.418898e-04
2.584504e+02	6.419286e-04
2.585610e+02	6.418230e-04
2.586708e+02	6.419012e-04
2.587802e+02	6.419224e-04
2.588896e+02	6.354629e-04
2.589969e+02	6.422688e-04
2.591051e+02	6.426362e-04
2.592125e+02	6.425952e-04
2.593203e+02	6.428382e-04
2.594295e+02	6.427456e-04
2.595383e+02	6.426339e-04
2.596447e+02	6.426917e-04
2.597529e+02	6.427547e-04
2.598590e+02	6.426970e-04
2.599673e+02	6.427236e-04
2.600770e+02	6.428481e-04
2.601879e+02	6.426438e-04
2.602954e+02	6.427190e-04
2.604057e+02	6.428093e-04
2.605142e+02	6.426871e-04
2.606241e+02	6.427144e-04
2.607336e+02	6.427403e-04
2.608439e+02	6.428496e-04
2.609524e+02	6.427379e-04
2.610612e+02	6.427842e-04
2.611700e+02	6.428124e-04
2.612832e+02	6.427646e-04
2.613919e+02	6.429384e-04
2.614995e+02	6.427897e-04
2.616088e+02	6.428633e-04
2.617174e+02	6.426917e-04
2.618253e+02	6.428375e-04
2.619342e+02	6.427828e-04
2.620440e+02	6.427851e-04
2.621521e+02	6.428519e-04
2.622606e+02	6.428238e-04
2.623690e+02	6.428860e-04
2.624763e+02	6.428952e-04
2.625855e+02	6.428413e-04
2.626945e+02	6.428625e-04
2.628026e+02	6.429065e-04
2.629117e+02	6.430008e-04
2.630200e+02	6.429111e-04
2.631274e+02	6.428473e-04
2.632352e+02	6.429103e-04
2.633442e+02	6.429612e-04
2.634538e+02	6.429483e-04
2.635624e+02	6.429483e-04
2.636718e+02	6.429521e-04
2.637797e+02	6.429103e-04
2.638897e+02	6.430167e-04
2.640011e+02	6.430652e-04
2.641086e+02	6.428860e-04
2.642167e+02	6.429589e-04
2.643262e+02	6.429627e-04
2.644348e+02	6.429893e-04
2.645450e+02	6.429437e-04
2.646520e+02	6.429225e-04
2.647603e+02	6.429757e-04
2.648681e+02	6.429528e-04
2.649763e+02	6.430660e-04
2.650835e+02	6.429605e-04
2.651931e+02	6.430045e-04
2.653003e+02	6.430136e-04
2.654096e+02	6.431161e-04
2.655173e+02	6.429939e-04
2.656253e+02	6.430319e-04
2.657346e+02	6.429992e-04
2.658425e+02	6.430068e-04
2.659522e+02	6.430880e-04
2.660630e+02	6.430949e-04
2.661730e+02	6.430310e-04
2.662839e+02	6.430546e-04
2.663932e+02	6.431610e-04
2.665017e+02	6.431381e-04
2.666095e+02	6.429475e-04
2.667173e+02	6.433113e-04
2.668250e+02	6.431244e-04
2.669362e+02	6.431678e-04
2.670431e+02	6.430561e-04
2.671537e+02	6.431875e-04
2.672610e+02	6.431350e-04
2.673699e+02	6.431328e-04
2.674795e+02	6.432421e-04
2.675882e+02	6.430827e-04
2.676973e+02	6.432588e-04
2.678084e+02	6.432650e-04
2.679186e+02	6.430995e-04
2.680256e+02	6.432376e-04
2.681368e+02	6.431905e-04
2.682446e+02	6.432983e-04
2.683529e+02	6.431487e-04
2.684658e+02	6.432474e-04
2.685754e+02	6.431875e-04
2.686838e+02	6.432338e-04
2.687927e+02	6.432285e-04
2.689020e+02	6.432733e-04
2.690095e+02	6.433507e-04
2.691178e+02	6.433014e-04
2.692266e+02	6.432285e-04
2.693365e+02	6.432642e-04
2.694443e+02	6.432771e-04
2.695533e+02	6.433697e-04
2.696612e+02	6.432930e-04
2.697705e+02	6.432650e-04
2.698791e+02	6.433159e-04
2.699879e+02	6.432323e-04
2.700949e+02	6.432384e-04
2.702041e+02	6.432384e-04
2.703143e+02	6.433545e-04
2.704229e+02	6.431762e-04
2.705298e+02	6.432695e-04
2.706384e+02	6.433424e-04
2.707466e+02	6.433227e-04
2.708547e+02	6.433569e-04
2.709638e+02	6.433325e-04
2.710722e+02	6.433477e-04
2.711794e+02	6.433249e-04
2.712881e+02	6.433598e-04
2.713964e+02	6.433675e-04
2.715033e+02	6.433150e-04
2.716119e+02	6.434768e-04
2.717201e+02	6.433849e-04
2.718281e+02	6.432725e-04
2.719387e+02	6.435550e-04
2.720479e+02	6.433516e-04
2.721577e+02	6.434996e-04
2.722663e+02	6.435854e-04
2.723737e+02	6.433926e-04
2.724809e+02	6.434503e-04
2.725895e+02	6.366801e-04
2.726981e+02	6.434776e-04
2.728064e+02	6.437312e-04
2.729143e+02	6.435543e-04
2.730212e+02	6.436651e-04
2.731325e+02	6.436742e-04
2.732399e+02	6.435847e-04
2.733494e+02	6.437478e-04
2.734566e+02	6.436682e-04
2.735650e+02	6.436537e-04
2.736732e+02	6.437114e-04
2.737825e+02	6.437031e-04
2.738909e+02	6.437092e-04
2.739986e+02	6.436537e-04
2.741076e+02	6.435680e-04
2.742154e+02	6.434585e-04
2.743218e+02	6.436013e-04
2.744306e+02	6.435558e-04
2.745388e+02	6.436218e-04
2.746492e+02	6.435945e-04
2.747593e+02	6.435581e-04
2.748659e+02	6.435026e-04
2.749733e+02	6.434761e-04
2.750823e+02	6.435937e-04
2.751921e+02	6.436021e-04
2.753005e+02	6.435490e-04
2.754097e+02	6.436347e-04
2.755171e+02	6.436211e-04
2.756273e+02	6.435709e-04
2.757346e+02	6.436332e-04
2.758411e+02	6.436257e-04
2.759510e+02	6.436150e-04
2.760612e+02	6.436059e-04
2.761694e+02	6.437304e-04
2.762783e+02	6.437068e-04
2.763853e+02	6.437198e-04
2.764952e+02	6.437068e-04
2.766051e+02	6.436066e-04
2.767129e+02	6.436241e-04
2.768223e+02	6.437601e-04
2.769290e+02	6.437061e-04
2.770372e+02	6.437130e-04
2.771480e+02	6.437798e-04
2.772557e+02	6.437297e-04
2.773638e+02	6.437425e-04
2.774737e+02	6.437365e-04
2.775834e+02	6.437699e-04
2.776908e+02	6.436750e-04
2.777981e+02	6.436552e-04
2.779114e+02	6.437372e-04
2.780189e+02	6.437319e-04
2.781287e+02	6.437258e-04
2.782368e+02	6.437046e-04
2.783447e+02	6.437456e-04
2.784563e+02	6.437919e-04
2.785646e+02	6.437601e-04
2.786713e+02	6.437031e-04
2.787789e+02	6.437220e-04
2.788880e+02	6.437555e-04
2.789965e+02	6.438382e-04
2.791038e+02	6.437896e-04
2.792149e+02	6.437654e-04
2.793253e+02	6.438055e-04
2.794322e+02	6.437487e-04
2.795398e+02	6.437114e-04
2.796478e+02	6.437220e-04
2.797569e+02	6.438124e-04
2.798748e+02	6.437630e-04
2.799870e+02	6.437888e-04
2.800959e+02	6.438185e-04
2.802044e+02	6.438390e-04
2.803124e+02	6.439203e-04
2.804200e+02	6.437676e-04
2.805285e+02	6.438602e-04
2.806384e+02	6.438436e-04
2.807473e+02	6.438207e-04
2.808540e+02	6.438815e-04
2.809664e+02	6.437775e-04
2.810748e+02	6.438079e-04
2.811825e+02	6.439977e-04
2.812889e+02	6.439271e-04
2.813976e+02	6.439271e-04
2.815043e+02	6.438990e-04
2.816139e+02	6.438990e-04
2.817222e+02	6.438990e-04
2.818354e+02	6.438838e-04
2.819430e+02	6.439658e-04
2.820508e+02	6.438914e-04
2.821602e+02	6.439688e-04
2.822684e+02	6.439658e-04
2.823763e+02	6.438739e-04
2.824858e+02	6.438807e-04
2.825941e+02	6.440303e-04
2.827017e+02	6.438747e-04
2.828093e+02	6.439355e-04
2.829188e+02	6.439278e-04
2.830278e+02	6.439954e-04
2.831363e+02	6.439794e-04
2.832452e+02	6.439392e-04
2.833634e+02	6.440356e-04
2.834711e+02	6.439825e-04
2.835798e+02	6.439840e-04
2.836866e+02	6.440576e-04
2.837961e+02	6.439536e-04
2.839051e+02	6.440539e-04
2.840128e+02	6.440083e-04
2.841423e+02	6.439719e-04
2.842542e+02	6.439863e-04
2.843606e+02	6.440371e-04
2.844689e+02	6.440219e-04
2.845794e+02	6.440713e-04
2.846879e+02	6.440014e-04
2.847969e+02	6.440653e-04
2.849050e+02	6.440607e-04
2.850144e+02	6.439871e-04
2.851227e+02	6.440136e-04
2.852306e+02	6.440600e-04
2.853416e+02	6.441442e-04
2.854499e+02	6.440136e-04
2.855579e+02	6.441807e-04
2.856653e+02	6.441685e-04
2.857732e+02	6.440067e-04
2.858826e+02	6.440827e-04
2.859909e+02	6.441162e-04
2.861007e+02	6.441564e-04
2.862084e+02	6.379694e-04
2.863151e+02	6.444192e-04
2.864231e+02	6.449150e-04
2.865314e+02	6.450000e-04
2.866406e+02	6.451170e-04
2.867493e+02	6.449734e-04
2.868587e+02	6.452232e-04
2.869672e+02	6.448967e-04
2.870773e+02	6.451063e-04
2.871867e+02	6.449954e-04
2.872950e+02	6.450106e-04
2.874028e+02	6.452065e-04
2.875103e+02	6.450736e-04
2.876171e+02	6.451640e-04
2.877253e+02	6.450084e-04
2.878359e+02	6.450608e-04
2.879436e+02	6.451990e-04
2.880545e+02	6.451648e-04
2.881641e+02	6.449643e-04
2.882739e+02	6.451283e-04
2.883839e+02	6.452285e-04
2.884945e+02	6.450372e-04
2.886023e+02	6.453204e-04
2.887116e+02	6.451693e-04
2.888198e+02	6.450752e-04
2.889273e+02	6.451404e-04
2.890364e+02	6.449886e-04
2.891452e+02	6.451671e-04
2.892528e+02	6.451124e-04
2.893614e+02	6.450782e-04
2.894707e+02	6.452210e-04
2.895778e+02	6.452651e-04
2.896880e+02	6.450516e-04
2.897968e+02	6.451389e-04
2.899045e+02	6.452567e-04
2.900137e+02	6.450007e-04
2.901207e+02	6.453872e-04
2.902280e+02	6.453098e-04
2.903373e+02	6.450904e-04
2.904447e+02	6.451602e-04
2.905533e+02	6.453614e-04
2.906626e+02	6.452453e-04
2.907698e+02	6.451845e-04
2.908772e+02	6.451982e-04
2.909844e+02	6.452596e-04
2.910935e+02	6.451860e-04
2.912038e+02	6.450972e-04
2.913138e+02	6.453971e-04
2.914243e+02	6.452506e-04
2.915316e+02	6.450478e-04
2.916404e+02	6.453022e-04
2.917476e+02	6.452992e-04
2.918561e+02	6.452863e-04
2.919672e+02	6.454928e-04
2.920872e+02	6.454154e-04
2.921959e+02	6.453266e-04
2.923029e+02	6.453447e-04
2.924121e+02	6.454009e-04
2.925204e+02	6.453425e-04
2.926316e+02	6.453622e-04
2.927390e+02	6.453637e-04
2.928458e+02	6.453751e-04
2.929543e+02	6.454723e-04
2.930623e+02	6.453660e-04
2.931695e+02	6.452294e-04
2.932781e+02	6.454214e-04
2.933901e+02	6.455361e-04
2.934978e+02	6.454487e-04
2.936071e+02	6.454169e-04
2.937189e+02	6.454282e-04
2.938283e+02	6.454943e-04
2.939360e+02	6.455657e-04
2.940453e+02	6.454229e-04
2.941529e+02	6.454244e-04
2.942604e+02	6.454321e-04
2.943706e+02	6.455831e-04
2.944787e+02	6.453979e-04
2.945870e+02	6.454169e-04
2.946952e+02	6.453235e-04
2.948036e+02	6.452772e-04
2.949121e+02	6.455718e-04
2.950198e+02	6.454130e-04
2.951301e+02	6.452741e-04
2.952380e+02	6.454442e-04
2.953462e+02	6.455278e-04
2.954540e+02	6.454200e-04
2.955642e+02	6.454890e-04
2.956740e+02	6.454282e-04
2.957823e+02	6.453698e-04
2.958929e+02	6.454465e-04
2.960024e+02	6.454191e-04
2.961106e+02	6.455384e-04
2.962183e+02	6.455323e-04
2.963254e+02	6.454427e-04
2.964343e+02	6.455179e-04
2.965424e+02	6.456051e-04
2.966505e+02	6.454473e-04
2.967608e+02	6.455474e-04
2.968712e+02	6.455064e-04
2.969786e+02	6.457054e-04
2.970860e+02	6.454852e-04
2.971940e+02	6.456500e-04
2.973036e+02	6.455505e-04
2.974140e+02	6.455961e-04
2.975222e+02	6.455619e-04
2.976303e+02	6.456477e-04
2.977372e+02	6.455528e-04
2.978480e+02	6.457745e-04
2.979581e+02	6.456128e-04
2.980704e+02	6.456516e-04
2.981780e+02	6.455581e-04
2.982978e+02	6.456818e-04
2.984063e+02	6.455877e-04
2.985133e+02	6.457373e-04
2.986208e+02	6.456705e-04
2.987304e+02	6.458094e-04
2.988391e+02	6.455581e-04
2.989486e+02	6.457981e-04
2.990572e+02	6.456173e-04
2.991676e+02	6.457578e-04
2.992764e+02	6.456060e-04
2.993855e+02	6.457388e-04
2.994936e+02	6.458611e-04
2.996040e+02	6.456697e-04
2.997158e+02	6.457373e-04
2.998243e+02	6.457836e-04
2.999332e+02	6.456424e-04
3.000425e+02	2.533357e-04
3.001505e+02	1.945385e-06
3.002576e+02	1.899066e-06
3.003661e+02	1.867935e-06
3.004764e+02	1.944626e-06
3.005850e+02	1.880843e-06
3.006925e+02	1.884640e-06
3.008014e+02	1.867935e-06
3.009091e+02	1.897548e-06
3.010166e+02	1.894511e-06
3.011272e+02	1.859582e-06
3.012370e+02	1.854267e-06
3.013459e+02	1.883121e-06
3.014546e+02	1.874008e-06
3.015625e+02	1.849710e-06
3.016688e+02	1.869453e-06
3.017762e+02	1.914253e-06
3.018845e+02	1.850470e-06
3.019959e+02	1.842117e-06
3.021045e+02	1.880843e-06
3.022178e+02	1.858063e-06
3.023258e+02	1.878565e-06
3.024348e+02	1.866415e-06
3.025419e+02	1.897548e-06
3.026512e+02	1.863378e-06
3.027587e+02	1.882361e-06
3.028687e+02	1.896029e-06
3.029751e+02	1.855785e-06
3.030832e+02	1.892233e-06
3.031920e+02	1.894511e-06
3.033009e+02	1.876286e-06
3.034093e+02	1.914253e-06
3.035179e+02	1.845154e-06
3.036278e+02	1.855785e-06
3.037410e+02	1.860341e-06
3.038482e+02	1.896029e-06
3.039569e+02	1.894511e-06
3.040642e+02	1.859582e-06
3.041717e+02	1.869453e-06
3.042802e+02	1.869453e-06
3.043896e+02	1.866415e-06
3.044983e+02	1.849710e-06
3.046069e+02	1.868693e-06
3.047174e+02	1.846673e-06
3.048252e+02	1.874768e-06
3.049359e+02	1.878565e-06
3.050437e+02	1.908938e-06
3.051514e+02	1.840599e-06
3.052584e+02	1.877805e-06
3.053696e+02	1.883880e-06
3.054787e+02	1.868693e-06
3.055867e+02	1.876286e-06
3.056955e+02	1.884640e-06
3.058037e+02	1.839080e-06
3.059119e+02	1.877046e-06
3.060218e+02	1.874768e-06
3.061302e+02	1.841357e-06
3.062395e+02	1.886158e-06
3.063492e+02	1.880843e-06
3.064566e+02	1.902863e-06
3.065638e+02	1.892991e-06
3.066726e+02	1.874768e-06
3.067818e+02	1.835283e-06
3.068891e+02	1.884640e-06
3.069974e+02	1.841357e-06
3.071050e+02	1.857303e-06
3.072118e+02	1.875528e-06
3.073207e+02	1.858822e-06
3.074294e+02	1.880083e-06
3.075382e+02	1.872490e-06
3.076470e+02	1.877046e-06
3.077529e+02	1.875528e-06
3.078628e+02	1.839839e-06
3.079706e+02	1.850470e-06
3.080814e+02	1.850470e-06
3.081909e+02	1.888436e-06
3.082991e+02	1.864138e-06
3.084114e+02	1.833005e-06
3.085192e+02	1.838320e-06
3.086283e+02	1.889195e-06
3.087379e+02	1.861860e-06
3.088474e+02	1.856545e-06
3.089570e+02	1.855025e-06
3.090650e+02	1.867935e-06
3.091764e+02	1.863378e-06
3.092853e+02	1.836802e-06
3.093924e+02	1.892233e-06
3.095017e+02	1.846673e-06
3.096107e+02	1.867935e-06
3.097195e+02	1.851229e-06
3.098289e+02	1.840599e-06
3.099376e+02	1.880843e-06
3.100462e+02	1.860341e-06
3.101553e+02	1.856545e-06
3.102632e+02	1.854267e-06
3.103726e+02	1.884640e-06
3.104843e+02	1.899066e-06
3.105925e+02	1.888436e-06
3.107010e+02	1.861100e-06
3.108117e+02	1.845154e-06
3.109195e+02	1.865656e-06
3.110282e+02	1.837561e-06
3.111367e+02	1.848950e-06
3.112461e+02	1.899066e-06
3.113538e+02	1.865656e-06
3.114609e+02	1.898308e-06
3.115708e+02	1.877046e-06
3.116806e+02	1.883121e-06
3.117892e+02	1.890714e-06
3.119014e+02	1.850470e-06
3.120107e+02	1.864897e-06
3.121193e+02	1.831487e-06
3.122286e+02	1.868693e-06
3.123381e+02	1.865656e-06
3.124448e+02	1.877805e-06
3.125557e+02	1.857303e-06
3.126663e+02	1.906659e-06
3.127767e+02	1.857303e-06
3.128843e+02	1.858063e-06
3.129927e+02	1.879325e-06
3.130998e+02	1.877046e-06
3.132093e+02	1.855785e-06
3.133167e+02	1.867175e-06
3.134251e+02	1.871731e-06
3.135338e+02	1.845914e-06
3.136421e+02	1.879325e-06
3.137486e+02	1.879325e-06
3.138593e+02	1.906659e-06
3.139699e+02	1.890714e-06
3.140761e+02	1.889955e-06
3.141833e+02	1.877805e-06
3.142898e+02	1.883880e-06
3.143984e+02	1.868693e-06
3.145061e+02	1.868693e-06
3.146152e+02	1.810984e-06
3.147251e+02	1.856545e-06
3.148364e+02	1.858822e-06
3.149427e+02	1.865656e-06
3.150509e+02	1.880083e-06
3.151599e+02	1.875528e-06
3.152682e+02	1.838320e-06
3.153762e+02	1.845914e-06
3.154825e+02	1.866415e-06
3.155898e+02	1.863378e-06
3.156991e+02	1.878565e-06
3.158062e+02	1.884640e-06
3.159173e+02	1.902104e-06
3.160271e+02	1.850470e-06
3.161347e+02	1.869453e-06
3.162427e+02	1.854267e-06
3.163522e+02	1.884640e-06
3.164609e+02	1.822374e-06
3.165687e+02	1.861860e-06
3.166770e+02	1.895270e-06
3.167846e+02	1.875528e-06
3.168939e+02	1.883121e-06
3.170018e+02	1.861860e-06
3.171091e+02	1.864138e-06
3.172170e+02	1.911216e-06
3.173252e+02	1.858063e-06
3.174348e+02	1.853507e-06
3.175436e+02	1.865656e-06
3.176506e+02	1.861100e-06
3.177613e+02	1.848950e-06
3.178700e+02	1.893751e-06
3.179817e+02	1.887676e-06
3.180892e+02	1.874008e-06
3.181970e+02	1.874768e-06
3.183089e+02	1.892233e-06
3.184173e+02	1.906659e-06
3.185267e+02	1.858063e-06
3.186351e+02	1.872490e-06
3.187433e+02	1.890714e-06
3.188516e+02	1.877046e-06
3.189608e+02	1.864897e-06
3.190690e+02	1.851988e-06
3.191774e+02	1.863378e-06
3.192867e+02	1.867175e-06
3.193933e+02	1.860341e-06
3.195003e+02	1.866415e-06
3.196096e+02	1.848950e-06
3.197162e+02	1.864138e-06
3.198238e+02	1.854267e-06
3.199326e+02	1.878565e-06
3.200411e+02	1.874768e-06
3.201489e+02	1.867935e-06
3.202584e+02	1.885398e-06
3.203678e+02	1.848192e-06
3.204770e+02	1.876286e-06
3.205870e+02	1.859582e-06
3.206952e+02	1.863378e-06
3.208056e+02	1.858063e-06
3.209134e+02	1.872490e-06
3.210209e+02	1.866415e-06
3.211292e+02	1.879325e-06
3.212377e+02	1.859582e-06
3.213470e+02	1.855025e-06
3.214562e+02	1.829209e-06
3.215661e+02	1.860341e-06
3.216747e+02	1.850470e-06
3.217838e+02	1.909697e-06
3.218934e+02	1.886918e-06
3.220030e+02	1.851988e-06
3.221113e+02	1.877805e-06
3.222209e+02	1.870971e-06
3.223301e+02	1.877046e-06
3.224371e+02	1.864897e-06
3.225457e+02	1.885398e-06
3.226553e+02	1.846673e-06
3.227643e+02	1.896788e-06
3.228739e+02	1.912734e-06
3.229827e+02	1.863378e-06
3.230909e+02	1.867935e-06
3.231988e+02	1.846673e-06
3.233064e+02	1.875528e-06
3.234145e+02	1.854267e-06
3.235237e+02	1.879325e-06
3.236310e+02	1.858063e-06
3.237396e+02	1.874768e-06
3.238480e+02	1.882361e-06
3.239552e+02	1.890714e-06
3.240611e+02	1.864138e-06
3.241694e+02	1.927161e-06
3.242797e+02	1.838320e-06
3.243875e+02	1.857303e-06
3.244952e+02	1.889195e-06
3.246030e+02	1.909697e-06
3.247133e+02	1.879325e-06
3.248234e+02	1.870212e-06
3.249329e+02	1.884640e-06
3.250394e+02	1.901344e-06
3.251494e+02	1.873250e-06
3.252574e+02	1.870971e-06
3.253724e+02	1.846673e-06
3.254833e+02	1.872490e-06
3.255899e+02	1.860341e-06
3.256976e+02	1.804911e-06
3.258109e+02	1.865656e-06
3.259203e+02	1.836802e-06
3.260289e+02	1.882361e-06
3.261423e+02	1.854267e-06
3.262487e+02	1.863378e-06
3.263564e+02	1.863378e-06
3.264642e+02	1.887676e-06
3.265729e+02	1.877046e-06
3.266846e+02	1.859582e-06
3.267953e+02	1.886158e-06
3.269051e+02	1.851988e-06
3.270169e+02	1.884640e-06
3.271254e+02	1.892991e-06
3.272341e+02	1.847432e-06
3.273442e+02	1.848950e-06
3.274530e+02	1.870971e-06
3.275613e+02	1.870971e-06
3.276696e+02	1.861860e-06
3.277774e+02	1.829967e-06
3.278866e+02	1.880083e-06
3.279958e+02	1.861100e-06
3.281023e+02	1.861100e-06
3.282108e+02	1.858063e-06
3.283194e+02	1.856545e-06
3.284274e+02	1.865656e-06
3.285361e+02	1.872490e-06
3.286456e+02	1.877046e-06
3.287555e+02	1.848192e-06
3.288642e+02	1.896029e-06
3.289753e+02	1.878565e-06
3.290854e+02	1.883121e-06
3.291934e+02	1.864897e-06
3.293031e+02	1.918809e-06
3.294126e+02	1.882361e-06
3.295192e+02	1.915012e-06
3.296286e+02	1.874008e-06
3.297474e+02	1.915012e-06
3.298556e+02	1.877805e-06
3.299642e+02	1.867935e-06
3.300734e+02	1.882361e-06
3.301807e+02	1.853507e-06
3.302882e+02	1.870971e-06
3.303955e+02	1.877046e-06
3.305049e+02	1.895270e-06
3.306163e+02	1.891473e-06
3.307242e+02	1.881602e-06
3.308364e+02	1.869453e-06
3.309440e+02	1.830727e-06
3.310514e+02	1.882361e-06
3.311615e+02	1.872490e-06
3.312701e+02	1.888436e-06
3.313794e+02	1.886158e-06
3.314881e+02	1.869453e-06
3.315960e+02	1.880083e-06
3.317045e+02	1.892233e-06
3.318148e+02	1.922606e-06
3.319238e+02	1.871731e-06
3.320312e+02	1.841357e-06
3.321389e+02	1.870212e-06
3.322502e+02	1.868693e-06
3.323587e+02	1.902104e-06
3.324682e+02	1.856545e-06
3.325763e+02	1.858063e-06
3.326839e+02	1.879325e-06
3.327957e+02	1.880083e-06
3.329053e+02	1.868693e-06
3.330123e+02	1.891473e-06
3.331212e+02	1.842877e-06
3.332335e+02	1.872490e-06
3.333418e+02	1.852748e-06
3.334517e+02	1.860341e-06
3.335588e+02	1.880083e-06
3.336667e+02	1.869453e-06
3.337750e+02	1.912734e-06
3.338832e+02	1.891473e-06
3.339911e+02	1.902104e-06
3.340992e+02	1.876286e-06
3.342075e+02	1.864897e-06
3.343154e+02	1.882361e-06
3.344239e+02	1.876286e-06
3.345301e+02	1.894511e-06
3.346387e+02	1.889955e-06
3.347476e+02	1.870971e-06
3.348563e+02	1.848950e-06
3.349653e+02	1.859582e-06
3.350726e+02	1.838320e-06
3.351825e+02	1.871731e-06
3.352927e+02	1.886918e-06
3.354018e+02	1.867175e-06
3.355099e+02	1.860341e-06
3.356173e+02	1.829209e-06
3.357266e+02	1.885398e-06
3.358354e+02	1.864897e-06
3.359450e+02	1.897548e-06
3.360524e+02	1.892233e-06
3.361622e+02	1.854267e-06
3.362704e+02	1.894511e-06
3.363782e+02	1.882361e-06
3.364893e+02	1.867935e-06
3.365989e+02	1.864138e-06
3.367071e+02	1.908938e-06
3.368165e+02	1.870971e-06
3.369250e+02	1.873250e-06
3.370357e+02	1.879325e-06
3.371446e+02	1.865656e-06
3.372538e+02	1.911216e-06
3.373609e+02	1.880843e-06
3.374677e+02	1.864897e-06
3.375782e+02	1.861860e-06
3.376854e+02	1.879325e-06
3.377926e+02	1.865656e-06
3.379014e+02	1.880843e-06
3.380109e+02	1.888436e-06
3.381196e+02	1.904381e-06
3.382294e+02	1.855025e-06
3.383392e+02	1.880083e-06
3.384480e+02	1.892991e-06
3.385559e+02	1.860341e-06
3.386644e+02	1.856545e-06
3.387729e+02	1.883880e-06
3.388810e+02	1.871731e-06
3.389903e+02	1.872490e-06
3.391002e+02	1.893751e-06
3.392113e+02	1.883880e-06
3.393196e+02	1.883880e-06
3.394286e+02	1.875528e-06
3.395379e+02	1.880083e-06
3.396470e+02	1.817059e-06
3.397551e+02	1.864138e-06
3.398616e+02	1.877046e-06
3.399704e+02	1.878565e-06
3.400785e+02	1.860341e-06
3.401868e+02	1.867935e-06
3.402953e+02	1.864138e-06
3.404041e+02	1.869453e-06
3.405117e+02	1.863378e-06
3.406202e+02	1.902863e-06
3.407286e+02	1.839080e-06
3.408376e+02	1.892233e-06
3.409445e+02	1.859582e-06
3.410528e+02	1.872490e-06
3.411626e+02	1.859582e-06
3.412726e+02	1.863378e-06
3.413822e+02	1.863378e-06
3.414904e+02	1.859582e-06
3.415984e+02	1.889195e-06
3.417058e+02	1.837561e-06
3.418142e+02	1.861100e-06
3.419216e+02	1.867935e-06
3.420280e+02	1.880843e-06
3.421376e+02	1.888436e-06
3.422485e+02	1.899826e-06
3.423570e+02	1.854267e-06
3.424685e+02	1.871731e-06
3.425795e+02	1.883121e-06
3.426880e+02	1.865656e-06
3.427984e+02	1.886918e-06
3.429055e+02	1.877046e-06
3.430125e+02	1.836042e-06
3.431227e+02	1.858063e-06
3.432309e+02	1.874768e-06
3.433406e+02	1.875528e-06
3.434525e+02	1.845154e-06
3.435601e+02	1.899826e-06
3.436694e+02	1.858822e-06
3.437782e+02	1.847432e-06
3.438885e+02	1.879325e-06
3.439958e+02	1.847432e-06
3.441040e+02	1.861100e-06
3.442162e+02	1.860341e-06
3.443252e+02	1.848950e-06
3.444334e+02	1.862618e-06
3.445434e+02	1.860341e-06
3.446507e+02	1.852748e-06
3.447619e+02	1.855025e-06
3.448697e+02	1.841357e-06
3.449762e+02	1.825412e-06
3.450865e+02	1.866415e-06
3.451947e+02	1.859582e-06
3.453037e+02	1.863378e-06
3.454139e+02	1.836802e-06
3.455212e+02	1.867175e-06
3.456294e+02	1.853507e-06
3.457367e+02	1.855025e-06
3.458452e+02	1.878565e-06
3.459541e+02	1.878565e-06
3.460609e+02	1.884640e-06
3.461711e+02	1.852748e-06
3.462794e+02	1.878565e-06
3.463873e+02	1.874768e-06
3.464960e+02	1.821615e-06
3.466057e+02	1.810984e-06
3.467142e+02	1.854267e-06
3.468219e+02	1.855785e-06
3.469302e+02	1.828449e-06
3.470368e+02	1.874008e-06
3.471441e+02	1.861100e-06
3.472525e+02	1.858063e-06
3.473613e+02	1.829209e-06
3.474687e+02	1.863378e-06
3.475759e+02	1.838320e-06
3.476837e+02	1.882361e-06
3.477928e+02	1.855025e-06
3.479014e+02	1.844395e-06
3.480109e+02	1.860341e-06
3.481178e+02	1.864138e-06
3.482278e+02	1.851229e-06
3.483379e+02	1.870212e-06
3.484475e+02	1.853507e-06
3.485548e+02	1.866415e-06
3.486669e+02	1.875528e-06
3.487746e+02	1.851229e-06
3.488829e+02	1.836042e-06
3.489917e+02	1.832245e-06
3.491004e+02	1.845914e-06
3.492089e+02	1.834524e-06
3.493157e+02	1.828449e-06
3.494270e+02	1.870971e-06
3.495342e+02	1.846673e-06
3.496417e+02	1.849710e-06
3.497499e+02	1.844395e-06
3.498583e+02	1.866415e-06
3.499655e+02	1.878565e-06
3.500754e+02	1.859582e-06
3.501837e+02	1.835283e-06
3.502909e+02	1.839839e-06
3.503985e+02	1.834524e-06
3.505098e+02	1.845914e-06
3.506177e+02	1.855025e-06
3.507285e+02	1.861860e-06
3.508370e+02	1.880843e-06
3.509478e+02	1.856545e-06
3.510581e+02	1.854267e-06
3.511649e+02	1.852748e-06
3.512730e+02	1.852748e-06
3.513802e+02	1.845154e-06
3.514873e+02	1.867935e-06
3.515968e+02	1.874008e-06
3.517042e+02	1.839080e-06
3.518119e+02	1.887676e-06
3.519212e+02	1.870212e-06
3.520336e+02	1.841357e-06
3.521670e+02	1.842117e-06
3.522746e+02	1.874008e-06
3.523826e+02	1.833764e-06
3.524900e+02	1.844395e-06
3.526000e+02	1.879325e-06
3.527094e+02	1.867175e-06
3.528191e+02	1.870212e-06
3.529300e+02	1.871731e-06
3.530364e+02	1.824652e-06
3.531466e+02	1.868693e-06
3.532562e+02	1.855025e-06
3.533650e+02	1.815541e-06
3.534738e+02	1.832245e-06
3.535829e+02	1.854267e-06
3.536928e+02	1.876286e-06
3.538012e+02	1.861100e-06
3.539096e+02	1.851229e-06
3.540200e+02	1.867935e-06
3.541282e+02	1.853507e-06
3.542371e+02	1.850470e-06
3.543468e+02	1.869453e-06
3.544566e+02	1.885398e-06
3.545656e+02	1.899826e-06
3.546731e+02	1.890714e-06
3.547850e+02	1.862618e-06
3.548957e+02	1.860341e-06
3.550040e+02	1.847432e-06
3.551134e+02	1.875528e-06
3.552224e+02	1.858822e-06
3.553316e+02	1.883880e-06
3.554390e+02	1.865656e-06
3.555456e+02	1.897548e-06
3.556529e+02	1.836042e-06
3.557628e+02	1.838320e-06
3.558709e+02	1.847432e-06
3.559792e+02	1.873250e-06
3.560895e+02	1.877046e-06
3.561979e+02	1.851229e-06
3.563061e+02	1.839080e-06
3.564161e+02	1.870971e-06
3.565264e+02	1.864138e-06
3.566338e+02	1.888436e-06
3.567422e+02	1.858822e-06
3.568518e+02	1.889195e-06
3.569598e+02	1.868693e-06
3.570674e+02	1.892991e-06
3.571757e+02	1.858822e-06
3.572846e+02	1.847432e-06
3.573945e+02	1.880843e-06
3.575036e+02	1.836042e-06
3.576104e+02	1.880843e-06
3.577199e+02	1.844395e-06
3.578293e+02	1.852748e-06
3.579388e+02	1.837561e-06
3.580491e+02	1.836042e-06
3.581575e+02	1.874768e-06
3.582643e+02	1.876286e-06
3.583729e+02	1.861100e-06
3.584812e+02	1.861100e-06
3.585890e+02	1.847432e-06
3.586986e+02	1.858063e-06
3.588069e+02	1.870971e-06
3.589153e+02	1.858822e-06
3.590243e+02	1.851229e-06
3.591339e+02	1.837561e-06
3.592425e+02	1.854267e-06
3.593523e+02	1.817059e-06
3.594601e+02	1.813262e-06
3.595680e+02	1.862618e-06
3.596773e+02	1.857303e-06
3.597857e+02	1.829209e-06
3.598933e+02	1.841357e-06
3.600042e+02	1.848950e-06
