# TEY data for sample P950-AlO2 1
# time(s)	normalized_TEY
0.000000e+00	1.891889e-06
1.062380e-01	1.918960e-06
2.135250e-01	1.897303e-06
3.207640e-01	1.889568e-06
4.279980e-01	1.867911e-06
5.342350e-01	1.896530e-06
6.414690e-01	1.882608e-06
7.487210e-01	1.915867e-06
8.559510e-01	1.907358e-06
9.621840e-01	1.885701e-06
1.070414e+00	1.906586e-06
1.176816e+00	1.903491e-06
1.283804e+00	1.867138e-06
1.390610e+00	1.893436e-06
1.499627e+00	1.884154e-06
1.608834e+00	1.884154e-06
1.716530e+00	1.896530e-06
1.824568e+00	1.894984e-06
1.933063e+00	1.924374e-06
2.041958e+00	1.894210e-06
2.150489e+00	1.902718e-06
2.257578e+00	1.901170e-06
2.365847e+00	1.909679e-06
2.472852e+00	1.879513e-06
2.581811e+00	1.884928e-06
2.691174e+00	1.896530e-06
2.798903e+00	1.860177e-06
2.905876e+00	1.879513e-06
3.015042e+00	1.884928e-06
3.122821e+00	1.889568e-06
3.231575e+00	1.885701e-06
3.340463e+00	1.871779e-06
3.448244e+00	1.878740e-06
3.554987e+00	1.853990e-06
3.663206e+00	1.875646e-06
3.771135e+00	1.884154e-06
3.880388e+00	1.921281e-06
3.988085e+00	1.881834e-06
4.096856e+00	1.903491e-06
4.204152e+00	1.922828e-06
4.313587e+00	1.905038e-06
4.422048e+00	1.879513e-06
4.528695e+00	1.875646e-06
4.637264e+00	1.875646e-06
4.745383e+00	1.860951e-06
4.853409e+00	1.866365e-06
4.961131e+00	1.884154e-06
5.068084e+00	1.917414e-06
5.178269e+00	1.873326e-06
5.287268e+00	1.888796e-06
5.394531e+00	1.866365e-06
5.503504e+00	1.909679e-06
5.611844e+00	1.901170e-06
5.719400e+00	1.904265e-06
5.827601e+00	1.865592e-06
5.935358e+00	1.888022e-06
6.043671e+00	1.903491e-06
6.151453e+00	1.888796e-06
6.258577e+00	1.900398e-06
6.366891e+00	1.890342e-06
6.475245e+00	1.901170e-06
6.582794e+00	1.897303e-06
6.691199e+00	1.853990e-06
6.800603e+00	1.915867e-06
6.908806e+00	1.888022e-06
7.016898e+00	1.920507e-06
7.125903e+00	1.897303e-06
7.233292e+00	1.889568e-06
7.340695e+00	1.879513e-06
7.449498e+00	1.921281e-06
7.557209e+00	1.878740e-06
7.664202e+00	1.864818e-06
7.771881e+00	1.889568e-06
7.880030e+00	1.916640e-06
7.988019e+00	1.892663e-06
8.096943e+00	1.884154e-06
8.204279e+00	1.914320e-06
8.312227e+00	1.891116e-06
8.421235e+00	1.949899e-06
8.528412e+00	1.903491e-06
8.635612e+00	1.884154e-06
8.742904e+00	1.911226e-06
8.849136e+00	1.923602e-06
8.957689e+00	1.901944e-06
9.064863e+00	1.866365e-06
9.172815e+00	1.865592e-06
9.281151e+00	1.849349e-06
9.389832e+00	1.905038e-06
9.497126e+00	1.867911e-06
9.603396e+00	1.891889e-06
9.717647e+00	1.888796e-06
9.827426e+00	1.907358e-06
9.935947e+00	1.922828e-06
1.004427e+01	1.899624e-06
1.015272e+01	1.927469e-06
1.026159e+01	1.878740e-06
1.036977e+01	1.887249e-06
1.047741e+01	1.893436e-06
1.058594e+01	1.882608e-06
1.069518e+01	1.922828e-06
1.080364e+01	1.872552e-06
1.091108e+01	1.910453e-06
1.101984e+01	1.907358e-06
1.112810e+01	1.896530e-06
1.123595e+01	1.901944e-06
1.134595e+01	1.905038e-06
1.145372e+01	1.904265e-06
1.156080e+01	1.877966e-06
1.166893e+01	1.854763e-06
1.177632e+01	1.920507e-06
1.188484e+01	1.885701e-06
1.199207e+01	1.843161e-06
1.209894e+01	1.892663e-06
1.220697e+01	1.867138e-06
1.231522e+01	1.900398e-06
1.242546e+01	1.886475e-06
1.253396e+01	1.870232e-06
1.264238e+01	1.840067e-06
1.274980e+01	1.895756e-06
1.285769e+01	1.895756e-06
1.296826e+01	1.880287e-06
1.307597e+01	1.905038e-06
1.318324e+01	1.883380e-06
1.329184e+01	1.881061e-06
1.339964e+01	1.913546e-06
1.350824e+01	1.883380e-06
1.361543e+01	1.878740e-06
1.372489e+01	1.888022e-06
1.383388e+01	1.894984e-06
1.394088e+01	1.889568e-06
1.404968e+01	1.873326e-06
1.415690e+01	1.887249e-06
1.426455e+01	1.895756e-06
1.437223e+01	1.889568e-06
1.448010e+01	1.878740e-06
1.458839e+01	1.845481e-06
1.469527e+01	1.916640e-06
1.480341e+01	1.906586e-06
1.491157e+01	1.894984e-06
1.501913e+01	1.917414e-06
1.512749e+01	1.916640e-06
1.523768e+01	1.914320e-06
1.534599e+01	1.907358e-06
1.545247e+01	1.895756e-06
1.556044e+01	1.922055e-06
1.566757e+01	1.904265e-06
1.577600e+01	1.905038e-06
1.588410e+01	1.925922e-06
1.599349e+01	1.881834e-06
1.610181e+01	1.897303e-06
1.620927e+01	1.869459e-06
1.631750e+01	1.925148e-06
1.642455e+01	1.918960e-06
1.653151e+01	1.908132e-06
1.663935e+01	1.849349e-06
1.674840e+01	1.892663e-06
1.685601e+01	1.879513e-06
1.696468e+01	1.895756e-06
1.707336e+01	1.862497e-06
1.718124e+01	1.901944e-06
1.728866e+01	1.920507e-06
1.739602e+01	1.909679e-06
1.750473e+01	1.899624e-06
1.761322e+01	1.875646e-06
1.772144e+01	1.879513e-06
1.783001e+01	1.894984e-06
1.793832e+01	1.902718e-06
1.804651e+01	1.890342e-06
1.815367e+01	1.884154e-06
1.826125e+01	1.843161e-06
1.836941e+01	1.902718e-06
1.847763e+01	1.868685e-06
1.858426e+01	1.867138e-06
1.869210e+01	1.898851e-06
1.879906e+01	1.857857e-06
1.890709e+01	1.899624e-06
1.901470e+01	1.858630e-06
1.912306e+01	1.888022e-06
1.923040e+01	1.864818e-06
1.933888e+01	1.898077e-06
1.944841e+01	1.860951e-06
1.955573e+01	1.880287e-06
1.966421e+01	1.886475e-06
1.977210e+01	1.894210e-06
1.988115e+01	1.891116e-06
1.999067e+01	1.871779e-06
2.009844e+01	1.876420e-06
2.020667e+01	1.896530e-06
2.031605e+01	1.912000e-06
2.042293e+01	1.877966e-06
2.053228e+01	1.894984e-06
2.063870e+01	1.883380e-06
2.074605e+01	1.903491e-06
2.085380e+01	1.887249e-06
2.096172e+01	1.881834e-06
2.107031e+01	1.877966e-06
2.117822e+01	1.881834e-06
2.128613e+01	1.857857e-06
2.139449e+01	1.879513e-06
2.150215e+01	1.865592e-06
2.161083e+01	1.836973e-06
2.171963e+01	1.888022e-06
2.182780e+01	1.889568e-06
2.193709e+01	1.883380e-06
2.204411e+01	1.866365e-06
2.215196e+01	1.887249e-06
2.225990e+01	1.923602e-06
2.236942e+01	1.893436e-06
2.247784e+01	1.922828e-06
2.258480e+01	1.884928e-06
2.269190e+01	1.843161e-06
2.279962e+01	1.877194e-06
2.290709e+01	1.886475e-06
2.301456e+01	1.894984e-06
2.312197e+01	1.880287e-06
2.323161e+01	1.861724e-06
2.333949e+01	1.887249e-06
2.344785e+01	1.860177e-06
2.355671e+01	1.875646e-06
2.366393e+01	1.915867e-06
2.377116e+01	1.870232e-06
2.387943e+01	1.876420e-06
2.398766e+01	1.881061e-06
2.409505e+01	1.906586e-06
2.420228e+01	1.896530e-06
2.432126e+01	1.884928e-06
2.443549e+01	1.883380e-06
2.454272e+01	1.885701e-06
2.464896e+01	1.877966e-06
2.475777e+01	1.846255e-06
2.486459e+01	1.877194e-06
2.497129e+01	1.860951e-06
2.507854e+01	1.859404e-06
2.518677e+01	1.889568e-06
2.529611e+01	1.889568e-06
2.540435e+01	1.915093e-06
2.551233e+01	1.863271e-06
2.561984e+01	1.900398e-06
2.572815e+01	1.855537e-06
2.583856e+01	1.891116e-06
2.594750e+01	1.860951e-06
2.605465e+01	1.907358e-06
2.616485e+01	1.882608e-06
2.627244e+01	1.943711e-06
2.638234e+01	1.885701e-06
2.648982e+01	1.907358e-06
2.659928e+01	1.877194e-06
2.670768e+01	1.884154e-06
2.681541e+01	1.926695e-06
2.692365e+01	1.866365e-06
2.702988e+01	1.872552e-06
2.713595e+01	1.912000e-06
2.724423e+01	1.867138e-06
2.735185e+01	1.900398e-06
2.746007e+01	1.889568e-06
2.756797e+01	1.878740e-06
2.767536e+01	1.887249e-06
2.778395e+01	1.853216e-06
2.789205e+01	1.847802e-06
2.799980e+01	1.922828e-06
2.810845e+01	1.896530e-06
2.821614e+01	1.874099e-06
2.832525e+01	1.867911e-06
2.843246e+01	1.867911e-06
2.853930e+01	1.901170e-06
2.864717e+01	1.836973e-06
2.875514e+01	1.900398e-06
2.886343e+01	1.889568e-06
2.897208e+01	1.893436e-06
2.907974e+01	1.858630e-06
2.918601e+01	1.875646e-06
2.929286e+01	1.888796e-06
2.940020e+01	1.924374e-06
2.950853e+01	1.882608e-06
2.961680e+01	1.891889e-06
2.972616e+01	1.869459e-06
2.983412e+01	1.873326e-06
2.994303e+01	1.933657e-06
3.005203e+01	1.919734e-06
3.016637e+01	1.883380e-06
3.027498e+01	1.902718e-06
3.038416e+01	1.882608e-06
3.049130e+01	1.905812e-06
3.059831e+01	1.864044e-06
3.070525e+01	1.879513e-06
3.081292e+01	1.877966e-06
3.092230e+01	1.905038e-06
3.103014e+01	1.861724e-06
3.113822e+01	1.881834e-06
3.124805e+01	1.915093e-06
3.135541e+01	1.908132e-06
3.146387e+01	1.921281e-06
3.157197e+01	1.901170e-06
3.168009e+01	1.883380e-06
3.178865e+01	1.864818e-06
3.189813e+01	1.864044e-06
3.200577e+01	1.857857e-06
3.211427e+01	1.912000e-06
3.222239e+01	1.895756e-06
3.232950e+01	1.912772e-06
3.243719e+01	1.891889e-06
3.254508e+01	1.833105e-06
3.265219e+01	1.877194e-06
3.276106e+01	1.879513e-06
3.286974e+01	1.867911e-06
3.297858e+01	1.883380e-06
3.308517e+01	1.915867e-06
3.319329e+01	1.884928e-06
3.330141e+01	1.907358e-06
3.340966e+01	1.894210e-06
3.351610e+01	1.918960e-06
3.362470e+01	1.878740e-06
3.373228e+01	1.877194e-06
3.383921e+01	1.890342e-06
3.394509e+01	1.881061e-06
3.405212e+01	1.880287e-06
3.415953e+01	1.891116e-06
3.426691e+01	1.900398e-06
3.437532e+01	1.869459e-06
3.448386e+01	1.893436e-06
3.459191e+01	1.860177e-06
3.470084e+01	1.895756e-06
3.480914e+01	1.910453e-06
3.491900e+01	1.925922e-06
3.502719e+01	1.922828e-06
3.513492e+01	1.888022e-06
3.524242e+01	1.942938e-06
3.535128e+01	1.881061e-06
3.545862e+01	1.889568e-06
3.556713e+01	1.867911e-06
3.567483e+01	1.908905e-06
3.578207e+01	1.904265e-06
3.588926e+01	1.898851e-06
3.599703e+01	1.935976e-06
3.610485e+01	1.897303e-06
3.621355e+01	1.867138e-06
3.631978e+01	1.874099e-06
3.642708e+01	1.871779e-06
3.653481e+01	1.915093e-06
3.664593e+01	1.902718e-06
3.675216e+01	1.918188e-06
3.685938e+01	1.880287e-06
3.696763e+01	1.894210e-06
3.707726e+01	1.921281e-06
3.718566e+01	1.917414e-06
3.729376e+01	1.873326e-06
3.740217e+01	1.890342e-06
3.751112e+01	1.881061e-06
3.761931e+01	1.895756e-06
3.772644e+01	1.877966e-06
3.783316e+01	1.915867e-06
3.793996e+01	1.921281e-06
3.804728e+01	1.921281e-06
3.815464e+01	1.887249e-06
3.826334e+01	1.877194e-06
3.837073e+01	1.937524e-06
3.847895e+01	1.894210e-06
3.858694e+01	1.870232e-06
3.869521e+01	1.887249e-06
3.880331e+01	1.898077e-06
3.891171e+01	1.863271e-06
3.902041e+01	1.933657e-06
3.912771e+01	1.906586e-06
3.923637e+01	1.884928e-06
3.934340e+01	1.839293e-06
3.945123e+01	1.901170e-06
3.955960e+01	1.890342e-06
3.966926e+01	1.908905e-06
3.977901e+01	1.891889e-06
3.988656e+01	1.898851e-06
3.999454e+01	1.915093e-06
4.010337e+01	1.865592e-06
4.021050e+01	1.888796e-06
4.031865e+01	1.905038e-06
4.042827e+01	1.881061e-06
4.053537e+01	1.895756e-06
4.064261e+01	1.905038e-06
4.075096e+01	1.890342e-06
4.085798e+01	1.876420e-06
4.096597e+01	1.883380e-06
4.107295e+01	1.881834e-06
4.118084e+01	1.898851e-06
4.128948e+01	1.891889e-06
4.139715e+01	1.898077e-06
4.150486e+01	1.884154e-06
4.161378e+01	1.889568e-06
4.172104e+01	1.908132e-06
4.182920e+01	1.890342e-06
4.193670e+01	1.923602e-06
4.204446e+01	1.897303e-06
4.215174e+01	1.918188e-06
4.226102e+01	1.876420e-06
4.236995e+01	1.891116e-06
4.247870e+01	1.891889e-06
4.258730e+01	1.906586e-06
4.269589e+01	1.881834e-06
4.280338e+01	1.901170e-06
4.291077e+01	1.919734e-06
4.301903e+01	1.872552e-06
4.312770e+01	1.920507e-06
4.323668e+01	1.901170e-06
4.334497e+01	1.915867e-06
4.345301e+01	1.881834e-06
4.356139e+01	1.894210e-06
4.366940e+01	1.898851e-06
4.377829e+01	1.912772e-06
4.388752e+01	1.903491e-06
4.399496e+01	1.907358e-06
4.410406e+01	1.883380e-06
4.421034e+01	1.908132e-06
4.431868e+01	1.897303e-06
4.442633e+01	1.885701e-06
4.453457e+01	1.890342e-06
4.464337e+01	1.878740e-06
4.475148e+01	1.904265e-06
4.486040e+01	1.878740e-06
4.496698e+01	1.897303e-06
4.507633e+01	1.905812e-06
4.518538e+01	1.867138e-06
4.529452e+01	1.899624e-06
4.540184e+01	1.886475e-06
4.551079e+01	1.912000e-06
4.561975e+01	1.888796e-06
4.572807e+01	1.884154e-06
4.583636e+01	1.889568e-06
4.594480e+01	1.895756e-06
4.605242e+01	1.894984e-06
4.616134e+01	1.894210e-06
4.626874e+01	1.877194e-06
4.637597e+01	1.890342e-06
4.648217e+01	1.884928e-06
4.658947e+01	1.880287e-06
4.669818e+01	1.907358e-06
4.680507e+01	1.925148e-06
4.691462e+01	1.898077e-06
4.702208e+01	1.916640e-06
4.713026e+01	1.891116e-06
4.723875e+01	1.864044e-06
4.734651e+01	1.901944e-06
4.745484e+01	1.874873e-06
4.756253e+01	1.909679e-06
4.767083e+01	1.901170e-06
4.777775e+01	1.895756e-06
4.788733e+01	1.883380e-06
4.799558e+01	1.907358e-06
4.810354e+01	1.887249e-06
4.821195e+01	1.885701e-06
4.832135e+01	1.918188e-06
4.842919e+01	1.915093e-06
4.853742e+01	1.910453e-06
4.864321e+01	1.918960e-06
4.875116e+01	1.896530e-06
4.886027e+01	1.912000e-06
4.896914e+01	1.893436e-06
4.907818e+01	1.919734e-06
4.918649e+01	1.887249e-06
4.929578e+01	1.912000e-06
4.940431e+01	1.902718e-06
4.951217e+01	1.900398e-06
4.962039e+01	1.888796e-06
4.972761e+01	1.916640e-06
4.983484e+01	1.890342e-06
4.994207e+01	1.920507e-06
5.005002e+01	1.908132e-06
5.015709e+01	1.932109e-06
5.026648e+01	1.912772e-06
5.037467e+01	1.892663e-06
5.048297e+01	1.897303e-06
5.059036e+01	1.860951e-06
5.069983e+01	1.868685e-06
5.080779e+01	1.881061e-06
5.091742e+01	1.898851e-06
5.102366e+01	1.896530e-06
5.113229e+01	1.888022e-06
5.124043e+01	1.913546e-06
5.134909e+01	1.881061e-06
5.145610e+01	1.885701e-06
5.156469e+01	1.883380e-06
5.167305e+01	1.898077e-06
5.178104e+01	1.924374e-06
5.188969e+01	1.888796e-06
5.199875e+01	1.874099e-06
5.210641e+01	1.894984e-06
5.221417e+01	1.898851e-06
5.232222e+01	1.894984e-06
5.242976e+01	1.889568e-06
5.253713e+01	1.898851e-06
5.264545e+01	1.898851e-06
5.275268e+01	1.919734e-06
5.285907e+01	1.894984e-06
5.296726e+01	1.884928e-06
5.307521e+01	1.906586e-06
5.318212e+01	1.931336e-06
5.329199e+01	1.925148e-06
5.339996e+01	1.924374e-06
5.350706e+01	1.921281e-06
5.361534e+01	1.912772e-06
5.372435e+01	1.932109e-06
5.383330e+01	1.915093e-06
5.394173e+01	1.914320e-06
5.404937e+01	1.938297e-06
5.415790e+01	1.883380e-06
5.426721e+01	1.910453e-06
5.437540e+01	1.899624e-06
5.448400e+01	1.902718e-06
5.459134e+01	1.916640e-06
5.470048e+01	1.916640e-06
5.480810e+01	1.897303e-06
5.491579e+01	1.898851e-06
5.502421e+01	1.927469e-06
5.513310e+01	1.893436e-06
5.524179e+01	1.884154e-06
5.535033e+01	1.887249e-06
5.545971e+01	1.917414e-06
5.556877e+01	1.868685e-06
5.567821e+01	1.912772e-06
5.578490e+01	1.924374e-06
5.589395e+01	1.904265e-06
5.600240e+01	1.899624e-06
5.610953e+01	1.908132e-06
5.621746e+01	1.906586e-06
5.632430e+01	1.912000e-06
5.643289e+01	1.912772e-06
5.654091e+01	1.899624e-06
5.664881e+01	1.897303e-06
5.675683e+01	1.870232e-06
5.686443e+01	1.902718e-06
5.697422e+01	1.898851e-06
5.708152e+01	1.898851e-06
5.719057e+01	1.886475e-06
5.729965e+01	1.892663e-06
5.740614e+01	1.884928e-06
5.751580e+01	1.915867e-06
5.762275e+01	1.884928e-06
5.773173e+01	1.890342e-06
5.784054e+01	1.882608e-06
5.794934e+01	1.900398e-06
5.805758e+01	1.881834e-06
5.816435e+01	1.876420e-06
5.827267e+01	1.920507e-06
5.838052e+01	1.903491e-06
5.848990e+01	1.884154e-06
5.859960e+01	1.894210e-06
5.870964e+01	1.904265e-06
5.881762e+01	1.893436e-06
5.892520e+01	1.915867e-06
5.903355e+01	1.871779e-06
5.914321e+01	1.907358e-06
5.924945e+01	1.913546e-06
5.935837e+01	1.891116e-06
5.946750e+01	1.925922e-06
5.957512e+01	1.918960e-06
5.968394e+01	1.926695e-06
5.979194e+01	1.913546e-06
5.990168e+01	1.886475e-06
6.001066e+01	1.320561e-03
6.011959e+01	1.550086e-03
6.022653e+01	1.415310e-03
6.033415e+01	1.299289e-03
6.044258e+01	1.211983e-03
6.055136e+01	1.146321e-03
6.066121e+01	1.094696e-03
6.077036e+01	1.054466e-03
6.087946e+01	1.021839e-03
6.098751e+01	9.949058e-04
6.109570e+01	9.728783e-04
6.120495e+01	9.534890e-04
6.131255e+01	9.373809e-04
6.141878e+01	9.233387e-04
6.152625e+01	9.108657e-04
6.163399e+01	8.999792e-04
6.174319e+01	8.902390e-04
6.185073e+01	8.818043e-04
6.195884e+01	8.740790e-04
6.206804e+01	8.670095e-04
6.217614e+01	8.607221e-04
6.228755e+01	8.549597e-04
6.239480e+01	8.497906e-04
6.250499e+01	8.451700e-04
6.261397e+01	8.405508e-04
6.273867e+01	8.360857e-04
6.284934e+01	8.323343e-04
6.295756e+01	8.289767e-04
6.306548e+01	8.258976e-04
6.317385e+01	8.230303e-04
6.328299e+01	8.203101e-04
6.339156e+01	8.178195e-04
6.350039e+01	8.152168e-04
6.360961e+01	8.131269e-04
6.371836e+01	8.109619e-04
6.382787e+01	8.089973e-04
6.393755e+01	8.071720e-04
6.404749e+01	8.053652e-04
6.415746e+01	8.036133e-04
6.426559e+01	8.022249e-04
6.437342e+01	8.005836e-04
6.448349e+01	7.992201e-04
6.459113e+01	7.978819e-04
6.469940e+01	7.965260e-04
6.480754e+01	7.953380e-04
6.491657e+01	7.941731e-04
6.502474e+01	7.929820e-04
6.513296e+01	7.921513e-04
6.524004e+01	7.910097e-04
6.534880e+01	7.899756e-04
6.545757e+01	7.889716e-04
6.556664e+01	7.880396e-04
6.567505e+01	7.871129e-04
6.578258e+01	7.864099e-04
6.589180e+01	7.856201e-04
6.600075e+01	7.848452e-04
6.610884e+01	7.841444e-04
6.621784e+01	7.833206e-04
6.632618e+01	7.827583e-04
6.643413e+01	7.819725e-04
6.654240e+01	7.813800e-04
6.665050e+01	7.806646e-04
6.675977e+01	7.801834e-04
6.686990e+01	7.794077e-04
6.697789e+01	7.788183e-04
6.708773e+01	7.783125e-04
6.719658e+01	7.778267e-04
6.730544e+01	7.772049e-04
6.741364e+01	7.769194e-04
6.752254e+01	7.761917e-04
6.763039e+01	7.756874e-04
6.773893e+01	7.753254e-04
6.784720e+01	7.747979e-04
6.795504e+01	7.742688e-04
6.806383e+01	7.739207e-04
6.817225e+01	7.736052e-04
6.828043e+01	7.730824e-04
6.838817e+01	7.725015e-04
6.849660e+01	7.720668e-04
6.860525e+01	7.717287e-04
6.871431e+01	7.715330e-04
6.882321e+01	7.711069e-04
6.893039e+01	7.708176e-04
6.903960e+01	7.704170e-04
6.914885e+01	7.700047e-04
6.925700e+01	7.696775e-04
6.936661e+01	7.692714e-04
6.947444e+01	7.689520e-04
6.958326e+01	7.686364e-04
6.969121e+01	7.682636e-04
6.980033e+01	7.680571e-04
6.990843e+01	7.676766e-04
7.001566e+01	7.675319e-04
7.012451e+01	7.672271e-04
7.023246e+01	7.668374e-04
7.034120e+01	7.664251e-04
7.044901e+01	7.662557e-04
7.055904e+01	7.661389e-04
7.066763e+01	7.659958e-04
7.077594e+01	7.656494e-04
7.088357e+01	7.652912e-04
7.099331e+01	7.649849e-04
7.110185e+01	7.648016e-04
7.121122e+01	7.644551e-04
7.132767e+01	7.642416e-04
7.143656e+01	7.640661e-04
7.154498e+01	7.639694e-04
7.165440e+01	7.636460e-04
7.176270e+01	7.634511e-04
7.187142e+01	7.632887e-04
7.197894e+01	7.630404e-04
7.208826e+01	7.627062e-04
7.219723e+01	7.626893e-04
7.230632e+01	7.622360e-04
7.241283e+01	7.623203e-04
7.252158e+01	7.621339e-04
7.263039e+01	7.619251e-04
7.273925e+01	7.617163e-04
7.284806e+01	7.616544e-04
7.295678e+01	7.613032e-04
7.306483e+01	7.611230e-04
7.317341e+01	7.611261e-04
7.328128e+01	7.609490e-04
7.338944e+01	7.604347e-04
7.349931e+01	7.602536e-04
7.360847e+01	7.602150e-04
7.371840e+01	7.601229e-04
7.382766e+01	7.572340e-04
7.393769e+01	7.606751e-04
7.404666e+01	7.605561e-04
7.415649e+01	7.603952e-04
7.426441e+01	7.603240e-04
7.437279e+01	7.600347e-04
7.448196e+01	7.599187e-04
7.459131e+01	7.598971e-04
7.469873e+01	7.597091e-04
7.480772e+01	7.596139e-04
7.491667e+01	7.594895e-04
7.502517e+01	7.595436e-04
7.513467e+01	7.590997e-04
7.524280e+01	7.590037e-04
7.535200e+01	7.588335e-04
7.546125e+01	7.587655e-04
7.556911e+01	7.588606e-04
7.567796e+01	7.586881e-04
7.578769e+01	7.584182e-04
7.589530e+01	7.581220e-04
7.600404e+01	7.583053e-04
7.611231e+01	7.582735e-04
7.622071e+01	7.580013e-04
7.632826e+01	7.578420e-04
7.643631e+01	7.578396e-04
7.654400e+01	7.576742e-04
7.665390e+01	7.575976e-04
7.676297e+01	7.575133e-04
7.687220e+01	7.573826e-04
7.698015e+01	7.572673e-04
7.708930e+01	7.571900e-04
7.719805e+01	7.571034e-04
7.730542e+01	7.570159e-04
7.741351e+01	7.569471e-04
7.752237e+01	7.569301e-04
7.763273e+01	7.568744e-04
7.774178e+01	7.566076e-04
7.785172e+01	7.566524e-04
7.795794e+01	7.564822e-04
7.806687e+01	7.563167e-04
7.817541e+01	7.565526e-04
7.828361e+01	7.561991e-04
7.839214e+01	7.562749e-04
7.850167e+01	7.561365e-04
7.861080e+01	7.561210e-04
7.871916e+01	7.559656e-04
7.882761e+01	7.558162e-04
7.893672e+01	7.558148e-04
7.904600e+01	7.557443e-04
7.915495e+01	7.555432e-04
7.926354e+01	7.556570e-04
7.937296e+01	7.554589e-04
7.948163e+01	7.553460e-04
7.959039e+01	7.555100e-04
7.970059e+01	7.552191e-04
7.980934e+01	7.553143e-04
7.991928e+01	7.551913e-04
8.002673e+01	7.551341e-04
8.013587e+01	7.550699e-04
8.024267e+01	7.549810e-04
8.035129e+01	7.550521e-04
8.046010e+01	7.548865e-04
8.056992e+01	7.548378e-04
8.067856e+01	7.547287e-04
8.078606e+01	7.546731e-04
8.089451e+01	7.546986e-04
8.100365e+01	7.546228e-04
8.111084e+01	7.546066e-04
8.121930e+01	7.545563e-04
8.132944e+01	7.545655e-04
8.143946e+01	7.544210e-04
8.154775e+01	7.544217e-04
8.165689e+01	7.542670e-04
8.176553e+01	7.543196e-04
8.187469e+01	7.541548e-04
8.198380e+01	7.540133e-04
8.209206e+01	7.540102e-04
8.220058e+01	7.540365e-04
8.230989e+01	7.539676e-04
8.241949e+01	7.539205e-04
8.253087e+01	7.537968e-04
8.263932e+01	7.537750e-04
8.274777e+01	7.537588e-04
8.285672e+01	7.537171e-04
8.296635e+01	7.537534e-04
8.307588e+01	7.536785e-04
8.318591e+01	7.536073e-04
8.329351e+01	7.535400e-04
8.340319e+01	7.535539e-04
8.351176e+01	7.533730e-04
8.361977e+01	7.534448e-04
8.372847e+01	7.533427e-04
8.383662e+01	7.532716e-04
8.394439e+01	7.533241e-04
8.405357e+01	7.533396e-04
8.416159e+01	7.533118e-04
8.427128e+01	7.532004e-04
8.437985e+01	7.531802e-04
8.448899e+01	7.532221e-04
8.459679e+01	7.531385e-04
8.470592e+01	7.531378e-04
8.481271e+01	7.530635e-04
8.492044e+01	7.530280e-04
8.503012e+01	7.530357e-04
8.513726e+01	7.529196e-04
8.524519e+01	7.529095e-04
8.535268e+01	7.528779e-04
8.546187e+01	7.528617e-04
8.557162e+01	7.527432e-04
8.568062e+01	7.527224e-04
8.579042e+01	7.527812e-04
8.589986e+01	7.527425e-04
8.600803e+01	7.527046e-04
8.611606e+01	7.526458e-04
8.622413e+01	7.525955e-04
8.633125e+01	7.526729e-04
8.644132e+01	7.525569e-04
8.654942e+01	7.525739e-04
8.665872e+01	7.525979e-04
8.676763e+01	7.524215e-04
8.687625e+01	7.523720e-04
8.698507e+01	7.524285e-04
8.709435e+01	7.523233e-04
8.720399e+01	7.524463e-04
8.731023e+01	7.523457e-04
8.741782e+01	7.458247e-04
8.752713e+01	7.521385e-04
8.763485e+01	7.528020e-04
8.774245e+01	7.527084e-04
8.785207e+01	7.527502e-04
8.796180e+01	7.528338e-04
8.807012e+01	7.527270e-04
8.818013e+01	7.527039e-04
8.828671e+01	7.527239e-04
8.839499e+01	7.527448e-04
8.850366e+01	7.526412e-04
8.861074e+01	7.526559e-04
8.871922e+01	7.526350e-04
8.882683e+01	7.526249e-04
8.893412e+01	7.525825e-04
8.904191e+01	7.527030e-04
8.915022e+01	7.525771e-04
8.925780e+01	7.526327e-04
8.936682e+01	7.527116e-04
8.947423e+01	7.524788e-04
8.958342e+01	7.524997e-04
8.969118e+01	7.526180e-04
8.980081e+01	7.526025e-04
8.990945e+01	7.523720e-04
9.001874e+01	7.525724e-04
9.012785e+01	7.524656e-04
9.023590e+01	7.523704e-04
9.034434e+01	7.524247e-04
9.045262e+01	7.525298e-04
9.056119e+01	7.523713e-04
9.066941e+01	7.523929e-04
9.077875e+01	7.523457e-04
9.088786e+01	7.523311e-04
9.099714e+01	7.523017e-04
9.110568e+01	7.524146e-04
9.121349e+01	7.523813e-04
9.132234e+01	7.522498e-04
9.143071e+01	7.522777e-04
9.153934e+01	7.523457e-04
9.164787e+01	7.523798e-04
9.175548e+01	7.522606e-04
9.186517e+01	7.522638e-04
9.197514e+01	7.522784e-04
9.208310e+01	7.522212e-04
9.219066e+01	7.522429e-04
9.230049e+01	7.523241e-04
9.240994e+01	7.520712e-04
9.251843e+01	7.522321e-04
9.262688e+01	7.521632e-04
9.273632e+01	7.520456e-04
9.284562e+01	7.522328e-04
9.295432e+01	7.522173e-04
9.306433e+01	7.521888e-04
9.317181e+01	7.522158e-04
9.328101e+01	7.522676e-04
9.338993e+01	7.521385e-04
9.349993e+01	7.521810e-04
9.361017e+01	7.523519e-04
9.371789e+01	7.521625e-04
9.382704e+01	7.521872e-04
9.393472e+01	7.522490e-04
9.404384e+01	7.522236e-04
9.415252e+01	7.522057e-04
9.426128e+01	7.522591e-04
9.436925e+01	7.521616e-04
9.447633e+01	7.519621e-04
9.458536e+01	7.522575e-04
9.469437e+01	7.521834e-04
9.480319e+01	7.520171e-04
9.491157e+01	7.522669e-04
9.501934e+01	7.521957e-04
9.512790e+01	7.520364e-04
9.523664e+01	7.520882e-04
9.534391e+01	7.522158e-04
9.545224e+01	7.521470e-04
9.556037e+01	7.520456e-04
9.566956e+01	7.522506e-04
9.577805e+01	7.520611e-04
9.588628e+01	7.520912e-04
9.599476e+01	7.522212e-04
9.610302e+01	7.521679e-04
9.621120e+01	7.521632e-04
9.632095e+01	7.521856e-04
9.642993e+01	7.521222e-04
9.653799e+01	7.521192e-04
9.664723e+01	7.522050e-04
9.675629e+01	7.521361e-04
9.686589e+01	7.520263e-04
9.697605e+01	7.520519e-04
9.708379e+01	7.520928e-04
9.719281e+01	7.521192e-04
9.730270e+01	7.521439e-04
9.741163e+01	7.522599e-04
9.752146e+01	7.521338e-04
9.763005e+01	7.520573e-04
9.773794e+01	7.520193e-04
9.784833e+01	7.522027e-04
9.795675e+01	7.520317e-04
9.806654e+01	7.520604e-04
9.817571e+01	7.521632e-04
9.828316e+01	7.519877e-04
9.839223e+01	7.520541e-04
9.850130e+01	7.521106e-04
9.861057e+01	7.520936e-04
9.872004e+01	7.521176e-04
9.882796e+01	7.522498e-04
9.893714e+01	7.520974e-04
9.904579e+01	7.521331e-04
9.915405e+01	7.522514e-04
9.926307e+01	7.522444e-04
9.937245e+01	7.521531e-04
9.948122e+01	7.520487e-04
9.959108e+01	7.522777e-04
9.970109e+01	7.521888e-04
9.980937e+01	7.521625e-04
9.991854e+01	7.522243e-04
1.000252e+02	7.522018e-04
1.001326e+02	7.521933e-04
1.002427e+02	7.521895e-04
1.003522e+02	7.521594e-04
1.004607e+02	7.521547e-04
1.005694e+02	7.522297e-04
1.006789e+02	7.522467e-04
1.007880e+02	7.522018e-04
1.008968e+02	7.522027e-04
1.010044e+02	7.522436e-04
1.011135e+02	7.452276e-04
1.012211e+02	7.528160e-04
1.013295e+02	7.531077e-04
1.014387e+02	7.529923e-04
1.015482e+02	7.530256e-04
1.016580e+02	7.531254e-04
1.017675e+02	7.530689e-04
1.018752e+02	7.531131e-04
1.019845e+02	7.530852e-04
1.020929e+02	7.531369e-04
1.022019e+02	7.531153e-04
1.023091e+02	7.531826e-04
1.024167e+02	7.530852e-04
1.025257e+02	7.531663e-04
1.026356e+02	7.530805e-04
1.027451e+02	7.530976e-04
1.028534e+02	7.532128e-04
1.029632e+02	7.532074e-04
1.030718e+02	7.531339e-04
1.031800e+02	7.531703e-04
1.032877e+02	7.532538e-04
1.033950e+02	7.531385e-04
1.035022e+02	7.530619e-04
1.036114e+02	7.532105e-04
1.037194e+02	7.530913e-04
1.038276e+02	7.531230e-04
1.039362e+02	7.531788e-04
1.040452e+02	7.531934e-04
1.041543e+02	7.531594e-04
1.042636e+02	7.532236e-04
1.043717e+02	7.532615e-04
1.044800e+02	7.531122e-04
1.045889e+02	7.532708e-04
1.046975e+02	7.531748e-04
1.048074e+02	7.532305e-04
1.049160e+02	7.532066e-04
1.050246e+02	7.532514e-04
1.051332e+02	7.532027e-04
1.052418e+02	7.531455e-04
1.053515e+02	7.532545e-04
1.054598e+02	7.533698e-04
1.055691e+02	7.531447e-04
1.056780e+02	7.532785e-04
1.057872e+02	7.534085e-04
1.058968e+02	7.532368e-04
1.060042e+02	7.532662e-04
1.061121e+02	7.532174e-04
1.062195e+02	7.532893e-04
1.063280e+02	7.534325e-04
1.064355e+02	7.532971e-04
1.065435e+02	7.532074e-04
1.066523e+02	7.533845e-04
1.067597e+02	7.534928e-04
1.068696e+02	7.532082e-04
1.069765e+02	7.533373e-04
1.070847e+02	7.533466e-04
1.071935e+02	7.533744e-04
1.073010e+02	7.534139e-04
1.074109e+02	7.534401e-04
1.075194e+02	7.534278e-04
1.076302e+02	7.533683e-04
1.077393e+02	7.532909e-04
1.078465e+02	7.533845e-04
1.079560e+02	7.533714e-04
1.080643e+02	7.534193e-04
1.081741e+02	7.534781e-04
1.082909e+02	7.534092e-04
1.084009e+02	7.534641e-04
1.085099e+02	7.534356e-04
1.086189e+02	7.534316e-04
1.087280e+02	7.534704e-04
1.088350e+02	7.535083e-04
1.089438e+02	7.534495e-04
1.090531e+02	7.535315e-04
1.091609e+02	7.534889e-04
1.092695e+02	7.534742e-04
1.093781e+02	7.533730e-04
1.094867e+02	7.535144e-04
1.095954e+02	7.535415e-04
1.097051e+02	7.534217e-04
1.098143e+02	7.535600e-04
1.099228e+02	7.535539e-04
1.100333e+02	7.536560e-04
1.101530e+02	7.535755e-04
1.102616e+02	7.536614e-04
1.103698e+02	7.536815e-04
1.104789e+02	7.536011e-04
1.105869e+02	7.536522e-04
1.106967e+02	7.537557e-04
1.108052e+02	7.536011e-04
1.109125e+02	7.536591e-04
1.110195e+02	7.536969e-04
1.111283e+02	7.535887e-04
1.112381e+02	7.535663e-04
1.113481e+02	7.537294e-04
1.114561e+02	7.536513e-04
1.115637e+02	7.536273e-04
1.116744e+02	7.537999e-04
1.117827e+02	7.537209e-04
1.118928e+02	7.535005e-04
1.120008e+02	7.538161e-04
1.121107e+02	7.537635e-04
1.122213e+02	7.536343e-04
1.123289e+02	7.537279e-04
1.124381e+02	7.538192e-04
1.125459e+02	7.537651e-04
1.126537e+02	7.537728e-04
1.127630e+02	7.538679e-04
1.128711e+02	7.536661e-04
1.129787e+02	7.538076e-04
1.130874e+02	7.538246e-04
1.131971e+02	7.538587e-04
1.133055e+02	7.537797e-04
1.134144e+02	7.538130e-04
1.135239e+02	7.536606e-04
1.136324e+02	7.537009e-04
1.137416e+02	7.537557e-04
1.138492e+02	7.537797e-04
1.139591e+02	7.538517e-04
1.140673e+02	7.536993e-04
1.141757e+02	7.538230e-04
1.142844e+02	7.537844e-04
1.143937e+02	7.538169e-04
1.145039e+02	7.538100e-04
1.146121e+02	7.538401e-04
1.147229e+02	7.499828e-04
1.148316e+02	7.527008e-04
1.149401e+02	7.546793e-04
1.150495e+02	7.548324e-04
1.151602e+02	7.548030e-04
1.152699e+02	7.548092e-04
1.153780e+02	7.548959e-04
1.154869e+02	7.548432e-04
1.155969e+02	7.548472e-04
1.157053e+02	7.548974e-04
1.158148e+02	7.549222e-04
1.159227e+02	7.549322e-04
1.160314e+02	7.548966e-04
1.161402e+02	7.548865e-04
1.162514e+02	7.549268e-04
1.163600e+02	7.549136e-04
1.164682e+02	7.548842e-04
1.165765e+02	7.549747e-04
1.166847e+02	7.549105e-04
1.167940e+02	7.549972e-04
1.169044e+02	7.548362e-04
1.170144e+02	7.548881e-04
1.171230e+02	7.548935e-04
1.172303e+02	7.548472e-04
1.173383e+02	7.549307e-04
1.174456e+02	7.548896e-04
1.175547e+02	7.549422e-04
1.176629e+02	7.549624e-04
1.177708e+02	7.549592e-04
1.178792e+02	7.549940e-04
1.179868e+02	7.549646e-04
1.180948e+02	7.550467e-04
1.182036e+02	7.550274e-04
1.183132e+02	7.550351e-04
1.184209e+02	7.550582e-04
1.185296e+02	7.550939e-04
1.186385e+02	7.550142e-04
1.187472e+02	7.549895e-04
1.188559e+02	7.550413e-04
1.189652e+02	7.549702e-04
1.190738e+02	7.549384e-04
1.191828e+02	7.551069e-04
1.192918e+02	7.550815e-04
1.194020e+02	7.549879e-04
1.195110e+02	7.550428e-04
1.196189e+02	7.551511e-04
1.197282e+02	7.550622e-04
1.198379e+02	7.552037e-04
1.199464e+02	7.552122e-04
1.200546e+02	7.551951e-04
1.201642e+02	7.551906e-04
1.202722e+02	7.552571e-04
1.203813e+02	7.552563e-04
1.204896e+02	7.552308e-04
1.205996e+02	7.553105e-04
1.207092e+02	7.553336e-04
1.208183e+02	7.553058e-04
1.209253e+02	7.553150e-04
1.210363e+02	7.552934e-04
1.211454e+02	7.552308e-04
1.212525e+02	7.553298e-04
1.213630e+02	7.553816e-04
1.214716e+02	7.553159e-04
1.215806e+02	7.553259e-04
1.216890e+02	7.553367e-04
1.217987e+02	7.553901e-04
1.219075e+02	7.552609e-04
1.220173e+02	7.554249e-04
1.221261e+02	7.555958e-04
1.222360e+02	7.554218e-04
1.223448e+02	7.555300e-04
1.224537e+02	7.555022e-04
1.225613e+02	7.555062e-04
1.226722e+02	7.554519e-04
1.227804e+02	7.554837e-04
1.228896e+02	7.553839e-04
1.229999e+02	7.555123e-04
1.231096e+02	7.555564e-04
1.232182e+02	7.555053e-04
1.233265e+02	7.554674e-04
1.234360e+02	7.555749e-04
1.235454e+02	7.555286e-04
1.236542e+02	7.555332e-04
1.237630e+02	7.555533e-04
1.238727e+02	7.555076e-04
1.239815e+02	7.554806e-04
1.240902e+02	7.556036e-04
1.241996e+02	7.555316e-04
1.243078e+02	7.554550e-04
1.244163e+02	7.555116e-04
1.245240e+02	7.556453e-04
1.246328e+02	7.555363e-04
1.247421e+02	7.556539e-04
1.248512e+02	7.555161e-04
1.249602e+02	7.556191e-04
1.250710e+02	7.555688e-04
1.251793e+02	7.556469e-04
1.252874e+02	7.555834e-04
1.253953e+02	7.556151e-04
1.255045e+02	7.556005e-04
1.256140e+02	7.555726e-04
1.257240e+02	7.555170e-04
1.258334e+02	7.555356e-04
1.259417e+02	7.554744e-04
1.260510e+02	7.554559e-04
1.261594e+02	7.555107e-04
1.262696e+02	7.554853e-04
1.263796e+02	7.554295e-04
1.264873e+02	7.555455e-04
1.265963e+02	7.555626e-04
1.267059e+02	7.555533e-04
1.268156e+02	7.555092e-04
1.269238e+02	7.554288e-04
1.270332e+02	7.556855e-04
1.271426e+02	7.556314e-04
1.272503e+02	7.555316e-04
1.273609e+02	7.556584e-04
1.274699e+02	7.555888e-04
1.275776e+02	7.556128e-04
1.276858e+02	7.556779e-04
1.277930e+02	7.555904e-04
1.279031e+02	7.555603e-04
1.280093e+02	7.556662e-04
1.281159e+02	7.556245e-04
1.282242e+02	7.556330e-04
1.283322e+02	7.557931e-04
1.284400e+02	7.487600e-04
1.285494e+02	7.561032e-04
1.286588e+02	7.565023e-04
1.287666e+02	7.564258e-04
1.288759e+02	7.564242e-04
1.289853e+02	7.565704e-04
1.290929e+02	7.565394e-04
1.292007e+02	7.564884e-04
1.293090e+02	7.565549e-04
1.294188e+02	7.564760e-04
1.295286e+02	7.563414e-04
1.296394e+02	7.565549e-04
1.297499e+02	7.566006e-04
1.298586e+02	7.564729e-04
1.299693e+02	7.565596e-04
1.300783e+02	7.565510e-04
1.301880e+02	7.564961e-04
1.302972e+02	7.565618e-04
1.304058e+02	7.566532e-04
1.305162e+02	7.565719e-04
1.306262e+02	7.565944e-04
1.307332e+02	7.566354e-04
1.308412e+02	7.566872e-04
1.309497e+02	7.565441e-04
1.310588e+02	7.565441e-04
1.311683e+02	7.565479e-04
1.312772e+02	7.566578e-04
1.313869e+02	7.567862e-04
1.314964e+02	7.567181e-04
1.316043e+02	7.568759e-04
1.317143e+02	7.567097e-04
1.318234e+02	7.568937e-04
1.319324e+02	7.568334e-04
1.320426e+02	7.568798e-04
1.321572e+02	7.568442e-04
1.322675e+02	7.567088e-04
1.323772e+02	7.570368e-04
1.324864e+02	7.569510e-04
1.325969e+02	7.568396e-04
1.327058e+02	7.568960e-04
1.328156e+02	7.570708e-04
1.329263e+02	7.569038e-04
1.330355e+02	7.568303e-04
1.331437e+02	7.568744e-04
1.332520e+02	7.571923e-04
1.333612e+02	7.569541e-04
1.334691e+02	7.569231e-04
1.335775e+02	7.570174e-04
1.336871e+02	7.568891e-04
1.337956e+02	7.571149e-04
1.339049e+02	7.568327e-04
1.340141e+02	7.571775e-04
1.341236e+02	7.571582e-04
1.342314e+02	7.570089e-04
1.343410e+02	7.570329e-04
1.344522e+02	7.570167e-04
1.345604e+02	7.571683e-04
1.346684e+02	7.569819e-04
1.347774e+02	7.572333e-04
1.348876e+02	7.571404e-04
1.349956e+02	7.569811e-04
1.351052e+02	7.570414e-04
1.352133e+02	7.569903e-04
1.353217e+02	7.569115e-04
1.354318e+02	7.569719e-04
1.355399e+02	7.570507e-04
1.356498e+02	7.570314e-04
1.357599e+02	7.571505e-04
1.358706e+02	7.570174e-04
1.359798e+02	7.570731e-04
1.360865e+02	7.570183e-04
1.361944e+02	7.571536e-04
1.363047e+02	7.569858e-04
1.364137e+02	7.570677e-04
1.365242e+02	7.571119e-04
1.366312e+02	7.571575e-04
1.367395e+02	7.569966e-04
1.368485e+02	7.571056e-04
1.369564e+02	7.572913e-04
1.370655e+02	7.570500e-04
1.371755e+02	7.572387e-04
1.372837e+02	7.571598e-04
1.373921e+02	7.571745e-04
1.375014e+02	7.570948e-04
1.376084e+02	7.572363e-04
1.377174e+02	7.571211e-04
1.378255e+02	7.570630e-04
1.379359e+02	7.572642e-04
1.380439e+02	7.570832e-04
1.381518e+02	7.571536e-04
1.382608e+02	7.571900e-04
1.383684e+02	7.572309e-04
1.384762e+02	7.571683e-04
1.385863e+02	7.572394e-04
1.386941e+02	7.572178e-04
1.388025e+02	7.572186e-04
1.389100e+02	7.572031e-04
1.390194e+02	7.572015e-04
1.391275e+02	7.572542e-04
1.392350e+02	7.572154e-04
1.393459e+02	7.572812e-04
1.394561e+02	7.572688e-04
1.395653e+02	7.572085e-04
1.396731e+02	7.573864e-04
1.397821e+02	7.572897e-04
1.398908e+02	7.573214e-04
1.399986e+02	7.572603e-04
1.401064e+02	7.572688e-04
1.402141e+02	7.573748e-04
1.403222e+02	7.574189e-04
1.404312e+02	7.574019e-04
1.405398e+02	7.574305e-04
1.406480e+02	7.574599e-04
1.407562e+02	7.574792e-04
1.408632e+02	7.573655e-04
1.409710e+02	7.574003e-04
1.410810e+02	7.574715e-04
1.411892e+02	7.574437e-04
1.412966e+02	7.574359e-04
1.414053e+02	7.574599e-04
1.415144e+02	7.574839e-04
1.416221e+02	7.574846e-04
1.417307e+02	7.575837e-04
1.418384e+02	7.574428e-04
1.419464e+02	7.574614e-04
1.420543e+02	7.540969e-04
1.421612e+02	7.562471e-04
1.422683e+02	7.585164e-04
1.423760e+02	7.586286e-04
1.424824e+02	7.586928e-04
1.425913e+02	7.586169e-04
1.426987e+02	7.585659e-04
1.428084e+02	7.587230e-04
1.429161e+02	7.584909e-04
1.430253e+02	7.586548e-04
1.431326e+02	7.586680e-04
1.432407e+02	7.585110e-04
1.433476e+02	7.585899e-04
1.434561e+02	7.586131e-04
1.435659e+02	7.585675e-04
1.436737e+02	7.585419e-04
1.437814e+02	7.586773e-04
1.438907e+02	7.587594e-04
1.439988e+02	7.586997e-04
1.441072e+02	7.587439e-04
1.442150e+02	7.586658e-04
1.443222e+02	7.587121e-04
1.444314e+02	7.586139e-04
1.445392e+02	7.586757e-04
1.446465e+02	7.587430e-04
1.447547e+02	7.586835e-04
1.448628e+02	7.587516e-04
1.449711e+02	7.587013e-04
1.450780e+02	7.586912e-04
1.451856e+02	7.587709e-04
1.452929e+02	7.586054e-04
1.454028e+02	7.587237e-04
1.455104e+02	7.587260e-04
1.456180e+02	7.587864e-04
1.457268e+02	7.588142e-04
1.458347e+02	7.587663e-04
1.459434e+02	7.587585e-04
1.460522e+02	7.587601e-04
1.461606e+02	7.588034e-04
1.462694e+02	7.587778e-04
1.463791e+02	7.587740e-04
1.464860e+02	7.588753e-04
1.465942e+02	7.588212e-04
1.467029e+02	7.588668e-04
1.468102e+02	7.588514e-04
1.469182e+02	7.588514e-04
1.470277e+02	7.588344e-04
1.471358e+02	7.588962e-04
1.472439e+02	7.588878e-04
1.473523e+02	7.588026e-04
1.474604e+02	7.589241e-04
1.475679e+02	7.588584e-04
1.476759e+02	7.589125e-04
1.477840e+02	7.589380e-04
1.478912e+02	7.588436e-04
1.480023e+02	7.589008e-04
1.481136e+02	7.590014e-04
1.482215e+02	7.589758e-04
1.483289e+02	7.589852e-04
1.484363e+02	7.588777e-04
1.485456e+02	7.589179e-04
1.486534e+02	7.589565e-04
1.487607e+02	7.589140e-04
1.488683e+02	7.589782e-04
1.489789e+02	7.590308e-04
1.490924e+02	7.589627e-04
1.492012e+02	7.589983e-04
1.493107e+02	7.591585e-04
1.494207e+02	7.590061e-04
1.495279e+02	7.589735e-04
1.496349e+02	7.590586e-04
1.497429e+02	7.590710e-04
1.498497e+02	7.590061e-04
1.499586e+02	7.590757e-04
1.500671e+02	7.589859e-04
1.501755e+02	7.589929e-04
1.502822e+02	7.590184e-04
1.503893e+02	7.590346e-04
1.504981e+02	7.590424e-04
1.506068e+02	7.591259e-04
1.507154e+02	7.591035e-04
1.508235e+02	7.590409e-04
1.509324e+02	7.590130e-04
1.510404e+02	7.590703e-04
1.511486e+02	7.590595e-04
1.512567e+02	7.591724e-04
1.513663e+02	7.591112e-04
1.514819e+02	7.590602e-04
1.515921e+02	7.591051e-04
1.517043e+02	7.591291e-04
1.518161e+02	7.591112e-04
1.519233e+02	7.590440e-04
1.520339e+02	7.590470e-04
1.521418e+02	7.591282e-04
1.522507e+02	7.591816e-04
1.523607e+02	7.592002e-04
1.524693e+02	7.590440e-04
1.525781e+02	7.591453e-04
1.526881e+02	7.591538e-04
1.527987e+02	7.591267e-04
1.529082e+02	7.590865e-04
1.530175e+02	7.592550e-04
1.531250e+02	7.592187e-04
1.532347e+02	7.591569e-04
1.533441e+02	7.591769e-04
1.534534e+02	7.591313e-04
1.535621e+02	7.591336e-04
1.536708e+02	7.591785e-04
1.537795e+02	7.591515e-04
1.538872e+02	7.591785e-04
1.539987e+02	7.592729e-04
1.541076e+02	7.592667e-04
1.542178e+02	7.592326e-04
1.543262e+02	7.591754e-04
1.544339e+02	7.592357e-04
1.545429e+02	7.593093e-04
1.546508e+02	7.592334e-04
1.547593e+02	7.591855e-04
1.548676e+02	7.593394e-04
1.549763e+02	7.592837e-04
1.550844e+02	7.592381e-04
1.551923e+02	7.594090e-04
1.553006e+02	7.592256e-04
1.554080e+02	7.592234e-04
1.555188e+02	7.592775e-04
1.556331e+02	7.591940e-04
1.557421e+02	7.529080e-04
1.558500e+02	7.593062e-04
1.559572e+02	7.600827e-04
1.560714e+02	7.600309e-04
1.561787e+02	7.601685e-04
1.562861e+02	7.601979e-04
1.563940e+02	7.601609e-04
1.565019e+02	7.602296e-04
1.566090e+02	7.602305e-04
1.567168e+02	7.601763e-04
1.568250e+02	7.600951e-04
1.569347e+02	7.601245e-04
1.570411e+02	7.600951e-04
1.571496e+02	7.601369e-04
1.572640e+02	7.602111e-04
1.573751e+02	7.602011e-04
1.574842e+02	7.601454e-04
1.575926e+02	7.601531e-04
1.577013e+02	7.602002e-04
1.578098e+02	7.601299e-04
1.579174e+02	7.601523e-04
1.580247e+02	7.601771e-04
1.581340e+02	7.602320e-04
1.582411e+02	7.602491e-04
1.583494e+02	7.601887e-04
1.584569e+02	7.602011e-04
1.585666e+02	7.601245e-04
1.586759e+02	7.601090e-04
1.587893e+02	7.602157e-04
1.588961e+02	7.602018e-04
1.590046e+02	7.602467e-04
1.591137e+02	7.603356e-04
1.592218e+02	7.602861e-04
1.593291e+02	7.601957e-04
1.594376e+02	7.602621e-04
1.595453e+02	7.602258e-04
1.596531e+02	7.602026e-04
1.597590e+02	7.602150e-04
1.598670e+02	7.601825e-04
1.599749e+02	7.602111e-04
1.600839e+02	7.602141e-04
1.601910e+02	7.602491e-04
1.602986e+02	7.601701e-04
1.604062e+02	7.602359e-04
1.605124e+02	7.602529e-04
1.606223e+02	7.602707e-04
1.607285e+02	7.602962e-04
1.608363e+02	7.602390e-04
1.609436e+02	7.602799e-04
1.610540e+02	7.602807e-04
1.611652e+02	7.602312e-04
1.612745e+02	7.602776e-04
1.613815e+02	7.602714e-04
1.614924e+02	7.603086e-04
1.615999e+02	7.603789e-04
1.617078e+02	7.603627e-04
1.618160e+02	7.603674e-04
1.619235e+02	7.602846e-04
1.620323e+02	7.603341e-04
1.621391e+02	7.602505e-04
1.622480e+02	7.602908e-04
1.623552e+02	7.604740e-04
1.624630e+02	7.603047e-04
1.625713e+02	7.603635e-04
1.626785e+02	7.602536e-04
1.627877e+02	7.602769e-04
1.628975e+02	7.602985e-04
1.630078e+02	7.603124e-04
1.631148e+02	7.603588e-04
1.632227e+02	7.603813e-04
1.633322e+02	7.603240e-04
1.634401e+02	7.603054e-04
1.635477e+02	7.603674e-04
1.636561e+02	7.603380e-04
1.637654e+02	7.602853e-04
1.638739e+02	7.603712e-04
1.639805e+02	7.603705e-04
1.640890e+02	7.603905e-04
1.641970e+02	7.603588e-04
1.643053e+02	7.603696e-04
1.644145e+02	7.603681e-04
1.645223e+02	7.603719e-04
1.646298e+02	7.603573e-04
1.647380e+02	7.603510e-04
1.648454e+02	7.604509e-04
1.649544e+02	7.603743e-04
1.650632e+02	7.603921e-04
1.651724e+02	7.603750e-04
1.652817e+02	7.604215e-04
1.653881e+02	7.603449e-04
1.654961e+02	7.604493e-04
1.656063e+02	7.604610e-04
1.657133e+02	7.603411e-04
1.658220e+02	7.604895e-04
1.659294e+02	7.605367e-04
1.660383e+02	7.604547e-04
1.661466e+02	7.605878e-04
1.662544e+02	7.605274e-04
1.663605e+02	7.604826e-04
1.664689e+02	7.604338e-04
1.665763e+02	7.605607e-04
1.666859e+02	7.605708e-04
1.667929e+02	7.604725e-04
1.669012e+02	7.604648e-04
1.670093e+02	7.604733e-04
1.671175e+02	7.604262e-04
1.672269e+02	7.605715e-04
1.673343e+02	7.604826e-04
1.674437e+02	7.606071e-04
1.675501e+02	7.604949e-04
1.676571e+02	7.605151e-04
1.677660e+02	7.605290e-04
1.678735e+02	7.605205e-04
1.679827e+02	7.604980e-04
1.680927e+02	7.605546e-04
1.681998e+02	7.605027e-04
1.683081e+02	7.605321e-04
1.684157e+02	7.605878e-04
1.685238e+02	7.604895e-04
1.686334e+02	7.606489e-04
1.687418e+02	7.605344e-04
1.688505e+02	7.606024e-04
1.689589e+02	7.604780e-04
1.690662e+02	7.606466e-04
1.691741e+02	7.606821e-04
1.692869e+02	7.605352e-04
1.693969e+02	7.547071e-04
1.695051e+02	7.601856e-04
1.696139e+02	7.613929e-04
1.697216e+02	7.615267e-04
1.698275e+02	7.615168e-04
1.699377e+02	7.616203e-04
1.700450e+02	7.614912e-04
1.701535e+02	7.615422e-04
1.702633e+02	7.614943e-04
1.703715e+02	7.615128e-04
1.704791e+02	7.615700e-04
1.705885e+02	7.614548e-04
1.706952e+02	7.614989e-04
1.708029e+02	7.616033e-04
1.709112e+02	7.616683e-04
1.710197e+02	7.615523e-04
1.711260e+02	7.616026e-04
1.712337e+02	7.615949e-04
1.713426e+02	7.615786e-04
1.714540e+02	7.616165e-04
1.715622e+02	7.616048e-04
1.716715e+02	7.616304e-04
1.717792e+02	7.616203e-04
1.718878e+02	7.616567e-04
1.719958e+02	7.616057e-04
1.721063e+02	7.616018e-04
1.722149e+02	7.616675e-04
1.723216e+02	7.615700e-04
1.724314e+02	7.615963e-04
1.725405e+02	7.616474e-04
1.726505e+02	7.615577e-04
1.727587e+02	7.615894e-04
1.728666e+02	7.616281e-04
1.729766e+02	7.616768e-04
1.730870e+02	7.617471e-04
1.731953e+02	7.615956e-04
1.733032e+02	7.616961e-04
1.734119e+02	7.615902e-04
1.735202e+02	7.615538e-04
1.736275e+02	7.616297e-04
1.737368e+02	7.615848e-04
1.738445e+02	7.616513e-04
1.739517e+02	7.617069e-04
1.740592e+02	7.616180e-04
1.741670e+02	7.617101e-04
1.742744e+02	7.616018e-04
1.743814e+02	7.616683e-04
1.744904e+02	7.616621e-04
1.745997e+02	7.616234e-04
1.747087e+02	7.617372e-04
1.748165e+02	7.617108e-04
1.749239e+02	7.616560e-04
1.750336e+02	7.617727e-04
1.751412e+02	7.617163e-04
1.752507e+02	7.616497e-04
1.753594e+02	7.616815e-04
1.754681e+02	7.616652e-04
1.755781e+02	7.617294e-04
1.756874e+02	7.617147e-04
1.757950e+02	7.617851e-04
1.759015e+02	7.617024e-04
1.760087e+02	7.617727e-04
1.761161e+02	7.616506e-04
1.762244e+02	7.617511e-04
1.763310e+02	7.617464e-04
1.764401e+02	7.617812e-04
1.765492e+02	7.617038e-04
1.766578e+02	7.617217e-04
1.767661e+02	7.617402e-04
1.768756e+02	7.617835e-04
1.769854e+02	7.617518e-04
1.770943e+02	7.617534e-04
1.772012e+02	7.618625e-04
1.773073e+02	7.615925e-04
1.774167e+02	7.617960e-04
1.775234e+02	7.616915e-04
1.776329e+02	7.617433e-04
1.777412e+02	7.616993e-04
1.778478e+02	7.618169e-04
1.779560e+02	7.617410e-04
1.780647e+02	7.617611e-04
1.781715e+02	7.619538e-04
1.782795e+02	7.617511e-04
1.783886e+02	7.618694e-04
1.784980e+02	7.618059e-04
1.786046e+02	7.617410e-04
1.787133e+02	7.617657e-04
1.788202e+02	7.619065e-04
1.789289e+02	7.617781e-04
1.790388e+02	7.618725e-04
1.791474e+02	7.618995e-04
1.792597e+02	7.618957e-04
1.793679e+02	7.618578e-04
1.794778e+02	7.618865e-04
1.795865e+02	7.619668e-04
1.796950e+02	7.618701e-04
1.798035e+02	7.619607e-04
1.799108e+02	7.618988e-04
1.800210e+02	7.618517e-04
1.801321e+02	7.618299e-04
1.802405e+02	7.618701e-04
1.803468e+02	7.618733e-04
1.804538e+02	7.617960e-04
1.805621e+02	7.619204e-04
1.806699e+02	7.618856e-04
1.807782e+02	7.619375e-04
1.808866e+02	7.619049e-04
1.809944e+02	7.619646e-04
1.811010e+02	7.619406e-04
1.812088e+02	7.619174e-04
1.813171e+02	7.619607e-04
1.814244e+02	7.618322e-04
1.815331e+02	7.619453e-04
1.816403e+02	7.619313e-04
1.817474e+02	7.618988e-04
1.818569e+02	7.619746e-04
1.819656e+02	7.618299e-04
1.820748e+02	7.618717e-04
1.821836e+02	7.619754e-04
1.822923e+02	7.619413e-04
1.824010e+02	7.619985e-04
1.825079e+02	7.619731e-04
1.826162e+02	7.618818e-04
1.827290e+02	7.618586e-04
1.828405e+02	7.619105e-04
1.829501e+02	7.618625e-04
1.830573e+02	7.566415e-04
1.831650e+02	7.606427e-04
1.832742e+02	7.620001e-04
1.833821e+02	7.620589e-04
1.834908e+02	7.620766e-04
1.835979e+02	7.621370e-04
1.837071e+02	7.620914e-04
1.838137e+02	7.620705e-04
1.839202e+02	7.621215e-04
1.840323e+02	7.620070e-04
1.841390e+02	7.622283e-04
1.842483e+02	7.621231e-04
1.843558e+02	7.619978e-04
1.844619e+02	7.620658e-04
1.845709e+02	7.620550e-04
1.846822e+02	7.620891e-04
1.847923e+02	7.619738e-04
1.849002e+02	7.622221e-04
1.850094e+02	7.621533e-04
1.851176e+02	7.620124e-04
1.852259e+02	7.621285e-04
1.853329e+02	7.621060e-04
1.854399e+02	7.620225e-04
1.855494e+02	7.622144e-04
1.856582e+02	7.621617e-04
1.857661e+02	7.620295e-04
1.858775e+02	7.622344e-04
1.859887e+02	7.621626e-04
1.860969e+02	7.621633e-04
1.862041e+02	7.621942e-04
1.863141e+02	7.621648e-04
1.864309e+02	7.621239e-04
1.865381e+02	7.621006e-04
1.866471e+02	7.621494e-04
1.867553e+02	7.621702e-04
1.868642e+02	7.620945e-04
1.869720e+02	7.621572e-04
1.870812e+02	7.620961e-04
1.871890e+02	7.620798e-04
1.872969e+02	7.622182e-04
1.874041e+02	7.622391e-04
1.875125e+02	7.621525e-04
1.876232e+02	7.621170e-04
1.877317e+02	7.622353e-04
1.878404e+02	7.621285e-04
1.879478e+02	7.621897e-04
1.880550e+02	7.621780e-04
1.881644e+02	7.622198e-04
1.882726e+02	7.622330e-04
1.883816e+02	7.622182e-04
1.884914e+02	7.622097e-04
1.885998e+02	7.623111e-04
1.887074e+02	7.621927e-04
1.888163e+02	7.622878e-04
1.889242e+02	7.621974e-04
1.890309e+02	7.622809e-04
1.891390e+02	7.621966e-04
1.892461e+02	7.621664e-04
1.893541e+02	7.621920e-04
1.894623e+02	7.622020e-04
1.895710e+02	7.622066e-04
1.896794e+02	7.622972e-04
1.897880e+02	7.622809e-04
1.898970e+02	7.621316e-04
1.900047e+02	7.622917e-04
1.901132e+02	7.621758e-04
1.902221e+02	7.621927e-04
1.903308e+02	7.621842e-04
1.904409e+02	7.622337e-04
1.905509e+02	7.622267e-04
1.906591e+02	7.622043e-04
1.907674e+02	7.622909e-04
1.908749e+02	7.622855e-04
1.909822e+02	7.622260e-04
1.910924e+02	7.622917e-04
1.912007e+02	7.622932e-04
1.913090e+02	7.623017e-04
1.914173e+02	7.623350e-04
1.915254e+02	7.622391e-04
1.916325e+02	7.623621e-04
1.917401e+02	7.622662e-04
1.918477e+02	7.622887e-04
1.919565e+02	7.621812e-04
1.920656e+02	7.623520e-04
1.921738e+02	7.623621e-04
1.922821e+02	7.622770e-04
1.923904e+02	7.622801e-04
1.924980e+02	7.623583e-04
1.926074e+02	7.622368e-04
1.927144e+02	7.622028e-04
1.928231e+02	7.623783e-04
1.929309e+02	7.622182e-04
1.930405e+02	7.623451e-04
1.931518e+02	7.624487e-04
1.932611e+02	7.622732e-04
1.933699e+02	7.623165e-04
1.934780e+02	7.623419e-04
1.935880e+02	7.623049e-04
1.936964e+02	7.621834e-04
1.938057e+02	7.624355e-04
1.939122e+02	7.623868e-04
1.940220e+02	7.623350e-04
1.941296e+02	7.623374e-04
1.942639e+02	7.623536e-04
1.943711e+02	7.622638e-04
1.944780e+02	7.622678e-04
1.945864e+02	7.622723e-04
1.946967e+02	7.623605e-04
1.948050e+02	7.622847e-04
1.949126e+02	7.623598e-04
1.950194e+02	7.622476e-04
1.951267e+02	7.622979e-04
1.952337e+02	7.622267e-04
1.953418e+02	7.623551e-04
1.954520e+02	7.622553e-04
1.955598e+02	7.623188e-04
1.956665e+02	7.623419e-04
1.957730e+02	7.622701e-04
1.958818e+02	7.622855e-04
1.959893e+02	7.623304e-04
1.960963e+02	7.623536e-04
1.962031e+02	7.622267e-04
1.963145e+02	7.623033e-04
1.964229e+02	7.623002e-04
1.965296e+02	7.623080e-04
1.966383e+02	7.622546e-04
1.967452e+02	7.555540e-04
1.968523e+02	7.623814e-04
1.969615e+02	7.628896e-04
1.970697e+02	7.630830e-04
1.971781e+02	7.630729e-04
1.972847e+02	7.629607e-04
1.973931e+02	7.630698e-04
1.975000e+02	7.630606e-04
1.976092e+02	7.630079e-04
1.977172e+02	7.629592e-04
1.978255e+02	7.630110e-04
1.979345e+02	7.628943e-04
1.980424e+02	7.630303e-04
1.981511e+02	7.630520e-04
1.982580e+02	7.629940e-04
1.983662e+02	7.629616e-04
1.984739e+02	7.629468e-04
1.985836e+02	7.629631e-04
1.986931e+02	7.629771e-04
1.988011e+02	7.630180e-04
1.989078e+02	7.630218e-04
1.990153e+02	7.630025e-04
1.991237e+02	7.629948e-04
1.992307e+02	7.629901e-04
1.993381e+02	7.629771e-04
1.994465e+02	7.629282e-04
1.995552e+02	7.629607e-04
1.996636e+02	7.630072e-04
1.997710e+02	7.630628e-04
1.998794e+02	7.629910e-04
1.999875e+02	7.629964e-04
2.000971e+02	7.631688e-04
2.002049e+02	7.629639e-04
2.003129e+02	7.631131e-04
2.004254e+02	7.630729e-04
2.005331e+02	7.629012e-04
2.006415e+02	7.631402e-04
2.007502e+02	7.631270e-04
2.008614e+02	7.630204e-04
2.009730e+02	7.630651e-04
2.010820e+02	7.629924e-04
2.011903e+02	7.630041e-04
2.012997e+02	7.630790e-04
2.014075e+02	7.629183e-04
2.015160e+02	7.630249e-04
2.016247e+02	7.630651e-04
2.017328e+02	7.628779e-04
2.018410e+02	7.629228e-04
2.019496e+02	7.629894e-04
2.020575e+02	7.629105e-04
2.021662e+02	7.628857e-04
2.022746e+02	7.630512e-04
2.023834e+02	7.628386e-04
2.024903e+02	7.629562e-04
2.025996e+02	7.629531e-04
2.027088e+02	7.629383e-04
2.028174e+02	7.628563e-04
2.029256e+02	7.629870e-04
2.030350e+02	7.629345e-04
2.031463e+02	7.628029e-04
2.032570e+02	7.629739e-04
2.033649e+02	7.629917e-04
2.034717e+02	7.629461e-04
2.035793e+02	7.629701e-04
2.036876e+02	7.630288e-04
2.037959e+02	7.630420e-04
2.039034e+02	7.630366e-04
2.040106e+02	7.629971e-04
2.041171e+02	7.629639e-04
2.042299e+02	7.630682e-04
2.043377e+02	7.630195e-04
2.044453e+02	7.630110e-04
2.045538e+02	7.631356e-04
2.046606e+02	7.630303e-04
2.047682e+02	7.631580e-04
2.048777e+02	7.630691e-04
2.049876e+02	7.629592e-04
2.050969e+02	7.631131e-04
2.052059e+02	7.630900e-04
2.053150e+02	7.631371e-04
2.054214e+02	7.631394e-04
2.055287e+02	7.630752e-04
2.056381e+02	7.631432e-04
2.057473e+02	7.630651e-04
2.058557e+02	7.631030e-04
2.059634e+02	7.630930e-04
2.060710e+02	7.629515e-04
2.061782e+02	7.630682e-04
2.062853e+02	7.629793e-04
2.063947e+02	7.630458e-04
2.065039e+02	7.631425e-04
2.066125e+02	7.629901e-04
2.067200e+02	7.630985e-04
2.068275e+02	7.630296e-04
2.069439e+02	7.630474e-04
2.070512e+02	7.630435e-04
2.071606e+02	7.630095e-04
2.072697e+02	7.630768e-04
2.073809e+02	7.630265e-04
2.074903e+02	7.630041e-04
2.075992e+02	7.630969e-04
2.077074e+02	7.629940e-04
2.078155e+02	7.628865e-04
2.079237e+02	7.630065e-04
2.080307e+02	7.630853e-04
2.081381e+02	7.629345e-04
2.082465e+02	7.631858e-04
2.083547e+02	7.631077e-04
2.084626e+02	7.628633e-04
2.085720e+02	7.630227e-04
2.086798e+02	7.630760e-04
2.087887e+02	7.629113e-04
2.088976e+02	7.630505e-04
2.090080e+02	7.631750e-04
2.091188e+02	7.630265e-04
2.092261e+02	7.630582e-04
2.093336e+02	7.629832e-04
2.094416e+02	7.630644e-04
2.095478e+02	7.630512e-04
2.096570e+02	7.630467e-04
2.097647e+02	7.629352e-04
2.098726e+02	7.630505e-04
2.099812e+02	7.630520e-04
2.100898e+02	7.629569e-04
2.102153e+02	7.629592e-04
2.103245e+02	7.630729e-04
2.104339e+02	7.558031e-04
2.105396e+02	7.631603e-04
2.106462e+02	7.634457e-04
2.107541e+02	7.635447e-04
2.108633e+02	7.634999e-04
2.109710e+02	7.635834e-04
2.110786e+02	7.635246e-04
2.111849e+02	7.634929e-04
2.112949e+02	7.636236e-04
2.114058e+02	7.635533e-04
2.115146e+02	7.634310e-04
2.116222e+02	7.635293e-04
2.117320e+02	7.635579e-04
2.118444e+02	7.634210e-04
2.119526e+02	7.634658e-04
2.120618e+02	7.636291e-04
2.121688e+02	7.635409e-04
2.122955e+02	7.634906e-04
2.124056e+02	7.635849e-04
2.125139e+02	7.635192e-04
2.126212e+02	7.634952e-04
2.127277e+02	7.636383e-04
2.128365e+02	7.634643e-04
2.129440e+02	7.633970e-04
2.130529e+02	7.636507e-04
2.131595e+02	7.635277e-04
2.132677e+02	7.634411e-04
2.133766e+02	7.634751e-04
2.134853e+02	7.635030e-04
2.135941e+02	7.634727e-04
2.137018e+02	7.634442e-04
2.138102e+02	7.634612e-04
2.139215e+02	7.634976e-04
2.140293e+02	7.634960e-04
2.141385e+02	7.635555e-04
2.142469e+02	7.635355e-04
2.143556e+02	7.633869e-04
2.144625e+02	7.634743e-04
2.145692e+02	7.634913e-04
2.146770e+02	7.634558e-04
2.147887e+02	7.634628e-04
2.148966e+02	7.635230e-04
2.150044e+02	7.635827e-04
2.151137e+02	7.634287e-04
2.152215e+02	7.635470e-04
2.153300e+02	7.634651e-04
2.154374e+02	7.635425e-04
2.155468e+02	7.635757e-04
2.156543e+02	7.635827e-04
2.157618e+02	7.635695e-04
2.158703e+02	7.634913e-04
2.159801e+02	7.635533e-04
2.160883e+02	7.634519e-04
2.162131e+02	7.635230e-04
2.163222e+02	7.635207e-04
2.164319e+02	7.635679e-04
2.165408e+02	7.636213e-04
2.166480e+02	7.635912e-04
2.167561e+02	7.636074e-04
2.168677e+02	7.635300e-04
2.169759e+02	7.635308e-04
2.170838e+02	7.635300e-04
2.171957e+02	7.636012e-04
2.173021e+02	7.635555e-04
2.174115e+02	7.636074e-04
2.175186e+02	7.634658e-04
2.176270e+02	7.634859e-04
2.177356e+02	7.634797e-04
2.178426e+02	7.634913e-04
2.179496e+02	7.635153e-04
2.180598e+02	7.635749e-04
2.181665e+02	7.635455e-04
2.182731e+02	7.634597e-04
2.183822e+02	7.635609e-04
2.184914e+02	7.634852e-04
2.186002e+02	7.634945e-04
2.187085e+02	7.635045e-04
2.188173e+02	7.634867e-04
2.189265e+02	7.635564e-04
2.190348e+02	7.635308e-04
2.191431e+02	7.635494e-04
2.192504e+02	7.634875e-04
2.193593e+02	7.635533e-04
2.194669e+02	7.635308e-04
2.195750e+02	7.634117e-04
2.196822e+02	7.634480e-04
2.197897e+02	7.635339e-04
2.198973e+02	7.635153e-04
2.200042e+02	7.635795e-04
2.201134e+02	7.633443e-04
2.202199e+02	7.634395e-04
2.203280e+02	7.634651e-04
2.204361e+02	7.633158e-04
2.205470e+02	7.635842e-04
2.206565e+02	7.634249e-04
2.207646e+02	7.634117e-04
2.208722e+02	7.634565e-04
2.209814e+02	7.633575e-04
2.210897e+02	7.633791e-04
2.211999e+02	7.633807e-04
2.213073e+02	7.635185e-04
2.214135e+02	7.633120e-04
2.215240e+02	7.635185e-04
2.216338e+02	7.634527e-04
2.217443e+02	7.634550e-04
2.218523e+02	7.633359e-04
2.219594e+02	7.635719e-04
2.220694e+02	7.635548e-04
2.221784e+02	7.633892e-04
2.222901e+02	7.634071e-04
2.223979e+02	7.633885e-04
2.225059e+02	7.636329e-04
2.226141e+02	7.636700e-04
2.227208e+02	7.633205e-04
2.228272e+02	7.633683e-04
2.229347e+02	7.633869e-04
2.230420e+02	7.635339e-04
2.231500e+02	7.635764e-04
2.232584e+02	7.634844e-04
2.233665e+02	7.634619e-04
2.234738e+02	7.634689e-04
2.235814e+02	7.635548e-04
2.236884e+02	7.634743e-04
2.237977e+02	7.635912e-04
2.239061e+02	7.633746e-04
2.240141e+02	7.635378e-04
2.241265e+02	7.561883e-04
2.242363e+02	7.638208e-04
2.243439e+02	7.639292e-04
2.244527e+02	7.639555e-04
2.245620e+02	7.640019e-04
2.246696e+02	7.640033e-04
2.247784e+02	7.640668e-04
2.248866e+02	7.639438e-04
2.249949e+02	7.640003e-04
2.251036e+02	7.639276e-04
2.252128e+02	7.639059e-04
2.253222e+02	7.639369e-04
2.254308e+02	7.639887e-04
2.255395e+02	7.638711e-04
2.256468e+02	7.638974e-04
2.257541e+02	7.638696e-04
2.258629e+02	7.640305e-04
2.259707e+02	7.640482e-04
2.260783e+02	7.638177e-04
2.261863e+02	7.639717e-04
2.262938e+02	7.637760e-04
2.264021e+02	7.638603e-04
2.265093e+02	7.639144e-04
2.266173e+02	7.639523e-04
2.267254e+02	7.639701e-04
2.268330e+02	7.637032e-04
2.269426e+02	7.637544e-04
2.270502e+02	7.638372e-04
2.271585e+02	7.640019e-04
2.272671e+02	7.639322e-04
2.273757e+02	7.639894e-04
2.274833e+02	7.639021e-04
2.275947e+02	7.636994e-04
2.277034e+02	7.639097e-04
2.278123e+02	7.640467e-04
2.279194e+02	7.639067e-04
2.280286e+02	7.639391e-04
2.281359e+02	7.637760e-04
2.282447e+02	7.638642e-04
2.283518e+02	7.638626e-04
2.284619e+02	7.639516e-04
2.285717e+02	7.638904e-04
2.286808e+02	7.637674e-04
2.287897e+02	7.640011e-04
2.288968e+02	7.637829e-04
2.290061e+02	7.639856e-04
2.291171e+02	7.639144e-04
2.292284e+02	7.639910e-04
2.293355e+02	7.637714e-04
2.294457e+02	7.637296e-04
2.295573e+02	7.637164e-04
2.296677e+02	7.639964e-04
2.297768e+02	7.639988e-04
2.298846e+02	7.637512e-04
2.299941e+02	7.639315e-04
2.301006e+02	7.638162e-04
2.302066e+02	7.639523e-04
2.303145e+02	7.639276e-04
2.304233e+02	7.636754e-04
2.305319e+02	7.638897e-04
2.306451e+02	7.638316e-04
2.307535e+02	7.639616e-04
2.308600e+02	7.637822e-04
2.309663e+02	7.638765e-04
2.310755e+02	7.637674e-04
2.311824e+02	7.638572e-04
2.312901e+02	7.637443e-04
2.313995e+02	7.637528e-04
2.315070e+02	7.636639e-04
2.316137e+02	7.638619e-04
2.317241e+02	7.637620e-04
2.318331e+02	7.637589e-04
2.319434e+02	7.638619e-04
2.320506e+02	7.637311e-04
2.321620e+02	7.636824e-04
2.322720e+02	7.638502e-04
2.323812e+02	7.638588e-04
2.324904e+02	7.637914e-04
2.325985e+02	7.636902e-04
2.327101e+02	7.638480e-04
2.328189e+02	7.639523e-04
2.329281e+02	7.638078e-04
2.330352e+02	7.639655e-04
2.331436e+02	7.638464e-04
2.332528e+02	7.639207e-04
2.333630e+02	7.636576e-04
2.334711e+02	7.637644e-04
2.335805e+02	7.637984e-04
2.336877e+02	7.637853e-04
2.337943e+02	7.638619e-04
2.339099e+02	7.639245e-04
2.340168e+02	7.639570e-04
2.341242e+02	7.638240e-04
2.342335e+02	7.639361e-04
2.343412e+02	7.640073e-04
2.344523e+02	7.637420e-04
2.345621e+02	7.639934e-04
2.346699e+02	7.638278e-04
2.347768e+02	7.639438e-04
2.348842e+02	7.637984e-04
2.349931e+02	7.640437e-04
2.351008e+02	7.637389e-04
2.352097e+02	7.639941e-04
2.353186e+02	7.638843e-04
2.354285e+02	7.638062e-04
2.355367e+02	7.640096e-04
2.356446e+02	7.640119e-04
2.357529e+02	7.638232e-04
2.358612e+02	7.639492e-04
2.359745e+02	7.639261e-04
2.360831e+02	7.637914e-04
2.361914e+02	7.639261e-04
2.363017e+02	7.639817e-04
2.364099e+02	7.638092e-04
2.365200e+02	7.637450e-04
2.366280e+02	7.639492e-04
2.367345e+02	7.638247e-04
2.368429e+02	7.639353e-04
2.369510e+02	7.639330e-04
2.370582e+02	7.639067e-04
2.371683e+02	7.638619e-04
2.372758e+02	7.638673e-04
2.373831e+02	7.638742e-04
2.374899e+02	7.638340e-04
2.375980e+02	7.638348e-04
2.377060e+02	7.632911e-04
2.378154e+02	7.622716e-04
2.379235e+02	7.646493e-04
2.380310e+02	7.648349e-04
2.381385e+02	7.647962e-04
2.382457e+02	7.648565e-04
2.383530e+02	7.650027e-04
2.384614e+02	7.649168e-04
2.385726e+02	7.648913e-04
2.386826e+02	7.648619e-04
2.387916e+02	7.647869e-04
2.388985e+02	7.648117e-04
2.390071e+02	7.646941e-04
2.391161e+02	7.647296e-04
2.392253e+02	7.649339e-04
2.393346e+02	7.649779e-04
2.394424e+02	7.645842e-04
2.395521e+02	7.647428e-04
2.396648e+02	7.648712e-04
2.397727e+02	7.646917e-04
2.398829e+02	7.647738e-04
2.399926e+02	7.647204e-04
2.401002e+02	7.646245e-04
2.402125e+02	7.647722e-04
2.403219e+02	7.647242e-04
2.404306e+02	7.646693e-04
2.405420e+02	7.646067e-04
2.406491e+02	7.647614e-04
2.407633e+02	7.648558e-04
2.408723e+02	7.648147e-04
2.409809e+02	7.645162e-04
2.410901e+02	7.645139e-04
2.412007e+02	7.649052e-04
2.413103e+02	7.646167e-04
2.414196e+02	7.646268e-04
2.415286e+02	7.648039e-04
2.416372e+02	7.647274e-04
2.417531e+02	7.647103e-04
2.418610e+02	7.644659e-04
2.419692e+02	7.648418e-04
2.420779e+02	7.648001e-04
2.421845e+02	7.646268e-04
2.422925e+02	7.648117e-04
2.424007e+02	7.646902e-04
2.425100e+02	7.646028e-04
2.426180e+02	7.649718e-04
2.427275e+02	7.646740e-04
2.428363e+02	7.646872e-04
2.429446e+02	7.647150e-04
2.430517e+02	7.647544e-04
2.431614e+02	7.646446e-04
2.432716e+02	7.647204e-04
2.433798e+02	7.647815e-04
2.434889e+02	7.647784e-04
2.435979e+02	7.647134e-04
2.437080e+02	7.647869e-04
2.438168e+02	7.647653e-04
2.439279e+02	7.646493e-04
2.440370e+02	7.647768e-04
2.441455e+02	7.647211e-04
2.442571e+02	7.646569e-04
2.443674e+02	7.647730e-04
2.444764e+02	7.646841e-04
2.445844e+02	7.646430e-04
2.446910e+02	7.646841e-04
2.447988e+02	7.646245e-04
2.449059e+02	7.644636e-04
2.450139e+02	7.647413e-04
2.451219e+02	7.646578e-04
2.452288e+02	7.648163e-04
2.453368e+02	7.647745e-04
2.454654e+02	7.647629e-04
2.455746e+02	7.647274e-04
2.456829e+02	7.647335e-04
2.457908e+02	7.648318e-04
2.458989e+02	7.646632e-04
2.460069e+02	7.646778e-04
2.461228e+02	7.646987e-04
2.462295e+02	7.648279e-04
2.463377e+02	7.646562e-04
2.464459e+02	7.646809e-04
2.465540e+02	7.647227e-04
2.466633e+02	7.647622e-04
2.467709e+02	7.647119e-04
2.468792e+02	7.647893e-04
2.469874e+02	7.647034e-04
2.470964e+02	7.647668e-04
2.472024e+02	7.647220e-04
2.473106e+02	7.647350e-04
2.474186e+02	7.646484e-04
2.475266e+02	7.648055e-04
2.476346e+02	7.647096e-04
2.477431e+02	7.646284e-04
2.478496e+02	7.646593e-04
2.479578e+02	7.647768e-04
2.480663e+02	7.645657e-04
2.481734e+02	7.647281e-04
2.482807e+02	7.645727e-04
2.483887e+02	7.646493e-04
2.484959e+02	7.645750e-04
2.486041e+02	7.647521e-04
2.487125e+02	7.646237e-04
2.488219e+02	7.646190e-04
2.489301e+02	7.647738e-04
2.490374e+02	7.647103e-04
2.491454e+02	7.646044e-04
2.492537e+02	7.647142e-04
2.493604e+02	7.646113e-04
2.494680e+02	7.646221e-04
2.495753e+02	7.646524e-04
2.496834e+02	7.647660e-04
2.497906e+02	7.645781e-04
2.499000e+02	7.644419e-04
2.500071e+02	7.645687e-04
2.501153e+02	7.644179e-04
2.502257e+02	7.645386e-04
2.503358e+02	7.645603e-04
2.504438e+02	7.645851e-04
2.505513e+02	7.644775e-04
2.506576e+02	7.645618e-04
2.507651e+02	7.645503e-04
2.508726e+02	7.644466e-04
2.509806e+02	7.645301e-04
2.510887e+02	7.645920e-04
2.511996e+02	7.645170e-04
2.513104e+02	7.645379e-04
2.514184e+02	7.574359e-04
2.515256e+02	7.643847e-04
2.516340e+02	7.649207e-04
2.517410e+02	7.649718e-04
2.518505e+02	7.649749e-04
2.519587e+02	7.649276e-04
2.520672e+02	7.649864e-04
2.521883e+02	7.650491e-04
2.523047e+02	7.649779e-04
2.524151e+02	7.650731e-04
2.525227e+02	7.649323e-04
2.526307e+02	7.649888e-04
2.527393e+02	7.649276e-04
2.528470e+02	7.649555e-04
2.529604e+02	7.649222e-04
2.530697e+02	7.649222e-04
2.531795e+02	7.649254e-04
2.532982e+02	7.649579e-04
2.534060e+02	7.649332e-04
2.535140e+02	7.648874e-04
2.536212e+02	7.648511e-04
2.537283e+02	7.649911e-04
2.538360e+02	7.648465e-04
2.539480e+02	7.648843e-04
2.540580e+02	7.649052e-04
2.541664e+02	7.649276e-04
2.542744e+02	7.649068e-04
2.543817e+02	7.648396e-04
2.544939e+02	7.648549e-04
2.546042e+02	7.649207e-04
2.547131e+02	7.649895e-04
2.548201e+02	7.648813e-04
2.549287e+02	7.649092e-04
2.550387e+02	7.649857e-04
2.551514e+02	7.648883e-04
2.552583e+02	7.648046e-04
2.553665e+02	7.649408e-04
2.554732e+02	7.648766e-04
2.555819e+02	7.648712e-04
2.556888e+02	7.648549e-04
2.557962e+02	7.649161e-04
2.559055e+02	7.648140e-04
2.560131e+02	7.648789e-04
2.561208e+02	7.648333e-04
2.562316e+02	7.648690e-04
2.563397e+02	7.648248e-04
2.564473e+02	7.647374e-04
2.565560e+02	7.647970e-04
2.566652e+02	7.648604e-04
2.567756e+02	7.648465e-04
2.568841e+02	7.648434e-04
2.569929e+02	7.647042e-04
2.571068e+02	7.647065e-04
2.572160e+02	7.647877e-04
2.573254e+02	7.648480e-04
2.574331e+02	7.648039e-04
2.575565e+02	7.647622e-04
2.576678e+02	7.648046e-04
2.577767e+02	7.647808e-04
2.578831e+02	7.648372e-04
2.579908e+02	7.648171e-04
2.581001e+02	7.647629e-04
2.582148e+02	7.648573e-04
2.583242e+02	7.647947e-04
2.584319e+02	7.647799e-04
2.585402e+02	7.647505e-04
2.586465e+02	7.648619e-04
2.587550e+02	7.647707e-04
2.588646e+02	7.647846e-04
2.589720e+02	7.647374e-04
2.590792e+02	7.648225e-04
2.591927e+02	7.647862e-04
2.592998e+02	7.648488e-04
2.594084e+02	7.647877e-04
2.595190e+02	7.647002e-04
2.596278e+02	7.647049e-04
2.597359e+02	7.647738e-04
2.598443e+02	7.647420e-04
2.599529e+02	7.648426e-04
2.600608e+02	7.647590e-04
2.601714e+02	7.647862e-04
2.602791e+02	7.647698e-04
2.603877e+02	7.647676e-04
2.604973e+02	7.647575e-04
2.606066e+02	7.647768e-04
2.607148e+02	7.646531e-04
2.608237e+02	7.647853e-04
2.609319e+02	7.648024e-04
2.610417e+02	7.647382e-04
2.611522e+02	7.647390e-04
2.612625e+02	7.647404e-04
2.613698e+02	7.647181e-04
2.614776e+02	7.647126e-04
2.615870e+02	7.647536e-04
2.616944e+02	7.648372e-04
2.618068e+02	7.647606e-04
2.619143e+02	7.646879e-04
2.620225e+02	7.648016e-04
2.621306e+02	7.646872e-04
2.622395e+02	7.647482e-04
2.623476e+02	7.646454e-04
2.624558e+02	7.648194e-04
2.625681e+02	7.647204e-04
2.626781e+02	7.647011e-04
2.627844e+02	7.647026e-04
2.628919e+02	7.648109e-04
2.629988e+02	7.647754e-04
2.631088e+02	7.647808e-04
2.632169e+02	7.648001e-04
2.633242e+02	7.647529e-04
2.634312e+02	7.647359e-04
2.635408e+02	7.647653e-04
2.636484e+02	7.647289e-04
2.637597e+02	7.646895e-04
2.638696e+02	7.648032e-04
2.639782e+02	7.647196e-04
2.640873e+02	7.647134e-04
2.641944e+02	7.647559e-04
2.643020e+02	7.648008e-04
2.644104e+02	7.646569e-04
2.645199e+02	7.647211e-04
2.646269e+02	7.647374e-04
2.647341e+02	7.646623e-04
2.648421e+02	7.646717e-04
2.649507e+02	7.647335e-04
2.650595e+02	7.584638e-04
2.651710e+02	7.647853e-04
2.652828e+02	7.656903e-04
2.653912e+02	7.657042e-04
2.654990e+02	7.657475e-04
2.656075e+02	7.658126e-04
2.657150e+02	7.657336e-04
2.658284e+02	7.656896e-04
2.659368e+02	7.657862e-04
2.660461e+02	7.657468e-04
2.661528e+02	7.657235e-04
2.662644e+02	7.657453e-04
2.663751e+02	7.657529e-04
2.664833e+02	7.657553e-04
2.665905e+02	7.657213e-04
2.666989e+02	7.657042e-04
2.668072e+02	7.657661e-04
2.669164e+02	7.656872e-04
2.670246e+02	7.656880e-04
2.671329e+02	7.657399e-04
2.672403e+02	7.656331e-04
2.673495e+02	7.657429e-04
2.674572e+02	7.657096e-04
2.675640e+02	7.656517e-04
2.676713e+02	7.656772e-04
2.677808e+02	7.657259e-04
2.678927e+02	7.657127e-04
2.680012e+02	7.655758e-04
2.681102e+02	7.656238e-04
2.682186e+02	7.656741e-04
2.683252e+02	7.655906e-04
2.684369e+02	7.656463e-04
2.685460e+02	7.656625e-04
2.686527e+02	7.656169e-04
2.687595e+02	7.656602e-04
2.688679e+02	7.657390e-04
2.689763e+02	7.656548e-04
2.690844e+02	7.656640e-04
2.691914e+02	7.657514e-04
2.693014e+02	7.656710e-04
2.694150e+02	7.656454e-04
2.695250e+02	7.656494e-04
2.696328e+02	7.656757e-04
2.697414e+02	7.656508e-04
2.698516e+02	7.656795e-04
2.699598e+02	7.656609e-04
2.700690e+02	7.655534e-04
2.701768e+02	7.655681e-04
2.702861e+02	7.656609e-04
2.703943e+02	7.656362e-04
2.705024e+02	7.655325e-04
2.706093e+02	7.656485e-04
2.707188e+02	7.656153e-04
2.708266e+02	7.655704e-04
2.709342e+02	7.655333e-04
2.710409e+02	7.655681e-04
2.711504e+02	7.655913e-04
2.712602e+02	7.656223e-04
2.713702e+02	7.655944e-04
2.714783e+02	7.655890e-04
2.715865e+02	7.656191e-04
2.716954e+02	7.656353e-04
2.718046e+02	7.655951e-04
2.719136e+02	7.655279e-04
2.720227e+02	7.655488e-04
2.721326e+02	7.655132e-04
2.722387e+02	7.654730e-04
2.723474e+02	7.656299e-04
2.724559e+02	7.655627e-04
2.725665e+02	7.655101e-04
2.726771e+02	7.656424e-04
2.727864e+02	7.655681e-04
2.728956e+02	7.655047e-04
2.730020e+02	7.657089e-04
2.731132e+02	7.656532e-04
2.732240e+02	7.654683e-04
2.733312e+02	7.656764e-04
2.734399e+02	7.655875e-04
2.735480e+02	7.655325e-04
2.736554e+02	7.656416e-04
2.737622e+02	7.656339e-04
2.738709e+02	7.655202e-04
2.739792e+02	7.656439e-04
2.740876e+02	7.655743e-04
2.741960e+02	7.655224e-04
2.743028e+02	7.655495e-04
2.744108e+02	7.656115e-04
2.745186e+02	7.655309e-04
2.746283e+02	7.654474e-04
2.747369e+02	7.655921e-04
2.748446e+02	7.655410e-04
2.749522e+02	7.654436e-04
2.750592e+02	7.655287e-04
2.751677e+02	7.655983e-04
2.752760e+02	7.654173e-04
2.753832e+02	7.655395e-04
2.754901e+02	7.655480e-04
2.755983e+02	7.654243e-04
2.757053e+02	7.654791e-04
2.758175e+02	7.655062e-04
2.759311e+02	7.654521e-04
2.760376e+02	7.654003e-04
2.761444e+02	7.654946e-04
2.762514e+02	7.654636e-04
2.763598e+02	7.654993e-04
2.764690e+02	7.655767e-04
2.765786e+02	7.654746e-04
2.766877e+02	7.654018e-04
2.767963e+02	7.654452e-04
2.769052e+02	7.654916e-04
2.770149e+02	7.654474e-04
2.771246e+02	7.653940e-04
2.772341e+02	7.655387e-04
2.773429e+02	7.653871e-04
2.774505e+02	7.653399e-04
2.775588e+02	7.654885e-04
2.776669e+02	7.654560e-04
2.777740e+02	7.654104e-04
2.778825e+02	7.654560e-04
2.779921e+02	7.654026e-04
2.781021e+02	7.654436e-04
2.782102e+02	7.654134e-04
2.783222e+02	7.654784e-04
2.784305e+02	7.654243e-04
2.785400e+02	7.653902e-04
2.786491e+02	7.654753e-04
2.787582e+02	7.583014e-04
2.788668e+02	7.658016e-04
2.789753e+02	7.660662e-04
2.790836e+02	7.661722e-04
2.791956e+02	7.662000e-04
2.793044e+02	7.662000e-04
2.794131e+02	7.662209e-04
2.795226e+02	7.660121e-04
2.796339e+02	7.662279e-04
2.797634e+02	7.661845e-04
2.798741e+02	7.661953e-04
2.799816e+02	7.661845e-04
2.800899e+02	7.661367e-04
2.801993e+02	7.660732e-04
2.803087e+02	7.661451e-04
2.804178e+02	7.661033e-04
2.805276e+02	7.662487e-04
2.806376e+02	7.661799e-04
2.807451e+02	7.661776e-04
2.808545e+02	7.661560e-04
2.809670e+02	7.660624e-04
2.810777e+02	7.661838e-04
2.811876e+02	7.660979e-04
2.812980e+02	7.661560e-04
2.814068e+02	7.662604e-04
2.815175e+02	7.660376e-04
2.816257e+02	7.659300e-04
2.817340e+02	7.659796e-04
2.818420e+02	7.660530e-04
2.819519e+02	7.660144e-04
2.820592e+02	7.659858e-04
2.821705e+02	7.660824e-04
2.822798e+02	7.660012e-04
2.823886e+02	7.659812e-04
2.824980e+02	7.659966e-04
2.826053e+02	7.660337e-04
2.827154e+02	7.659912e-04
2.828248e+02	7.659246e-04
2.829325e+02	7.660182e-04
2.830414e+02	7.659603e-04
2.831497e+02	7.660864e-04
2.832572e+02	7.660902e-04
2.833648e+02	7.659695e-04
2.834727e+02	7.659486e-04
2.835804e+02	7.660346e-04
2.836901e+02	7.660036e-04
2.837987e+02	7.660577e-04
2.839079e+02	7.660515e-04
2.840165e+02	7.660012e-04
2.841262e+02	7.660276e-04
2.842335e+02	7.659789e-04
2.843418e+02	7.659262e-04
2.844521e+02	7.659370e-04
2.845624e+02	7.660476e-04
2.846725e+02	7.660755e-04
2.847791e+02	7.660476e-04
2.848870e+02	7.661226e-04
2.849963e+02	7.660956e-04
2.851046e+02	7.658582e-04
2.852147e+02	7.660306e-04
2.853221e+02	7.660175e-04
2.854306e+02	7.660005e-04
2.855403e+02	7.659812e-04
2.856485e+02	7.659742e-04
2.857556e+02	7.659695e-04
2.858651e+02	7.659464e-04
2.859729e+02	7.659780e-04
2.860820e+02	7.659417e-04
2.861898e+02	7.659309e-04
2.862983e+02	7.660878e-04
2.864065e+02	7.660151e-04
2.865146e+02	7.659695e-04
2.866236e+02	7.659309e-04
2.867328e+02	7.660067e-04
2.868401e+02	7.660299e-04
2.869491e+02	7.658559e-04
2.870572e+02	7.659138e-04
2.871662e+02	7.659455e-04
2.872736e+02	7.660337e-04
2.873831e+02	7.659928e-04
2.874925e+02	7.660005e-04
2.876011e+02	7.659989e-04
2.877154e+02	7.659533e-04
2.878241e+02	7.659695e-04
2.879325e+02	7.657971e-04
2.880388e+02	7.659958e-04
2.881461e+02	7.660422e-04
2.882546e+02	7.659618e-04
2.883623e+02	7.658187e-04
2.884706e+02	7.659641e-04
2.885792e+02	7.659401e-04
2.886866e+02	7.658288e-04
2.887946e+02	7.661296e-04
2.889019e+02	7.661118e-04
2.890107e+02	7.658040e-04
2.891196e+02	7.659006e-04
2.892288e+02	7.659224e-04
2.893354e+02	7.659495e-04
2.894425e+02	7.661513e-04
2.895501e+02	7.659974e-04
2.896634e+02	7.658768e-04
2.897715e+02	7.658334e-04
2.898806e+02	7.658234e-04
2.899876e+02	7.659525e-04
2.900959e+02	7.658326e-04
2.902040e+02	7.659255e-04
2.903159e+02	7.659495e-04
2.904252e+02	7.658806e-04
2.905333e+02	7.659564e-04
2.906425e+02	7.659138e-04
2.907504e+02	7.658597e-04
2.908591e+02	7.658744e-04
2.909675e+02	7.658117e-04
2.910778e+02	7.658806e-04
2.911873e+02	7.660314e-04
2.912950e+02	7.661226e-04
2.914027e+02	7.659378e-04
2.915126e+02	7.659448e-04
2.916215e+02	7.659116e-04
2.917323e+02	7.658674e-04
2.918401e+02	7.658589e-04
2.919501e+02	7.659170e-04
2.920598e+02	7.658867e-04
2.921674e+02	7.658001e-04
2.922778e+02	7.659695e-04
2.923856e+02	7.599706e-04
2.924931e+02	7.653044e-04
2.926004e+02	7.662921e-04
2.927077e+02	7.664104e-04
2.928149e+02	7.666579e-04
2.929232e+02	7.667082e-04
2.930315e+02	7.664050e-04
2.931408e+02	7.664862e-04
2.932512e+02	7.665481e-04
2.933590e+02	7.664738e-04
2.934676e+02	7.665782e-04
2.935753e+02	7.665899e-04
2.936842e+02	7.663841e-04
2.937952e+02	7.665876e-04
2.939041e+02	7.664476e-04
2.940121e+02	7.664932e-04
2.941203e+02	7.665218e-04
2.942276e+02	7.665086e-04
2.943383e+02	7.665280e-04
2.944561e+02	7.664700e-04
2.945664e+02	7.662442e-04
2.946741e+02	7.664452e-04
2.947835e+02	7.665086e-04
2.948914e+02	7.665380e-04
2.949996e+02	7.664815e-04
2.951088e+02	7.661861e-04
2.952181e+02	7.663771e-04
2.953286e+02	7.665775e-04
2.954374e+02	7.664940e-04
2.955468e+02	7.665860e-04
2.956544e+02	7.663408e-04
2.957634e+02	7.664074e-04
2.958725e+02	7.664622e-04
2.959822e+02	7.664251e-04
2.960913e+02	7.662952e-04
2.962007e+02	7.665674e-04
2.963091e+02	7.663996e-04
2.964192e+02	7.662921e-04
2.965298e+02	7.664878e-04
2.966379e+02	7.666386e-04
2.967463e+02	7.665334e-04
2.968550e+02	7.664359e-04
2.969643e+02	7.664042e-04
2.970738e+02	7.665527e-04
2.971821e+02	7.664135e-04
2.972911e+02	7.663578e-04
2.974003e+02	7.666030e-04
2.975080e+02	7.664359e-04
2.976181e+02	7.664599e-04
2.977263e+02	7.663810e-04
2.978340e+02	7.665288e-04
2.979409e+02	7.664228e-04
2.980494e+02	7.664669e-04
2.981610e+02	7.664754e-04
2.982698e+02	7.664290e-04
2.983782e+02	7.663726e-04
2.984868e+02	7.665024e-04
2.986085e+02	7.663354e-04
2.987169e+02	7.664220e-04
2.988264e+02	7.663679e-04
2.989331e+02	7.664096e-04
2.990413e+02	7.665133e-04
2.991493e+02	7.664128e-04
2.992653e+02	7.663879e-04
2.993755e+02	7.663524e-04
2.994816e+02	7.664606e-04
2.995896e+02	7.663818e-04
2.996976e+02	7.664159e-04
2.998056e+02	7.664382e-04
2.999134e+02	7.663980e-04
3.000225e+02	2.912843e-04
3.001313e+02	1.948352e-06
3.002401e+02	1.938297e-06
3.003478e+02	1.894210e-06
3.004566e+02	1.893436e-06
3.005640e+02	1.888796e-06
3.006728e+02	1.901170e-06
3.007796e+02	1.925148e-06
3.008871e+02	1.951446e-06
3.009935e+02	1.928242e-06
3.011027e+02	1.895756e-06
3.012112e+02	1.933657e-06
3.013186e+02	1.916640e-06
3.014261e+02	1.952219e-06
3.015323e+02	1.904265e-06
3.016393e+02	1.886475e-06
3.017469e+02	1.912772e-06
3.018571e+02	1.911226e-06
3.019642e+02	1.899624e-06
3.020728e+02	1.902718e-06
3.021802e+02	1.961501e-06
3.022864e+02	1.908132e-06
3.023931e+02	1.922055e-06
3.025007e+02	1.915093e-06
3.026118e+02	1.918188e-06
3.027222e+02	1.913546e-06
3.028303e+02	1.945259e-06
3.029380e+02	1.913546e-06
3.030453e+02	1.912772e-06
3.031525e+02	1.884928e-06
3.032647e+02	1.938297e-06
3.033721e+02	1.911226e-06
3.034803e+02	1.889568e-06
3.035935e+02	1.880287e-06
3.037042e+02	1.891889e-06
3.038111e+02	1.882608e-06
3.039237e+02	1.925922e-06
3.040320e+02	1.924374e-06
3.041405e+02	1.905812e-06
3.042478e+02	1.881061e-06
3.043589e+02	1.951446e-06
3.044690e+02	1.911226e-06
3.045763e+02	1.901170e-06
3.046832e+02	1.908132e-06
3.047912e+02	1.903491e-06
3.049014e+02	1.907358e-06
3.050136e+02	1.919734e-06
3.051206e+02	1.889568e-06
3.052309e+02	1.915093e-06
3.053375e+02	1.911226e-06
3.054443e+02	1.890342e-06
3.055526e+02	1.894210e-06
3.056602e+02	1.944485e-06
3.057690e+02	1.866365e-06
3.058783e+02	1.854763e-06
3.059849e+02	1.919734e-06
3.060938e+02	1.919734e-06
3.062020e+02	1.932109e-06
3.063119e+02	1.905038e-06
3.064247e+02	1.884928e-06
3.065331e+02	1.887249e-06
3.066420e+02	1.887249e-06
3.067493e+02	1.898851e-06
3.068580e+02	1.879513e-06
3.069678e+02	1.893436e-06
3.070776e+02	1.927469e-06
3.071857e+02	1.901944e-06
3.072941e+02	1.933657e-06
3.074033e+02	1.915867e-06
3.075159e+02	1.888796e-06
3.076245e+02	1.851669e-06
3.077327e+02	1.866365e-06
3.078421e+02	1.894210e-06
3.079500e+02	1.898077e-06
3.080573e+02	1.881061e-06
3.081653e+02	1.935976e-06
3.082733e+02	1.905812e-06
3.083823e+02	1.891889e-06
3.084915e+02	1.900398e-06
3.085997e+02	1.884154e-06
3.087070e+02	1.890342e-06
3.088168e+02	1.910453e-06
3.089247e+02	1.877194e-06
3.090333e+02	1.928242e-06
3.091423e+02	1.942164e-06
3.092506e+02	1.863271e-06
3.093594e+02	1.894984e-06
3.094708e+02	1.886475e-06
3.095816e+02	1.873326e-06
3.096899e+02	1.929016e-06
3.097986e+02	1.891889e-06
3.099070e+02	1.888796e-06
3.100154e+02	1.900398e-06
3.101232e+02	1.918960e-06
3.102295e+02	1.887249e-06
3.103383e+02	1.891116e-06
3.104479e+02	1.905812e-06
3.105557e+02	1.915867e-06
3.106635e+02	1.891889e-06
3.107780e+02	1.910453e-06
3.108849e+02	1.934430e-06
3.109931e+02	1.877966e-06
3.111003e+02	1.912772e-06
3.112086e+02	1.925148e-06
3.113164e+02	1.863271e-06
3.114258e+02	1.906586e-06
3.115352e+02	1.874099e-06
3.116436e+02	1.888022e-06
3.117514e+02	1.879513e-06
3.118604e+02	1.892663e-06
3.119683e+02	1.878740e-06
3.120766e+02	1.887249e-06
3.121890e+02	1.882608e-06
3.122972e+02	1.898077e-06
3.124051e+02	1.894210e-06
3.125124e+02	1.873326e-06
3.126204e+02	1.922828e-06
3.127294e+02	1.903491e-06
3.128371e+02	1.891116e-06
3.129467e+02	1.905038e-06
3.130549e+02	1.867911e-06
3.131627e+02	1.891116e-06
3.132703e+02	1.928242e-06
3.133791e+02	1.871779e-06
3.134886e+02	1.891889e-06
3.135987e+02	1.898077e-06
3.137060e+02	1.887249e-06
3.138133e+02	1.880287e-06
3.139231e+02	1.896530e-06
3.140313e+02	1.887249e-06
3.141388e+02	1.876420e-06
3.142474e+02	1.881061e-06
3.143558e+02	1.865592e-06
3.144626e+02	1.861724e-06
3.145713e+02	1.874099e-06
3.146807e+02	1.860951e-06
3.147892e+02	1.879513e-06
3.148969e+02	1.889568e-06
3.150045e+02	1.894210e-06
3.151125e+02	1.900398e-06
3.152204e+02	1.865592e-06
3.153280e+02	1.883380e-06
3.154352e+02	1.862497e-06
3.155433e+02	1.886475e-06
3.156504e+02	1.861724e-06
3.157587e+02	1.867138e-06
3.158662e+02	1.898077e-06
3.159739e+02	1.882608e-06
3.160815e+02	1.874099e-06
3.161893e+02	1.894210e-06
3.162978e+02	1.878740e-06
3.164077e+02	1.865592e-06
3.165158e+02	1.874873e-06
3.166245e+02	1.903491e-06
3.167330e+02	1.864818e-06
3.168406e+02	1.892663e-06
3.169484e+02	1.901944e-06
3.170557e+02	1.896530e-06
3.171646e+02	1.872552e-06
3.172743e+02	1.899624e-06
3.173841e+02	1.897303e-06
3.174932e+02	1.895756e-06
3.176019e+02	1.905812e-06
3.177102e+02	1.901170e-06
3.178260e+02	1.887249e-06
3.179347e+02	1.897303e-06
3.180418e+02	1.894984e-06
3.181501e+02	1.882608e-06
3.182574e+02	1.906586e-06
3.183642e+02	1.894210e-06
3.184738e+02	1.858630e-06
3.185822e+02	1.895756e-06
3.186897e+02	1.926695e-06
3.187979e+02	1.907358e-06
3.189052e+02	1.903491e-06
3.190154e+02	1.883380e-06
3.191258e+02	1.897303e-06
3.192331e+02	1.888022e-06
3.193426e+02	1.871006e-06
3.194510e+02	1.907358e-06
3.195572e+02	1.891116e-06
3.196665e+02	1.905038e-06
3.197745e+02	1.894984e-06
3.198824e+02	1.897303e-06
3.199911e+02	1.865592e-06
3.200995e+02	1.903491e-06
3.202079e+02	1.903491e-06
3.203163e+02	1.877194e-06
3.204245e+02	1.904265e-06
3.205333e+02	1.908905e-06
3.206436e+02	1.865592e-06
3.207512e+02	1.908132e-06
3.208656e+02	1.901944e-06
3.209738e+02	1.891116e-06
3.210811e+02	1.890342e-06
3.211896e+02	1.888022e-06
3.212971e+02	1.877966e-06
3.214055e+02	1.867138e-06
3.215142e+02	1.888022e-06
3.216234e+02	1.913546e-06
3.217314e+02	1.883380e-06
3.218403e+02	1.894210e-06
3.219493e+02	1.913546e-06
3.220593e+02	1.913546e-06
3.221676e+02	1.881061e-06
3.222821e+02	1.917414e-06
3.223905e+02	1.885701e-06
3.224996e+02	1.892663e-06
3.226068e+02	1.888796e-06
3.227169e+02	1.887249e-06
3.228248e+02	1.895756e-06
3.229339e+02	1.898851e-06
3.230430e+02	1.890342e-06
3.231504e+02	1.898077e-06
3.232634e+02	1.913546e-06
3.233732e+02	1.915867e-06
3.234809e+02	1.898851e-06
3.235912e+02	1.929790e-06
3.236979e+02	1.916640e-06
3.238053e+02	1.893436e-06
3.239141e+02	1.907358e-06
3.240207e+02	1.860177e-06
3.241283e+02	1.887249e-06
3.242373e+02	1.863271e-06
3.243451e+02	1.932883e-06
3.244537e+02	1.918960e-06
3.245617e+02	1.883380e-06
3.246705e+02	1.882608e-06
3.247766e+02	1.901944e-06
3.248850e+02	1.901170e-06
3.249913e+02	1.917414e-06
3.250983e+02	1.933657e-06
3.252074e+02	1.896530e-06
3.253166e+02	1.887249e-06
3.254228e+02	1.884154e-06
3.255335e+02	1.908132e-06
3.256446e+02	1.907358e-06
3.257538e+02	1.898077e-06
3.258704e+02	1.877194e-06
3.259788e+02	1.909679e-06
3.260883e+02	1.897303e-06
3.261960e+02	1.888796e-06
3.263031e+02	1.897303e-06
3.264121e+02	1.899624e-06
3.265200e+02	1.921281e-06
3.266297e+02	1.876420e-06
3.267369e+02	1.903491e-06
3.268446e+02	1.903491e-06
3.269513e+02	1.870232e-06
3.270583e+02	1.866365e-06
3.271674e+02	1.894210e-06
3.272748e+02	1.900398e-06
3.273829e+02	1.884154e-06
3.274906e+02	1.860951e-06
3.275979e+02	1.903491e-06
3.277050e+02	1.890342e-06
3.278138e+02	1.892663e-06
3.279203e+02	1.888796e-06
3.280306e+02	1.871006e-06
3.281386e+02	1.877194e-06
3.282456e+02	1.891889e-06
3.283538e+02	1.900398e-06
3.284606e+02	1.894984e-06
3.285744e+02	1.863271e-06
3.286819e+02	1.884154e-06
3.287915e+02	1.893436e-06
3.289018e+02	1.878740e-06
3.290110e+02	1.894210e-06
3.291180e+02	1.912000e-06
3.292264e+02	1.916640e-06
3.293359e+02	1.895756e-06
3.294439e+02	1.934430e-06
3.295531e+02	1.910453e-06
3.296634e+02	1.872552e-06
3.297696e+02	1.907358e-06
3.298775e+02	1.912000e-06
3.299857e+02	1.881834e-06
3.300926e+02	1.927469e-06
3.302015e+02	1.908905e-06
3.303096e+02	1.910453e-06
3.304196e+02	1.913546e-06
3.305290e+02	1.939071e-06
3.306376e+02	1.905038e-06
3.307454e+02	1.917414e-06
3.308542e+02	1.894984e-06
3.309630e+02	1.867138e-06
3.310706e+02	1.860951e-06
3.311787e+02	1.921281e-06
3.312860e+02	1.873326e-06
3.313970e+02	1.890342e-06
3.315089e+02	1.876420e-06
3.316179e+02	1.913546e-06
3.317253e+02	1.946032e-06
3.318346e+02	1.848575e-06
3.319424e+02	1.898077e-06
3.320527e+02	1.901944e-06
3.321592e+02	1.912772e-06
3.322664e+02	1.860951e-06
3.323742e+02	1.918188e-06
3.324835e+02	1.884154e-06
3.325903e+02	1.890342e-06
3.326979e+02	1.858630e-06
3.328082e+02	1.881834e-06
3.329164e+02	1.924374e-06
3.330247e+02	1.893436e-06
3.331332e+02	1.898077e-06
3.332411e+02	1.919734e-06
3.333494e+02	1.912000e-06
3.334616e+02	1.905038e-06
3.335703e+02	1.909679e-06
3.336788e+02	1.921281e-06
3.337860e+02	1.887249e-06
3.338937e+02	1.907358e-06
3.340011e+02	1.930562e-06
3.341083e+02	1.896530e-06
3.342171e+02	1.918188e-06
3.343256e+02	1.918960e-06
3.344335e+02	1.884154e-06
3.345414e+02	1.941391e-06
3.346493e+02	1.939071e-06
3.347579e+02	1.873326e-06
3.348665e+02	1.912000e-06
3.349777e+02	1.922055e-06
3.350859e+02	1.907358e-06
3.351952e+02	1.895756e-06
3.353031e+02	1.905038e-06
3.354107e+02	1.903491e-06
3.355181e+02	1.901944e-06
3.356268e+02	1.890342e-06
3.357356e+02	1.877966e-06
3.358439e+02	1.913546e-06
3.359540e+02	1.885701e-06
3.360625e+02	1.893436e-06
3.361707e+02	1.856309e-06
3.362800e+02	1.938297e-06
3.363884e+02	1.904265e-06
3.364988e+02	1.894210e-06
3.366078e+02	1.915867e-06
3.367170e+02	1.882608e-06
3.368243e+02	1.936750e-06
3.369326e+02	1.911226e-06
3.370410e+02	1.891116e-06
3.371488e+02	1.907358e-06
3.372557e+02	1.947578e-06
3.373619e+02	1.910453e-06
3.374699e+02	1.922828e-06
3.375785e+02	1.889568e-06
3.376868e+02	1.931336e-06
3.377952e+02	1.907358e-06
3.379023e+02	1.894210e-06
3.380110e+02	1.922828e-06
3.381204e+02	1.892663e-06
3.382278e+02	1.888022e-06
3.383351e+02	1.898851e-06
3.384413e+02	1.877194e-06
3.385494e+02	1.874099e-06
3.386597e+02	1.894210e-06
3.387669e+02	1.893436e-06
3.388781e+02	1.864044e-06
3.389873e+02	1.904265e-06
3.390953e+02	1.888022e-06
3.392035e+02	1.898851e-06
3.393127e+02	1.884928e-06
3.394202e+02	1.889568e-06
3.395328e+02	1.867911e-06
3.396406e+02	1.921281e-06
3.397480e+02	1.908132e-06
3.398562e+02	1.910453e-06
3.399636e+02	1.882608e-06
3.400725e+02	1.895756e-06
3.401811e+02	1.912000e-06
3.402897e+02	1.895756e-06
3.403988e+02	1.875646e-06
3.405061e+02	1.920507e-06
3.406153e+02	1.911226e-06
3.407216e+02	1.858630e-06
3.408300e+02	1.902718e-06
3.409424e+02	1.847028e-06
3.410536e+02	1.926695e-06
3.411609e+02	1.867911e-06
3.412702e+02	1.866365e-06
3.413797e+02	1.870232e-06
3.414876e+02	1.871006e-06
3.416030e+02	1.885701e-06
3.417093e+02	1.894984e-06
3.418175e+02	1.884928e-06
3.419260e+02	1.890342e-06
3.420344e+02	1.921281e-06
3.421419e+02	1.881834e-06
3.422506e+02	1.876420e-06
3.423612e+02	1.893436e-06
3.424682e+02	1.867911e-06
3.425752e+02	1.874099e-06
3.426814e+02	1.871779e-06
3.427910e+02	1.894984e-06
3.428990e+02	1.889568e-06
3.430069e+02	1.901944e-06
3.431147e+02	1.918960e-06
3.432241e+02	1.898851e-06
3.433341e+02	1.884928e-06
3.434438e+02	1.936750e-06
3.435547e+02	1.904265e-06
3.436622e+02	1.912000e-06
3.437717e+02	1.876420e-06
3.438830e+02	1.886475e-06
3.439937e+02	1.908132e-06
3.441027e+02	1.910453e-06
3.442114e+02	1.891889e-06
3.443207e+02	1.883380e-06
3.444312e+02	1.883380e-06
3.445410e+02	1.884154e-06
3.446483e+02	1.898077e-06
3.447557e+02	1.911226e-06
3.448649e+02	1.906586e-06
3.449721e+02	1.932883e-06
3.450817e+02	1.893436e-06
3.451912e+02	1.889568e-06
3.452989e+02	1.881061e-06
3.454067e+02	1.927469e-06
3.455170e+02	1.933657e-06
3.456245e+02	1.917414e-06
3.457340e+02	1.902718e-06
3.458427e+02	1.916640e-06
3.459520e+02	1.899624e-06
3.460598e+02	1.898851e-06
3.461701e+02	1.866365e-06
3.462807e+02	1.891116e-06
3.463887e+02	1.861724e-06
3.464966e+02	1.892663e-06
3.466047e+02	1.912000e-06
3.467129e+02	1.904265e-06
3.468260e+02	1.909679e-06
3.469352e+02	1.860951e-06
3.470435e+02	1.911226e-06
3.471515e+02	1.851669e-06
3.472591e+02	1.925922e-06
3.473685e+02	1.898077e-06
3.474762e+02	1.919734e-06
3.475861e+02	1.908132e-06
3.476957e+02	1.917414e-06
3.478024e+02	1.916640e-06
3.479101e+02	1.888796e-06
3.480189e+02	1.888796e-06
3.481267e+02	1.876420e-06
3.482388e+02	1.920507e-06
3.483475e+02	1.883380e-06
3.484547e+02	1.896530e-06
3.485631e+02	1.939071e-06
3.486752e+02	1.848575e-06
3.487854e+02	1.876420e-06
3.488920e+02	1.901170e-06
3.490013e+02	1.870232e-06
3.491145e+02	1.890342e-06
3.492258e+02	1.899624e-06
3.493342e+02	1.901170e-06
3.494411e+02	1.892663e-06
3.495517e+02	1.919734e-06
3.496591e+02	1.902718e-06
3.497683e+02	1.902718e-06
3.498763e+02	1.913546e-06
3.499848e+02	1.877966e-06
3.500931e+02	1.908132e-06
3.502012e+02	1.884928e-06
3.503093e+02	1.919734e-06
3.504185e+02	1.915867e-06
3.505274e+02	1.927469e-06
3.506366e+02	1.918960e-06
3.507457e+02	1.888796e-06
3.508532e+02	1.870232e-06
3.509629e+02	1.929016e-06
3.510715e+02	1.867911e-06
3.511783e+02	1.946805e-06
3.512882e+02	1.904265e-06
3.513950e+02	1.922055e-06
3.515023e+02	1.848575e-06
3.516108e+02	1.924374e-06
3.517184e+02	1.905038e-06
3.518264e+02	1.901944e-06
3.519343e+02	1.871006e-06
3.520431e+02	1.925922e-06
3.521497e+02	1.912772e-06
3.522579e+02	1.912000e-06
3.523665e+02	1.903491e-06
3.524752e+02	1.922828e-06
3.525826e+02	1.900398e-06
3.526892e+02	1.903491e-06
3.527985e+02	1.905038e-06
3.529051e+02	1.894984e-06
3.530153e+02	1.915867e-06
3.531227e+02	1.890342e-06
3.532334e+02	1.898851e-06
3.533441e+02	1.914320e-06
3.534528e+02	1.877194e-06
3.535596e+02	1.881061e-06
3.536668e+02	1.856309e-06
3.537732e+02	1.894984e-06
3.538799e+02	1.898077e-06
3.539881e+02	1.874873e-06
3.540954e+02	1.886475e-06
3.542037e+02	1.902718e-06
3.543114e+02	1.870232e-06
3.544236e+02	1.894984e-06
3.545328e+02	1.891116e-06
3.546422e+02	1.864044e-06
3.547498e+02	1.879513e-06
3.548579e+02	1.872552e-06
3.549651e+02	1.883380e-06
3.550741e+02	1.884928e-06
3.551818e+02	1.906586e-06
3.552928e+02	1.906586e-06
3.554020e+02	1.883380e-06
3.555112e+02	1.877966e-06
3.556206e+02	1.891889e-06
3.557269e+02	1.883380e-06
3.558342e+02	1.865592e-06
3.559456e+02	1.896530e-06
3.560547e+02	1.922828e-06
3.561623e+02	1.901170e-06
3.562698e+02	1.906586e-06
3.563784e+02	1.871779e-06
3.564855e+02	1.854763e-06
3.565940e+02	1.882608e-06
3.567041e+02	1.883380e-06
3.568151e+02	1.896530e-06
3.569229e+02	1.905812e-06
3.570321e+02	1.927469e-06
3.571409e+02	1.899624e-06
3.572484e+02	1.885701e-06
3.573567e+02	1.898077e-06
3.574651e+02	1.920507e-06
3.575722e+02	1.897303e-06
3.576813e+02	1.915867e-06
3.577896e+02	1.868685e-06
3.578965e+02	1.880287e-06
3.580039e+02	1.908905e-06
3.581114e+02	1.899624e-06
3.582238e+02	1.901170e-06
3.583309e+02	1.857857e-06
3.584399e+02	1.904265e-06
3.585485e+02	1.898851e-06
3.586565e+02	1.855537e-06
3.587655e+02	1.899624e-06
3.588747e+02	1.836200e-06
3.589836e+02	1.874873e-06
3.590917e+02	1.888022e-06
3.592010e+02	1.872552e-06
3.593087e+02	1.888796e-06
3.594185e+02	1.855537e-06
3.595270e+02	1.903491e-06
3.596355e+02	1.919734e-06
3.597442e+02	1.892663e-06
3.598528e+02	1.891116e-06
3.599608e+02	1.915093e-06
3.600696e+02	1.930562e-06
