Time,s	TEY,A	Shutter
0	1.612142E-10	0
0.10871	1.574111E-10	0
0.215429	1.595383E-10	0
0.322148	1.548971E-10	0
0.428866	1.596027E-10	0
0.536581	1.565731E-10	0
0.644298	1.569598E-10	0
0.752013	1.605052E-10	0
0.861725	1.59216E-10	0
0.96944	1.587647E-10	0
1.077156	1.611498E-10	0
1.184974	1.587003E-10	0
1.291947	1.601829E-10	0
1.399503	1.568954E-10	0
1.508216	1.545748E-10	0
1.618361	1.569598E-10	0
1.726814	1.562508E-10	0
1.835319	1.584424E-10	0
1.942595	1.584424E-10	0
2.052682	1.564442E-10	0
2.160862	1.588292E-10	0
2.267881	1.561219E-10	0
2.375545	1.568954E-10	0
2.485225	1.581846E-10	0
2.595186	1.559285E-10	0
2.704122	1.596027E-10	0
2.814043	1.60763E-10	0
2.921597	1.568954E-10	0
3.029157	1.598606E-10	0
3.136495	1.600539E-10	0
3.24588	1.579912E-10	0
3.356405	1.593449E-10	0
3.466507	1.55864E-10	0
3.575016	1.603118E-10	0
3.68404	1.555417E-10	0
3.792376	1.597316E-10	0
3.899442	1.587647E-10	0
4.008278	1.572177E-10	0
4.117473	1.590226E-10	0
4.227537	1.588937E-10	0
4.335224	1.561863E-10	0
4.444445	1.604407E-10	0
4.553285	1.58378E-10	0
4.661	1.581201E-10	0
4.768716	1.606341E-10	0
4.877429	1.590226E-10	0
4.984998	1.599895E-10	0
5.09285	1.591515E-10	0
5.202153	1.59087E-10	0
5.311754	1.601184E-10	0
5.41931	1.593449E-10	0
5.526026	1.583135E-10	0
5.633612	1.617944E-10	0
5.742009	1.58378E-10	0
5.850322	1.59087E-10	0
5.957615	1.585714E-10	0
6.064702	1.587647E-10	0
6.171308	1.602473E-10	0
6.280668	1.58378E-10	0
6.389005	1.588292E-10	0
6.496615	1.596027E-10	0
6.604902	1.577978E-10	0
6.71355	1.597961E-10	0
6.822605	1.596027E-10	0
6.931316	1.585069E-10	0
7.038105	1.608275E-10	0
7.1484	1.564442E-10	0
7.259534	1.59087E-10	0
7.367393	1.596672E-10	0
7.473979	1.581846E-10	0
7.585611	1.598606E-10	0
7.693326	1.588292E-10	0
7.800045	1.594738E-10	0
7.908692	1.598606E-10	0
8.017344	1.569598E-10	0
8.125608	1.589581E-10	0
8.235008	1.592804E-10	0
8.342551	1.601829E-10	0
8.451167	1.59087E-10	0
8.558899	1.590226E-10	0
8.6667	1.594738E-10	0
8.776056	1.578623E-10	0
8.885119	1.576045E-10	0
8.995504	1.56702E-10	0
9.105183	1.577334E-10	0
9.213217	1.589581E-10	0
9.32193	1.596027E-10	0
9.429517	1.613431E-10	0
9.536729	1.642438E-10	0
9.643846	1.579912E-10	0
9.753966	1.59216E-10	0
9.861856	1.557996E-10	0
9.969101	1.627613E-10	0
10.076748	1.595383E-10	0
10.184914	1.599895E-10	0
10.293931	1.596672E-10	0
10.40128	1.614721E-10	0
10.508512	1.581846E-10	0
10.617594	1.562508E-10	0
10.725573	1.581846E-10	0
10.832361	1.576689E-10	0
10.940367	1.585069E-10	0
11.047784	1.597961E-10	0
11.156532	1.605052E-10	0
11.264544	1.561863E-10	0
11.373136	1.610208E-10	0
11.481806	1.596027E-10	0
11.5892	1.588292E-10	0
11.696843	1.55864E-10	0
11.80681	1.583135E-10	0
11.914902	1.583135E-10	0
12.023723	1.600539E-10	0
12.132543	1.590226E-10	0
12.240481	1.601184E-10	0
12.349054	1.617299E-10	0
12.457182	1.58378E-10	0
12.566092	1.598606E-10	0
12.67487	1.573466E-10	0
12.783127	1.608275E-10	0
12.89186	1.620522E-10	0
12.999399	1.587647E-10	0
13.107263	1.594738E-10	0
13.215603	1.626968E-10	0
13.324333	1.587003E-10	0
13.431875	1.606985E-10	0
13.539755	1.594093E-10	0
13.648267	1.59216E-10	0
13.756523	1.590226E-10	0
13.864562	1.590226E-10	0
13.97385	1.584424E-10	0
14.0816	1.609564E-10	0
14.189315	1.580557E-10	0
14.298469	1.586358E-10	0
14.406907	1.602473E-10	0
14.516911	1.600539E-10	0
14.62622	1.581846E-10	0
14.736575	1.611498E-10	0
14.844902	1.573466E-10	0
14.953496	1.619233E-10	0
15.061778	1.60763E-10	0
15.170662	1.582491E-10	0
15.279329	1.571532E-10	0
15.387634	1.582491E-10	0
15.495705	1.593449E-10	0
15.605425	1.590226E-10	0
15.71396	1.577334E-10	0
15.822614	1.61601E-10	0
15.930277	1.630191E-10	0
16.038371	1.602473E-10	0
16.148615	1.62439E-10	0
16.255785	1.598606E-10	0
16.36391	1.579268E-10	0
16.472402	1.552839E-10	0
16.581205	1.59087E-10	0
16.690066	1.579268E-10	0
16.799424	1.612787E-10	0
16.906499	1.572822E-10	0
17.0138	1.591515E-10	0
17.125506	1.595383E-10	0
17.233634	1.605696E-10	0
17.34245	1.618588E-10	0
17.450014	1.582491E-10	0
17.55957	1.59087E-10	0
17.667026	1.594093E-10	0
17.775332	1.577334E-10	0
17.885023	1.603762E-10	0
17.99231	1.592804E-10	0
18.100239	1.601829E-10	0
18.209541	1.606341E-10	0
18.317067	1.605696E-10	0
18.427052	1.601829E-10	0
18.534587	1.599895E-10	0
18.643105	1.587647E-10	0
18.750986	1.601184E-10	0
18.859412	1.616654E-10	0
18.969466	1.561863E-10	0
19.077968	1.587647E-10	0
19.185923	1.576689E-10	0
19.294646	1.584424E-10	0
19.403605	1.621167E-10	0
19.511777	1.587647E-10	0
19.621072	1.596672E-10	0
19.729681	1.615365E-10	0
19.83645	1.599895E-10	0
19.945509	1.567665E-10	0
20.055123	1.603762E-10	0
20.163491	1.579268E-10	0
20.273067	1.608919E-10	0
20.380646	1.602473E-10	0
20.490153	1.577978E-10	0
20.598407	1.603118E-10	0
20.708139	1.601829E-10	0
20.816713	1.600539E-10	0
20.925896	1.59087E-10	0
21.033786	1.606985E-10	0
21.141549	1.588292E-10	0
21.25096	1.591515E-10	0
21.358029	1.577334E-10	0
21.466088	1.602473E-10	0
21.575491	1.58378E-10	0
21.683733	1.582491E-10	0
21.792749	1.59087E-10	0
21.900275	1.595383E-10	0
22.008184	1.629546E-10	0
22.116049	1.588937E-10	0
22.223877	1.574111E-10	0
22.332323	1.598606E-10	0
22.440771	1.590226E-10	0
22.5496	1.590226E-10	0
22.658614	1.565731E-10	0
22.765333	1.620522E-10	0
22.873384	1.608919E-10	0
22.981038	1.580557E-10	0
23.089245	1.59925E-10	0
23.197226	1.587647E-10	0
23.305071	1.59925E-10	0
23.413495	1.588937E-10	0
23.522412	1.5754E-10	0
23.630524	1.591515E-10	0
23.73844	1.59087E-10	0
23.847645	1.616654E-10	0
23.955895	1.635348E-10	0
24.065011	1.617299E-10	0
24.173822	1.615365E-10	0
24.28324	1.619233E-10	0
24.39263	1.579268E-10	0
24.501915	1.608275E-10	0
24.609373	1.596672E-10	0
24.717669	1.586358E-10	0
24.82557	1.598606E-10	0
24.932607	1.594093E-10	0
25.03939	1.564442E-10	0
25.149892	1.609564E-10	0
25.257946	1.605696E-10	0
25.368307	1.576689E-10	0
25.477311	1.574755E-10	0
25.58515	1.579268E-10	0
25.693078	1.597316E-10	0
25.800703	1.597316E-10	0
25.909691	1.580557E-10	0
26.017336	1.579912E-10	0
26.125397	1.593449E-10	0
26.233918	1.606985E-10	0
26.342647	1.599895E-10	0
26.451023	1.594738E-10	0
26.558746	1.599895E-10	0
26.669203	1.612787E-10	0
26.777462	1.594738E-10	0
26.886685	1.59087E-10	0
26.995897	1.595383E-10	0
27.104706	1.599895E-10	0
27.213064	1.576689E-10	0
27.322397	1.587647E-10	0
27.430815	1.620522E-10	0
27.538666	1.606985E-10	0
27.645036	1.573466E-10	0
27.753474	1.56702E-10	0
27.86092	1.606341E-10	0
27.968389	1.577334E-10	0
28.07604	1.590226E-10	0
28.185804	1.594093E-10	0
28.293707	1.599895E-10	0
28.400877	1.582491E-10	0
28.509291	1.603762E-10	0
28.617875	1.59087E-10	0
28.72694	1.586358E-10	0
28.835701	1.61601E-10	0
28.94283	1.59216E-10	0
29.049999	1.601829E-10	0
29.15877	1.564442E-10	0
29.268449	1.588292E-10	0
29.377206	1.581201E-10	0
29.486657	1.578623E-10	0
29.594193	1.576045E-10	0
29.702282	1.585069E-10	0
29.811319	1.592804E-10	0
29.92058	1.574755E-10	0
30.028595	1.569598E-10	0
30.136021	1.577978E-10	0
30.245563	1.603118E-10	0
30.353206	1.591515E-10	0
30.461175	1.599895E-10	0
30.56918	1.549616E-10	0
30.677505	1.554128E-10	0
30.784939	1.594093E-10	0
30.893054	1.601184E-10	0
31.000927	1.601829E-10	0
31.10835	1.597316E-10	0
31.215938	1.596672E-10	0
31.32413	1.609564E-10	0
31.431948	1.576689E-10	0
31.539958	1.564442E-10	0
31.647542	1.585069E-10	0
31.755939	1.594738E-10	0
31.86279	1.587647E-10	0
31.970876	1.579268E-10	0
32.077785	1.601829E-10	0
32.185494	1.58378E-10	0
32.294219	1.581201E-10	0
32.402692	1.574111E-10	0
32.511615	1.566375E-10	0
32.619395	1.573466E-10	0
32.72774	1.617299E-10	0
32.836821	1.602473E-10	0
32.945397	1.565731E-10	0
33.053531	1.59087E-10	0
33.162962	1.584424E-10	0
33.271847	1.571532E-10	0
33.379331	1.588937E-10	0
33.488432	1.59925E-10	0
33.596269	1.593449E-10	0
33.704263	1.577978E-10	0
33.813576	1.569598E-10	0
33.920787	1.571532E-10	0
34.027626	1.595383E-10	0
34.135772	1.608919E-10	0
34.24549	1.565086E-10	0
34.352347	1.581201E-10	0
34.45966	1.591515E-10	0
34.569592	1.567665E-10	0
34.678191	1.587003E-10	0
34.787419	1.588292E-10	0
34.895399	1.579268E-10	0
35.00336	1.596027E-10	0
35.111734	1.583135E-10	0
35.219229	1.561863E-10	0
35.32839	1.570243E-10	0
35.436014	1.603762E-10	0
35.54373	1.582491E-10	0
35.651446	1.579912E-10	0
35.759161	1.555417E-10	0
35.866884	1.547682E-10	0
35.973597	1.580557E-10	0
36.081314	1.574111E-10	0
36.189027	1.586358E-10	0
36.295062	1.568309E-10	0
36.402778	1.587003E-10	0
36.510939	1.569598E-10	0
36.61881	1.563797E-10	0
36.727457	1.588292E-10	0
36.833591	1.58378E-10	0
36.940942	1.563797E-10	0
37.04798	1.601829E-10	0
37.155702	1.585714E-10	0
37.26438	1.59216E-10	0
37.373095	1.581846E-10	0
37.480811	1.541236E-10	0
37.587528	1.573466E-10	0
37.695245	1.56702E-10	0
37.80318	1.601184E-10	0
37.91116	1.576689E-10	0
38.018888	1.568954E-10	0
38.12896	1.561863E-10	0
38.237776	1.588937E-10	0
38.345541	1.562508E-10	0
38.454265	1.55864E-10	0
38.562457	1.572822E-10	0
38.670187	1.585069E-10	0
38.779079	1.528344E-10	0
38.888469	1.559929E-10	0
38.996576	1.565731E-10	0
39.106493	1.580557E-10	0
39.214481	1.566375E-10	0
39.323428	1.603762E-10	0
39.431193	1.554773E-10	0
39.539214	1.559285E-10	0
39.647828	1.577334E-10	0
39.756188	1.5754E-10	0
39.863956	1.587003E-10	0
39.971692	1.599895E-10	0
40.079727	1.557351E-10	0
40.187856	1.570888E-10	0
40.298881	1.59087E-10	0
40.408755	1.59087E-10	0
40.5165	1.614076E-10	0
40.624863	1.574111E-10	0
40.731733	1.572822E-10	0
40.84129	1.562508E-10	0
40.950133	1.585069E-10	0
41.057714	1.608275E-10	0
41.16618	1.576689E-10	0
41.274467	1.547682E-10	0
41.384004	1.542525E-10	0
41.492014	1.579268E-10	0
41.600777	1.568309E-10	0
41.709314	1.588937E-10	0
41.819699	1.539947E-10	0
41.927629	1.540591E-10	0
42.036693	1.570243E-10	0
42.143826	1.559285E-10	0
42.253572	1.571532E-10	0
42.361874	1.567665E-10	0
42.469599	1.585714E-10	0
42.577932	1.58378E-10	0
42.685281	1.572822E-10	0
42.793479	1.58378E-10	0
42.903431	1.545104E-10	0
43.012607	1.548327E-10	0
43.122088	1.574755E-10	0
43.231001	1.540591E-10	0
43.339923	1.579912E-10	0
43.446918	1.573466E-10	0
43.556508	1.587003E-10	0
43.665903	1.55155E-10	0
43.775133	1.532212E-10	0
43.882902	1.593449E-10	0
43.990831	1.539302E-10	0
44.10002	1.593449E-10	0
44.209543	1.5754E-10	0
44.318192	1.562508E-10	0
44.426337	1.538658E-10	0
44.535007	1.569598E-10	0
44.642729	1.584424E-10	0
44.751234	1.572822E-10	0
44.86002	1.585714E-10	0
44.967153	1.548971E-10	0
45.07584	1.590226E-10	0
45.185751	1.576689E-10	0
45.292837	1.552839E-10	0
45.400804	1.577334E-10	0
45.510445	1.568309E-10	0
45.618052	1.597961E-10	0
45.726202	1.55864E-10	0
45.833917	1.55864E-10	0
45.942203	1.584424E-10	0
46.052184	1.572177E-10	0
46.162944	1.541236E-10	0
46.271707	1.561863E-10	0
46.381471	1.56702E-10	0
46.48947	1.55026E-10	0
46.598452	1.576045E-10	0
46.706564	1.579912E-10	0
46.816259	1.572177E-10	0
46.92473	1.588937E-10	0
47.033072	1.589581E-10	0
47.142089	1.603118E-10	0
47.249959	1.601829E-10	0
47.35811	1.554773E-10	0
47.466045	1.570243E-10	0
47.574215	1.554128E-10	0
47.681437	1.586358E-10	0
47.791178	1.585069E-10	0
47.899129	1.584424E-10	0
48.008135	1.578623E-10	0
48.115702	1.554773E-10	0
48.224571	1.589581E-10	0
48.333605	1.563797E-10	0
48.441949	1.572177E-10	0
48.551398	1.552839E-10	0
48.658909	1.573466E-10	0
48.767501	1.590226E-10	0
48.876885	1.577978E-10	0
48.984612	1.594093E-10	0
49.092926	1.574111E-10	0
49.200536	1.59216E-10	0
49.310372	1.556706E-10	0
49.418183	1.605052E-10	0
49.526318	1.584424E-10	0
49.634148	1.580557E-10	0
49.74324	1.582491E-10	0
49.851547	1.597316E-10	0
49.960163	1.566375E-10	0
50.06879	1.548971E-10	0
50.176066	1.599895E-10	0
50.284426	1.568954E-10	0
50.391913	1.563797E-10	0
50.500139	1.573466E-10	0
50.608226	1.562508E-10	0
50.716296	1.565731E-10	0
50.826273	1.577978E-10	0
50.934668	1.5754E-10	0
51.042758	1.59216E-10	0
51.150016	1.596672E-10	0
51.257012	1.602473E-10	0
51.366447	1.565086E-10	0
51.475956	1.589581E-10	0
51.583924	1.572177E-10	0
51.692497	1.568954E-10	0
51.800666	1.556062E-10	0
51.907564	1.592804E-10	0
52.015278	1.55026E-10	0
52.124686	1.553483E-10	0
52.234074	1.5754E-10	0
52.342802	1.568954E-10	0
52.44975	1.598606E-10	0
52.559298	1.582491E-10	0
52.666842	1.591515E-10	0
52.774934	1.59216E-10	0
52.885423	1.568309E-10	0
52.994269	1.554773E-10	0
53.102579	1.589581E-10	0
53.211127	1.577978E-10	0
53.321078	1.562508E-10	0
53.430902	1.612142E-10	0
53.538055	1.557996E-10	0
53.647251	1.548971E-10	0
53.755603	1.56702E-10	0
53.86489	1.54317E-10	0
53.974049	1.56702E-10	0
54.081801	1.559929E-10	0
54.191017	1.548971E-10	0
54.299366	1.583135E-10	0
54.407094	1.567665E-10	0
54.515707	1.554773E-10	0
54.625796	1.621811E-10	0
54.734272	1.561863E-10	0
54.842008	1.562508E-10	0
54.951497	1.568954E-10	0
55.060096	1.55864E-10	0
55.169749	1.561863E-10	0
55.276467	1.563152E-10	0
55.384185	1.550905E-10	0
55.491863	1.581846E-10	0
55.600154	1.56702E-10	0
55.707966	1.554128E-10	0
55.815853	1.550905E-10	0
55.924055	1.573466E-10	0
56.032088	1.55155E-10	0
56.140923	1.555417E-10	0
56.248441	1.557351E-10	0
56.356856	1.562508E-10	0
56.464748	1.568954E-10	0
56.573374	1.579268E-10	0
56.682684	1.582491E-10	0
56.791398	1.576045E-10	0
56.899848	1.578623E-10	0
57.007925	1.538013E-10	0
57.117571	1.576045E-10	0
57.224634	1.547682E-10	0
57.334329	1.582491E-10	0
57.444302	1.561219E-10	0
57.55221	1.570243E-10	0
57.660877	1.557996E-10	0
57.768556	1.546393E-10	0
57.878707	1.550905E-10	0
57.987116	1.579912E-10	0
58.096011	1.545104E-10	0
58.203784	1.533501E-10	0
58.310859	1.554773E-10	0
58.41942	1.585714E-10	0
58.528165	1.525766E-10	0
58.63799	1.55026E-10	0
58.745023	1.563797E-10	0
58.854889	1.579268E-10	0
58.963746	1.561219E-10	0
59.073043	1.568309E-10	0
59.181417	1.601829E-10	0
59.289408	1.565086E-10	0
59.398548	1.557351E-10	0
59.506386	1.605052E-10	0
59.615608	1.55864E-10	0
59.723412	1.574111E-10	0
59.832405	1.593449E-10	0
59.941902	1.572177E-10	0
60.049962	4.041259E-8	0
60.160042	5.156972E-8	1
60.270802	5.148012E-8	1
60.379589	5.14011E-8	1
60.487884	5.130428E-8	1
60.595303	5.121326E-8	1
60.704827	5.112011E-8	1
60.814559	5.103419E-8	1
60.923151	5.095394E-8	1
61.033475	5.087285E-8	1
61.141337	5.080478E-8	1
61.250018	5.071698E-8	1
61.358623	5.064189E-8	1
61.466606	5.058091E-8	1
61.576566	5.051516E-8	1
61.686486	5.045108E-8	1
61.796987	5.039616E-8	1
61.904903	5.034344E-8	1
62.012297	5.029122E-8	1
62.122465	5.023985E-8	1
62.231965	5.020188E-8	1
62.341309	5.015386E-8	1
62.450561	5.010899E-8	1
62.5586	5.006819E-8	1
62.668028	5.003196E-8	1
62.776906	4.998981E-8	1
62.885282	4.996203E-8	1
62.993876	4.991993E-8	1
63.104188	4.989047E-8	1
63.212422	4.985882E-8	1
63.322119	4.983085E-8	1
63.43013	4.979965E-8	1
63.537984	4.977735E-8	1
63.646828	4.975575E-8	1
63.75541	4.972829E-8	1
63.863377	4.970444E-8	1
63.97184	4.968021E-8	1
64.081111	4.965687E-8	1
64.189524	4.963373E-8	1
64.29873	4.961575E-8	1
64.406826	4.957939E-8	1
64.515347	4.956186E-8	1
64.622625	4.953511E-8	1
64.732546	4.95217E-8	1
64.840128	4.950745E-8	1
64.948347	4.950165E-8	1
65.057699	4.9472E-8	1
65.165387	4.945582E-8	1
65.274685	4.943313E-8	1
65.383235	4.941631E-8	1
65.492971	4.939723E-8	1
65.601151	4.938749E-8	1
65.709786	4.936925E-8	1
65.81902	4.933889E-8	1
65.927395	4.933573E-8	1
66.03632	4.932361E-8	1
66.145291	4.930589E-8	1
66.254022	4.929158E-8	1
66.362647	4.927669E-8	1
66.47121	4.92625E-8	1
66.581231	4.925226E-8	1
66.68982	4.923911E-8	1
66.797631	4.922969E-8	1
66.908201	4.921203E-8	1
67.016149	4.919347E-8	1
67.124316	4.918193E-8	1
67.234945	4.915827E-8	1
67.343623	4.915054E-8	1
67.452194	4.912656E-8	1
67.566511	4.913204E-8	1
67.67533	4.845205E-8	1
67.784354	4.915988E-8	1
67.893359	4.915022E-8	1
68.00252	4.91526E-8	1
68.112734	4.9139E-8	1
68.221904	4.912643E-8	1
68.329876	4.911444E-8	1
68.438298	4.909704E-8	1
68.546804	4.908273E-8	1
68.655737	4.90697E-8	1
68.765558	4.906152E-8	1
68.874495	4.905849E-8	1
68.984523	4.904779E-8	1
69.093861	4.902903E-8	1
69.2031	4.901852E-8	1
69.313943	4.901633E-8	1
69.422022	4.900267E-8	1
69.531122	4.899235E-8	1
69.639929	4.897753E-8	1
69.748717	4.897553E-8	1
69.857659	4.895993E-8	1
69.966527	4.895703E-8	1
70.075304	4.893247E-8	1
70.184565	4.893054E-8	1
70.294321	4.891777E-8	1
70.402646	4.890662E-8	1
70.512029	4.889212E-8	1
70.620688	4.889366E-8	1
70.729339	4.888193E-8	1
70.837046	4.886788E-8	1
70.945098	4.886066E-8	1
71.053627	4.884938E-8	1
71.162147	4.884126E-8	1
71.270903	4.882501E-8	1
71.379651	4.882211E-8	1
71.490373	4.88011E-8	1
71.599696	4.879788E-8	1
71.709243	4.878653E-8	1
71.817934	4.878428E-8	1
71.927688	4.877615E-8	1
72.03588	4.877602E-8	1
72.145995	4.876378E-8	1
72.254843	4.873748E-8	1
72.364099	4.873999E-8	1
72.472946	4.873561E-8	1
72.581038	4.872762E-8	1
72.688125	4.871782E-8	1
72.797972	4.871182E-8	1
72.905691	4.870435E-8	1
73.015973	4.869229E-8	1
73.123571	4.869313E-8	1
73.232956	4.867901E-8	1
73.342288	4.86745E-8	1
73.450922	4.866432E-8	1
73.559067	4.866206E-8	1
73.667408	4.864317E-8	1
73.776251	4.864395E-8	1
73.884752	4.86335E-8	1
73.993746	4.862313E-8	1
74.101327	4.861674E-8	1
74.210385	4.861268E-8	1
74.317307	4.859947E-8	1
74.427078	4.859579E-8	1
74.537669	4.858735E-8	1
74.647155	4.857594E-8	1
74.755479	4.856866E-8	1
74.862795	4.857111E-8	1
74.971953	4.856079E-8	1
75.08012	4.854738E-8	1
75.189176	4.853817E-8	1
75.296893	4.853688E-8	1
75.404608	4.852276E-8	1
75.512329	4.851354E-8	1
75.621534	4.850871E-8	1
75.731666	4.850194E-8	1
75.84143	4.850819E-8	1
75.951548	4.84953E-8	1
76.059359	4.848389E-8	1
76.16907	4.846662E-8	1
76.277812	4.84661E-8	1
76.38509	4.843806E-8	1
76.493066	4.844296E-8	1
76.601812	4.843239E-8	1
76.710569	4.842098E-8	1
76.818866	4.843026E-8	1
76.927442	4.842414E-8	1
77.035494	4.84146E-8	1
77.14372	4.841157E-8	1
77.252558	4.839771E-8	1
77.361175	4.83921E-8	1
77.470211	4.837843E-8	1
77.580415	4.838437E-8	1
77.690214	4.837843E-8	1
77.799218	4.836761E-8	1
77.907298	4.835877E-8	1
78.016892	4.836045E-8	1
78.125939	4.83533E-8	1
78.235166	4.834085E-8	1
78.344311	4.833125E-8	1
78.453034	4.832822E-8	1
78.561182	4.832996E-8	1
78.669284	4.832126E-8	1
78.77855	4.831507E-8	1
78.887751	4.831346E-8	1
78.99577	4.830746E-8	1
79.106211	4.830321E-8	1
79.212724	4.828561E-8	1
79.320674	4.828871E-8	1
79.428686	4.828593E-8	1
79.537791	4.826892E-8	1
79.646728	4.826286E-8	1
79.754934	4.826499E-8	1
79.864551	4.825764E-8	1
79.974358	4.825661E-8	1
80.083314	4.8247E-8	1
80.190886	4.824719E-8	1
80.300301	4.823894E-8	1
80.408207	4.82265E-8	1
80.516337	4.823263E-8	1
80.624651	4.822741E-8	1
80.732876	4.821464E-8	1
80.842352	4.822038E-8	1
80.951981	4.819956E-8	1
81.060592	4.819569E-8	1
81.170364	4.820375E-8	1
81.278336	4.81926E-8	1
81.387139	4.819369E-8	1
81.494954	4.818628E-8	1
81.603421	4.819479E-8	1
81.712236	4.818093E-8	1
81.821796	4.818415E-8	1
81.930379	4.817571E-8	1
82.040378	4.816514E-8	1
82.149001	4.816069E-8	1
82.256973	4.816159E-8	1
82.365062	4.815308E-8	1
82.473965	4.814722E-8	1
82.583871	4.814335E-8	1
82.692137	4.813845E-8	1
82.801252	4.812859E-8	1
82.91043	4.812569E-8	1
83.018482	4.812943E-8	1
83.127456	4.811834E-8	1
83.236227	4.811847E-8	1
83.345767	4.811718E-8	1
83.45508	4.810313E-8	1
83.564239	4.811138E-8	1
83.67285	4.811209E-8	1
83.78195	4.810325E-8	1
83.890444	4.808824E-8	1
83.998826	4.809417E-8	1
84.108772	4.808978E-8	1
84.218165	4.808875E-8	1
84.327952	4.80794E-8	1
84.437721	4.808733E-8	1
84.547012	4.807818E-8	1
84.655287	4.806967E-8	1
84.763441	4.806451E-8	1
84.871963	4.806793E-8	1
84.981876	4.806812E-8	1
85.091469	4.804124E-8	1
85.198973	4.804885E-8	1
85.307291	4.804937E-8	1
85.417318	4.805149E-8	1
85.525864	4.804743E-8	1
85.635511	4.803467E-8	1
85.744939	4.8031E-8	1
85.853488	4.802274E-8	1
85.963777	4.802835E-8	1
86.072999	4.801482E-8	1
86.183032	4.801424E-8	1
86.291425	4.799599E-8	1
86.401211	4.799445E-8	1
86.510047	4.79949E-8	1
86.61863	4.800437E-8	1
86.728501	4.799773E-8	1
86.838255	4.799032E-8	1
86.94595	4.799225E-8	1
87.05572	4.799045E-8	1
87.163299	4.798329E-8	1
87.272736	4.797414E-8	1
87.382895	4.797601E-8	1
87.492259	4.796918E-8	1
87.600581	4.796911E-8	1
87.708648	4.796634E-8	1
87.818675	4.796131E-8	1
87.928662	4.795854E-8	1
88.039598	4.795751E-8	1
88.1496	4.795177E-8	1
88.257709	4.795422E-8	1
88.36776	4.795068E-8	1
88.476994	4.794481E-8	1
88.585029	4.793824E-8	1
88.694197	4.793289E-8	1
88.803061	4.793895E-8	1
88.912022	4.792992E-8	1
89.019479	4.793153E-8	1
89.127641	4.792393E-8	1
89.236145	4.792167E-8	1
89.345542	4.792206E-8	1
89.453433	4.791909E-8	1
89.562768	4.791574E-8	1
89.672613	4.790878E-8	1
89.782051	4.791213E-8	1
89.892724	4.791497E-8	1
90.001896	4.789924E-8	1
90.110356	4.790059E-8	1
90.219068	4.789466E-8	1
90.326074	4.788789E-8	1
90.435614	4.788686E-8	1
90.544151	4.788622E-8	1
90.653097	4.788145E-8	1
90.760702	4.788332E-8	1
90.869217	4.787706E-8	1
90.978927	4.787558E-8	1
91.086639	4.787726E-8	1
91.193358	4.788261E-8	1
91.302072	4.787655E-8	1
91.409613	4.787739E-8	1
91.518367	4.788822E-8	1
91.626193	4.787964E-8	1
91.734241	4.786301E-8	1
91.842794	4.787636E-8	1
91.950738	4.78663E-8	1
92.058996	4.786089E-8	1
92.168221	4.786604E-8	1
92.275856	4.786778E-8	1
92.38535	4.784967E-8	1
92.495345	4.785038E-8	1
92.604177	4.785289E-8	1
92.713428	4.785218E-8	1
92.823211	4.784735E-8	1
92.932196	4.784264E-8	1
93.039779	4.783001E-8	1
93.148681	4.783871E-8	1
93.256536	4.783897E-8	1
93.366119	4.78331E-8	1
93.477825	4.782266E-8	1
93.585828	4.783439E-8	1
93.695725	4.782202E-8	1
93.805069	4.782247E-8	1
93.915147	4.78157E-8	1
94.023852	4.780835E-8	1
94.132566	4.779894E-8	1
94.239285	4.78021E-8	1
94.346999	4.781028E-8	1
94.455714	4.779997E-8	1
94.565447	4.779172E-8	1
94.672166	4.779153E-8	1
94.779858	4.77856E-8	1
94.888573	4.778186E-8	1
94.996286	4.778444E-8	1
95.104004	4.778875E-8	1
95.212717	4.778547E-8	1
95.320432	4.777316E-8	1
95.428148	4.777767E-8	1
95.53686	4.778083E-8	1
95.644577	4.776935E-8	1
95.753289	4.777374E-8	1
95.860062	4.776516E-8	1
95.967778	4.77631E-8	1
96.07597	4.776871E-8	1
96.191449	4.775859E-8	1
96.300162	4.774389E-8	1
96.406881	4.775994E-8	1
96.514596	4.775304E-8	1
96.622313	4.775156E-8	1
96.736012	4.774221E-8	1
96.844727	4.774898E-8	1
96.953442	4.773364E-8	1
97.073123	4.772971E-8	1
97.182836	4.773274E-8	1
97.290551	4.773184E-8	1
97.398267	4.773583E-8	1
97.505835	4.772719E-8	1
97.617063	4.772371E-8	1
97.72595	4.773119E-8	1
97.834203	4.772475E-8	1
97.943854	4.771907E-8	1
98.054698	4.771894E-8	1
98.163424	4.771572E-8	1
98.273181	4.771269E-8	1
98.381509	4.770567E-8	1
98.489668	4.770947E-8	1
98.600351	4.771237E-8	1
98.708119	4.770934E-8	1
98.817849	4.769677E-8	1
98.927325	4.769677E-8	1
99.038623	4.769445E-8	1
99.14631	4.770057E-8	1
99.255854	4.769967E-8	1
99.365272	4.770109E-8	1
99.472742	4.769632E-8	1
99.581224	4.768362E-8	1
99.690708	4.769252E-8	1
99.799621	4.767956E-8	1
99.908345	4.768465E-8	1
100.017129	4.768884E-8	1
100.126809	4.767808E-8	1
100.234629	4.767576E-8	1
100.343301	4.768613E-8	1
100.451943	4.705501E-8	1
100.560204	4.774834E-8	1
100.669472	4.776291E-8	1
100.778186	4.777038E-8	1
100.885901	4.776187E-8	1
100.994647	4.776548E-8	1
101.102355	4.775446E-8	1
101.210082	4.775852E-8	1
101.319949	4.776026E-8	1
101.428808	4.775266E-8	1
101.538056	4.775775E-8	1
101.648013	4.775846E-8	1
101.757696	4.775453E-8	1
101.866606	4.774724E-8	1
101.973743	4.774557E-8	1
102.081458	4.774453E-8	1
102.190616	4.773912E-8	1
102.298258	4.774189E-8	1
102.406659	4.774183E-8	1
102.516413	4.774976E-8	1
102.625398	4.773609E-8	1
102.734502	4.773609E-8	1
102.842576	4.773732E-8	1
102.951529	4.77348E-8	1
103.060679	4.774022E-8	1
103.168584	4.772726E-8	1
103.277329	4.77319E-8	1
103.386639	4.773493E-8	1
103.495626	4.773113E-8	1
103.605522	4.772307E-8	1
103.716562	4.772326E-8	1
103.82671	4.771005E-8	1
103.935286	4.77125E-8	1
104.042925	4.770869E-8	1
104.151813	4.770599E-8	1
104.260519	4.770831E-8	1
104.368041	4.769625E-8	1
104.476786	4.770167E-8	1
104.586869	4.770038E-8	1
104.694966	4.770231E-8	1
104.802919	4.77009E-8	1
104.911238	4.770605E-8	1
105.018816	4.770341E-8	1
105.127934	4.769606E-8	1
105.237085	4.770605E-8	1
105.346046	4.769529E-8	1
105.456262	4.769471E-8	1
105.563352	4.768981E-8	1
105.672238	4.768665E-8	1
105.781061	4.769239E-8	1
105.89046	4.769587E-8	1
105.998772	4.769155E-8	1
106.108526	4.768987E-8	1
106.216726	4.768871E-8	1
106.323936	4.76833E-8	1
106.433071	4.768169E-8	1
106.541268	4.76938E-8	1
106.649652	4.768852E-8	1
106.758772	4.767917E-8	1
106.868032	4.76871E-8	1
106.976405	4.767879E-8	1
107.08749	4.767821E-8	1
107.19695	4.76822E-8	1
107.306015	4.767846E-8	1
107.414273	4.767543E-8	1
107.522587	4.767395E-8	1
107.632797	4.767872E-8	1
107.743501	4.767169E-8	1
107.851218	4.767891E-8	1
107.958933	4.766454E-8	1
108.066649	4.76744E-8	1
108.174364	4.767073E-8	1
108.283078	4.766854E-8	1
108.391791	4.766157E-8	1
108.503497	4.766718E-8	1
108.612209	4.765996E-8	1
108.719925	4.766596E-8	1
108.826841	4.765506E-8	1
108.936364	4.766995E-8	1
109.045373	4.765771E-8	1
109.153587	4.765294E-8	1
109.262784	4.765668E-8	1
109.372155	4.765584E-8	1
109.48038	4.765352E-8	1
109.589694	4.765062E-8	1
109.698339	4.764752E-8	1
109.807818	4.764675E-8	1
109.916108	4.764765E-8	1
110.025418	4.764984E-8	1
110.13413	4.765229E-8	1
110.242798	4.764862E-8	1
110.350987	4.76452E-8	1
110.460054	4.764875E-8	1
110.56912	4.764939E-8	1
110.678706	4.764662E-8	1
110.787881	4.763624E-8	1
110.89622	4.763837E-8	1
111.005933	4.764881E-8	1
111.113551	4.763109E-8	1
111.222456	4.76376E-8	1
111.330737	4.764185E-8	1
111.43946	4.764565E-8	1
111.547754	4.763914E-8	1
111.655848	4.763669E-8	1
111.763756	4.764153E-8	1
111.872863	4.762838E-8	1
111.980825	4.764166E-8	1
112.089539	4.762341E-8	1
112.196259	4.762303E-8	1
112.303973	4.761942E-8	1
112.412686	4.7612E-8	1
112.520103	4.760981E-8	1
112.630388	4.762232E-8	1
112.759668	4.761407E-8	1
112.869379	4.760562E-8	1
112.978069	4.760072E-8	1
113.085785	4.760575E-8	1
113.194522	4.760769E-8	1
113.303239	4.759608E-8	1
113.412521	4.760472E-8	1
113.520333	4.759421E-8	1
113.629186	4.760105E-8	1
113.738094	4.759769E-8	1
113.845968	4.759634E-8	1
113.95635	4.759267E-8	1
114.06351	4.760324E-8	1
114.173494	4.75984E-8	1
114.281421	4.759937E-8	1
114.389976	4.759615E-8	1
114.497709	4.759937E-8	1
114.606814	4.757849E-8	1
114.716623	4.759286E-8	1
114.824256	4.760337E-8	1
114.932114	4.759699E-8	1
115.04111	4.759576E-8	1
115.14915	4.759144E-8	1
115.257748	4.759022E-8	1
115.366864	4.757887E-8	1
115.476131	4.757958E-8	1
115.584972	4.758551E-8	1
115.692907	4.758603E-8	1
115.802544	4.758886E-8	1
115.91252	4.758738E-8	1
116.021198	4.757649E-8	1
116.130621	4.757301E-8	1
116.240637	4.758023E-8	1
116.348551	4.757958E-8	1
116.457436	4.757249E-8	1
116.567141	4.757223E-8	1
116.675699	4.756985E-8	1
116.785605	4.757372E-8	1
116.895	4.756179E-8	1
117.003479	4.757359E-8	1
117.111654	4.757346E-8	1
117.221252	4.755805E-8	1
117.330663	4.754871E-8	1
117.439929	4.756198E-8	1
117.547796	4.755534E-8	1
117.656229	4.755715E-8	1
117.764966	4.755792E-8	1
117.875405	4.755096E-8	1
117.98386	4.754825E-8	1
118.093097	4.754658E-8	1
118.200649	4.755863E-8	1
118.310656	4.755277E-8	1
118.421277	4.755625E-8	1
118.52891	4.755663E-8	1
118.638656	4.75509E-8	1
118.747811	4.755373E-8	1
118.859001	4.754883E-8	1
118.967787	4.754348E-8	1
119.077591	4.755541E-8	1
119.18582	4.754265E-8	1
119.295376	4.755341E-8	1
119.404326	4.754277E-8	1
119.514704	4.756011E-8	1
119.62342	4.755148E-8	1
119.730752	4.754709E-8	1
119.839767	4.755573E-8	1
119.949999	4.754774E-8	1
120.059068	4.754987E-8	1
120.167558	4.754645E-8	1
120.277131	4.754806E-8	1
120.386434	4.754329E-8	1
120.495154	4.755186E-8	1
120.603738	4.754123E-8	1
120.713476	4.754555E-8	1
120.822945	4.754419E-8	1
120.931934	4.754252E-8	1
121.040801	4.755128E-8	1
121.149704	4.753646E-8	1
121.257769	4.75498E-8	1
121.367747	4.754883E-8	1
121.4771	4.754477E-8	1
121.585433	4.754277E-8	1
121.69315	4.753594E-8	1
121.802372	4.752718E-8	1
121.911852	4.753272E-8	1
122.021842	4.753878E-8	1
122.130387	4.753601E-8	1
122.23978	4.75342E-8	1
122.348812	4.754065E-8	1
122.456813	4.752427E-8	1
122.56706	4.753304E-8	1
122.676118	4.753311E-8	1
122.787165	4.753994E-8	1
122.896887	4.752743E-8	1
123.006824	4.752666E-8	1
123.116888	4.753465E-8	1
123.226238	4.752814E-8	1
123.333954	4.753111E-8	1
123.444087	4.752408E-8	1
123.553505	4.751744E-8	1
123.663501	4.752885E-8	1
123.773783	4.75235E-8	1
123.883955	4.752292E-8	1
123.994289	4.75157E-8	1
124.103811	4.752647E-8	1
124.211922	4.751441E-8	1
124.319541	4.751699E-8	1
124.42871	4.752421E-8	1
124.537044	4.750938E-8	1
124.646941	4.751209E-8	1
124.755656	4.751396E-8	1
124.864757	4.751538E-8	1
124.974141	4.751641E-8	1
125.08402	4.751428E-8	1
125.194429	4.75128E-8	1
125.304132	4.749933E-8	1
125.414034	4.751106E-8	1
125.520731	4.751119E-8	1
125.627707	4.751841E-8	1
125.737856	4.750345E-8	1
125.84562	4.750378E-8	1
125.955012	4.751506E-8	1
126.063708	4.750133E-8	1
126.172793	4.751925E-8	1
126.280509	4.749739E-8	1
126.388225	4.683545E-8	1
126.498419	4.748676E-8	1
126.605446	4.751957E-8	1
126.713974	4.752782E-8	1
126.824061	4.752305E-8	1
126.933407	4.752305E-8	1
127.043117	4.75197E-8	1
127.154822	4.751003E-8	1
127.261542	4.752073E-8	1
127.369333	4.751338E-8	1
127.480441	4.751428E-8	1
127.588461	4.751377E-8	1
127.698157	4.743468E-8	1
127.805459	4.741804E-8	1
127.915094	4.742971E-8	1
128.024945	4.74348E-8	1
128.133861	4.743261E-8	1
128.243174	4.741946E-8	1
128.352957	4.743081E-8	1
128.461071	4.742887E-8	1
128.569703	4.742881E-8	1
128.678354	4.743925E-8	1
128.786851	4.742423E-8	1
128.898215	4.742623E-8	1
129.006008	4.743229E-8	1
129.115597	4.742314E-8	1
129.224799	4.742172E-8	1
129.332514	4.74301E-8	1
129.440574	4.742333E-8	1
129.551222	4.742191E-8	1
129.659342	4.741366E-8	1
129.768631	4.741991E-8	1
129.878705	4.742204E-8	1
129.987678	4.741431E-8	1
130.095562	4.741044E-8	1
130.203372	4.74241E-8	1
130.312529	4.742191E-8	1
130.422146	4.742539E-8	1
130.531736	4.741978E-8	1
130.640981	4.741282E-8	1
130.748686	4.74165E-8	1
130.858396	4.740741E-8	1
130.96722	4.741443E-8	1
131.074651	4.740335E-8	1
131.183815	4.740019E-8	1
131.294377	4.739316E-8	1
131.403887	4.739142E-8	1
131.512197	4.739877E-8	1
131.621074	4.738975E-8	1
131.730252	4.739574E-8	1
131.838241	4.739091E-8	1
131.947462	4.739722E-8	1
132.057315	4.738826E-8	1
132.16742	4.740154E-8	1
132.277719	4.739033E-8	1
132.387594	4.7398E-8	1
132.496308	4.73922E-8	1
132.604692	4.738872E-8	1
132.713585	4.739368E-8	1
132.822453	4.740116E-8	1
132.932235	4.739632E-8	1
133.040093	4.739361E-8	1
133.148427	4.738543E-8	1
133.257925	4.739071E-8	1
133.366812	4.739465E-8	1
133.476375	4.739303E-8	1
133.584462	4.738175E-8	1
133.692897	4.737718E-8	1
133.801451	4.738826E-8	1
133.912169	4.739832E-8	1
134.019769	4.738523E-8	1
134.129721	4.738046E-8	1
134.238008	4.738388E-8	1
134.348174	4.737595E-8	1
134.458219	4.738304E-8	1
134.566243	4.737737E-8	1
134.675438	4.738214E-8	1
134.786026	4.738285E-8	1
134.893812	4.737853E-8	1
135.003327	4.737299E-8	1
135.110257	4.738607E-8	1
135.220117	4.73766E-8	1
135.329789	4.737105E-8	1
135.439841	4.736641E-8	1
135.549205	4.738278E-8	1
135.658973	4.73708E-8	1
135.768468	4.737163E-8	1
135.877858	4.737769E-8	1
135.988399	4.738137E-8	1
136.096622	4.738382E-8	1
136.205665	4.738685E-8	1
136.31428	4.738079E-8	1
136.424753	4.737814E-8	1
136.533791	4.737666E-8	1
136.642776	4.738162E-8	1
136.751373	4.737834E-8	1
136.858882	4.737608E-8	1
136.968568	4.738369E-8	1
137.078217	4.738465E-8	1
137.187083	4.737486E-8	1
137.297485	4.737821E-8	1
137.406189	4.737769E-8	1
137.51624	4.737415E-8	1
137.625341	4.736603E-8	1
137.735197	4.736242E-8	1
137.846118	4.735603E-8	1
137.954347	4.735578E-8	1
138.062444	4.73637E-8	1
138.173095	4.736306E-8	1
138.282011	4.736171E-8	1
138.389511	4.735365E-8	1
138.498785	4.736145E-8	1
138.608775	4.735881E-8	1
138.715926	4.735745E-8	1
138.826281	4.735681E-8	1
138.933811	4.7355E-8	1
139.042457	4.736119E-8	1
139.151418	4.736899E-8	1
139.259007	4.735951E-8	1
139.367586	4.734991E-8	1
139.47632	4.736744E-8	1
139.584145	4.736061E-8	1
139.693854	4.734798E-8	1
139.802589	4.735043E-8	1
139.9123	4.735668E-8	1
140.019995	4.674141E-8	1
140.127909	4.735939E-8	1
140.236185	4.741179E-8	1
140.344401	4.742417E-8	1
140.45151	4.741772E-8	1
140.560597	4.742617E-8	1
140.670187	4.741972E-8	1
140.779579	4.740979E-8	1
140.88732	4.742584E-8	1
140.996527	4.742456E-8	1
141.103895	4.742056E-8	1
141.213942	4.741489E-8	1
141.321933	4.74156E-8	1
141.430483	4.741147E-8	1
141.538054	4.741192E-8	1
141.644672	4.741708E-8	1
141.752532	4.742165E-8	1
141.860992	4.742049E-8	1
141.968708	4.741734E-8	1
142.077348	4.741083E-8	1
142.186063	4.741443E-8	1
142.294814	4.741456E-8	1
142.403809	4.739632E-8	1
142.512996	4.740464E-8	1
142.621117	4.739819E-8	1
142.728273	4.739826E-8	1
142.83584	4.740322E-8	1
142.942559	4.740277E-8	1
143.050949	4.740257E-8	1
143.160143	4.740406E-8	1
143.267844	4.74E-8	1
143.375062	4.740064E-8	1
143.482586	4.74009E-8	1
143.591625	4.739645E-8	1
143.699717	4.739845E-8	1
143.808667	4.738749E-8	1
143.91574	4.740212E-8	1
144.023952	4.740032E-8	1
144.13166	4.739174E-8	1
144.239857	4.739658E-8	1
144.34762	4.739477E-8	1
144.455159	4.739226E-8	1
144.564053	4.739445E-8	1
144.671769	4.738897E-8	1
144.780286	4.73911E-8	1
144.88978	4.739329E-8	1
144.997495	4.740367E-8	1
145.106028	4.739851E-8	1
145.213607	4.739342E-8	1
145.321685	4.740019E-8	1
145.430924	4.739613E-8	1
145.539136	4.739187E-8	1
145.646507	4.740032E-8	1
145.755167	4.74009E-8	1
145.863096	4.739716E-8	1
145.971988	4.74E-8	1
146.079991	4.739458E-8	1
146.189046	4.73893E-8	1
146.296389	4.738581E-8	1
146.40568	4.739355E-8	1
146.514119	4.739303E-8	1
146.623124	4.739697E-8	1
146.731818	4.739471E-8	1
146.839835	4.739265E-8	1
146.947871	4.740083E-8	1
147.056258	4.739465E-8	1
147.165618	4.739342E-8	1
147.273972	4.739413E-8	1
147.382476	4.738659E-8	1
147.490485	4.738775E-8	1
147.598764	4.739271E-8	1
147.707406	4.740348E-8	1
147.815457	4.73971E-8	1
147.923895	4.738859E-8	1
148.031795	4.738272E-8	1
148.141787	4.73853E-8	1
148.249341	4.738259E-8	1
148.356937	4.738627E-8	1
148.465058	4.738098E-8	1
148.573506	4.740193E-8	1
148.682702	4.737357E-8	1
148.79109	4.738427E-8	1
148.898914	4.737718E-8	1
149.006763	4.737853E-8	1
149.114143	4.737286E-8	1
149.221552	4.737608E-8	1
149.330266	4.738446E-8	1
149.438385	4.737144E-8	1
149.546855	4.736886E-8	1
149.65535	4.737518E-8	1
149.762131	4.738337E-8	1
149.869731	4.73706E-8	1
149.977556	4.736648E-8	1
150.085074	4.737144E-8	1
150.193254	4.736609E-8	1
150.301463	4.736744E-8	1
150.409185	4.736693E-8	1
150.517299	4.736435E-8	1
150.625876	4.736048E-8	1
150.73408	4.736686E-8	1
150.8428	4.73648E-8	1
150.95107	4.736184E-8	1
151.059093	4.737028E-8	1
151.168059	4.736673E-8	1
151.278033	4.737331E-8	1
151.386124	4.736377E-8	1
151.493838	4.736229E-8	1
151.600556	4.736151E-8	1
151.708508	4.736196E-8	1
151.816521	4.735249E-8	1
151.925161	4.736009E-8	1
152.033319	4.735739E-8	1
152.142001	4.735571E-8	1
152.249717	4.735913E-8	1
152.357122	4.736242E-8	1
152.465108	4.735649E-8	1
152.57195	4.736699E-8	1
152.681956	4.735365E-8	1
152.789564	4.738369E-8	1
152.897777	4.73775E-8	1
153.004457	4.735932E-8	1
153.113686	4.735823E-8	1
153.221854	4.735616E-8	1
153.330402	4.736622E-8	1
153.439036	4.734662E-8	1
153.546916	4.736016E-8	1
153.653394	4.687742E-8	1
153.763009	4.731478E-8	1
153.870433	4.744576E-8	1
153.978392	4.745537E-8	1
154.085749	4.745685E-8	1
154.192981	4.745163E-8	1
154.303544	4.745137E-8	1
154.411291	4.74506E-8	1
154.518473	4.744866E-8	1
154.625086	4.745298E-8	1
154.733801	4.745053E-8	1
154.844409	4.744673E-8	1
154.951424	4.744608E-8	1
155.059107	4.745756E-8	1
155.168341	4.74504E-8	1
155.275744	4.745633E-8	1
155.383023	4.745376E-8	1
155.489488	4.74593E-8	1
155.597277	4.745672E-8	1
155.705211	4.745414E-8	1
155.813419	4.745034E-8	1
155.920615	4.745859E-8	1
156.029009	4.745369E-8	1
156.138772	4.745511E-8	1
156.246051	4.744821E-8	1
156.353477	4.74486E-8	1
156.461497	4.744853E-8	1
156.569295	4.744686E-8	1
156.676482	4.74428E-8	1
156.784496	4.744525E-8	1
156.892326	4.744099E-8	1
157.00191	4.744808E-8	1
157.10832	4.743596E-8	1
157.216558	4.743616E-8	1
157.324055	4.743538E-8	1
157.431998	4.743435E-8	1
157.539416	4.743577E-8	1
157.648292	4.745214E-8	1
157.75672	4.744402E-8	1
157.86527	4.744241E-8	1
157.973538	4.744022E-8	1
158.082174	4.743996E-8	1
158.191466	4.743545E-8	1
158.299905	4.741817E-8	1
158.409632	4.741734E-8	1
158.517777	4.742049E-8	1
158.625684	4.743087E-8	1
158.733674	4.742791E-8	1
158.840702	4.742456E-8	1
158.950196	4.742185E-8	1
159.057838	4.742816E-8	1
159.165412	4.742127E-8	1
159.274295	4.742984E-8	1
159.38323	4.743023E-8	1
159.492452	4.743261E-8	1
159.603747	4.743177E-8	1
159.712235	4.742997E-8	1
159.820758	4.741862E-8	1
159.928418	4.742539E-8	1
160.036995	4.743074E-8	1
160.145875	4.742346E-8	1
160.254576	4.742546E-8	1
160.361001	4.74359E-8	1
160.467957	4.743216E-8	1
160.575498	4.744041E-8	1
160.683661	4.742584E-8	1
160.793251	4.742868E-8	1
160.901028	4.742378E-8	1
161.008342	4.742507E-8	1
161.115534	4.743223E-8	1
161.224658	4.742778E-8	1
161.332291	4.741682E-8	1
161.440245	4.742365E-8	1
161.547651	4.742339E-8	1
161.654674	4.741998E-8	1
161.763662	4.742552E-8	1
161.870818	4.742713E-8	1
161.980201	4.741817E-8	1
162.089114	4.74261E-8	1
162.196829	4.742894E-8	1
162.304698	4.742339E-8	1
162.412313	4.741637E-8	1
162.520076	4.742165E-8	1
162.628511	4.741966E-8	1
162.736761	4.741837E-8	1
162.844538	4.741347E-8	1
162.952285	4.742024E-8	1
163.058833	4.74078E-8	1
163.16797	4.741882E-8	1
163.277693	4.741959E-8	1
163.385149	4.740812E-8	1
163.493358	4.741315E-8	1
163.60136	4.742153E-8	1
163.709163	4.741385E-8	1
163.81728	4.742533E-8	1
163.926204	4.741708E-8	1
164.036302	4.74232E-8	1
164.142536	4.741727E-8	1
164.250292	4.742359E-8	1
164.357333	4.741772E-8	1
164.466064	4.742146E-8	1
164.573146	4.741514E-8	1
164.681572	4.742365E-8	1
164.789753	4.741914E-8	1
164.899834	4.742514E-8	1
165.007671	4.742926E-8	1
165.115705	4.742797E-8	1
165.222854	4.741514E-8	1
165.330909	4.742327E-8	1
165.440159	4.741398E-8	1
165.548639	4.74154E-8	1
165.656861	4.742423E-8	1
165.764456	4.741901E-8	1
165.872685	4.741985E-8	1
165.980537	4.741895E-8	1
166.089866	4.742301E-8	1
166.199571	4.742333E-8	1
166.308285	4.741598E-8	1
166.415005	4.743616E-8	1
166.522719	4.742668E-8	1
166.630546	4.741095E-8	1
166.73888	4.741978E-8	1
166.848054	4.742107E-8	1
166.956161	4.741521E-8	1
167.06443	4.741456E-8	1
167.171564	4.740457E-8	1
167.280303	4.740605E-8	1
167.387892	4.739942E-8	1
167.496203	4.740715E-8	1
167.603233	4.741753E-8	1
167.711585	4.739916E-8	1
167.820488	4.74145E-8	1
167.929067	4.740116E-8	1
168.037888	4.739896E-8	1
168.145457	4.740148E-8	1
168.25447	4.739561E-8	1
168.362525	4.740625E-8	1
168.470873	4.740612E-8	1
168.580096	4.740483E-8	1
168.688219	4.740199E-8	1
168.796183	4.740805E-8	1
168.903545	4.741611E-8	1
169.01255	4.740128E-8	1
169.122555	4.740219E-8	1
169.230302	4.73978E-8	1
169.338359	4.741128E-8	1
169.445102	4.739349E-8	1
169.552572	4.74E-8	1
169.661489	4.740277E-8	1
169.770722	4.739394E-8	1
169.878168	4.74009E-8	1
169.986835	4.739484E-8	1
170.096035	4.740167E-8	1
170.204258	4.739626E-8	1
170.312597	4.740373E-8	1
170.421105	4.740064E-8	1
170.528791	4.74E-8	1
170.636655	4.739838E-8	1
170.743942	4.739232E-8	1
170.85323	4.739316E-8	1
170.962622	4.73922E-8	1
171.072033	4.739291E-8	1
171.180258	4.739329E-8	1
171.289562	4.739374E-8	1
171.397518	4.738137E-8	1
171.504284	4.73815E-8	1
171.612139	4.739303E-8	1
171.717869	4.737834E-8	1
171.82689	4.73882E-8	1
171.934811	4.738549E-8	1
172.041995	4.738401E-8	1
172.150093	4.737963E-8	1
172.258002	4.738755E-8	1
172.36626	4.738652E-8	1
172.475197	4.738375E-8	1
172.582603	4.73891E-8	1
172.689586	4.738021E-8	1
172.798426	4.73746E-8	1
172.906339	4.73824E-8	1
173.014685	4.738072E-8	1
173.122702	4.738504E-8	1
173.230271	4.738891E-8	1
173.339023	4.738994E-8	1
173.447118	4.739039E-8	1
173.554524	4.738124E-8	1
173.66202	4.739278E-8	1
173.771541	4.738343E-8	1
173.879126	4.739129E-8	1
173.987562	4.739278E-8	1
174.095838	4.737395E-8	1
174.204317	4.737995E-8	1
174.311978	4.738749E-8	1
174.421383	4.73824E-8	1
174.528981	4.739058E-8	1
174.636703	4.738678E-8	1
174.744101	4.738156E-8	1
174.85117	4.736622E-8	1
174.958267	4.736976E-8	1
175.065405	4.737447E-8	1
175.173778	4.737608E-8	1
175.28112	4.737563E-8	1
175.389205	4.737563E-8	1
175.49632	4.738536E-8	1
175.602779	4.737492E-8	1
175.710825	4.736822E-8	1
175.819929	4.737698E-8	1
175.927037	4.73873E-8	1
176.036044	4.738253E-8	1
176.143469	4.737737E-8	1
176.251388	4.738401E-8	1
176.360584	4.737589E-8	1
176.468347	4.736744E-8	1
176.577736	4.737827E-8	1
176.685604	4.737408E-8	1
176.792834	4.737473E-8	1
176.90228	4.736925E-8	1
177.010371	4.736699E-8	1
177.118224	4.73726E-8	1
177.224873	4.737331E-8	1
177.333598	4.737382E-8	1
177.443841	4.73844E-8	1
177.551076	4.738652E-8	1
177.658706	4.737969E-8	1
177.766914	4.737247E-8	1
177.874828	4.73764E-8	1
177.982809	4.737821E-8	1
178.091392	4.737524E-8	1
178.200878	4.738343E-8	1
178.310187	4.737634E-8	1
178.417415	4.738227E-8	1
178.526069	4.737898E-8	1
178.634316	4.738362E-8	1
178.742105	4.739013E-8	1
178.850638	4.738085E-8	1
178.958377	4.737995E-8	1
179.06709	4.738375E-8	1
179.174783	4.737995E-8	1
179.281502	4.738085E-8	1
179.389578	4.737125E-8	1
179.497604	4.737731E-8	1
179.605204	4.736809E-8	1
179.713941	4.735552E-8	1
179.822968	4.73637E-8	1
179.930949	4.736905E-8	1
180.040784	4.737492E-8	1
180.148649	4.736957E-8	1
180.257541	4.737382E-8	1
180.366458	4.736706E-8	1
180.474405	4.737273E-8	1
180.582118	4.736119E-8	1
180.68988	4.737131E-8	1
180.796752	4.736242E-8	1
180.904153	4.736706E-8	1
181.011535	4.736822E-8	1
181.118955	4.735404E-8	1
181.226019	4.736016E-8	1
181.334644	4.736635E-8	1
181.441941	4.736506E-8	1
181.549422	4.736596E-8	1
181.656979	4.736383E-8	1
181.765407	4.736493E-8	1
181.874309	4.736061E-8	1
181.983023	4.736325E-8	1
182.092206	4.736454E-8	1
182.200575	4.736893E-8	1
182.308502	4.736983E-8	1
182.416494	4.738356E-8	1
182.524192	4.736461E-8	1
182.63166	4.73686E-8	1
182.740369	4.73766E-8	1
182.848159	4.736802E-8	1
182.954471	4.736325E-8	1
183.063063	4.737589E-8	1
183.171473	4.736274E-8	1
183.279851	4.736725E-8	1
183.387651	4.737389E-8	1
183.497012	4.736667E-8	1
183.606339	4.736364E-8	1
183.714063	4.736596E-8	1
183.822867	4.73746E-8	1
183.930141	4.736938E-8	1
184.037875	4.737363E-8	1
184.146339	4.73726E-8	1
184.254911	4.737511E-8	1
184.363107	4.736229E-8	1
184.470746	4.737041E-8	1
184.579408	4.736699E-8	1
184.686568	4.736358E-8	1
184.794535	4.736744E-8	1
184.901643	4.736448E-8	1
185.010147	4.736712E-8	1
185.118387	4.673129E-8	1
185.225407	4.740083E-8	1
185.334149	4.74145E-8	1
185.442643	4.742359E-8	1
185.550875	4.741946E-8	1
185.659749	4.742223E-8	1
185.767144	4.741012E-8	1
185.875964	4.741843E-8	1
185.984704	4.739884E-8	1
186.092547	4.741669E-8	1
186.201567	4.741179E-8	1
186.309915	4.74145E-8	1
186.417932	4.741669E-8	1
186.526757	4.741759E-8	1
186.634779	4.741721E-8	1
186.742111	4.741411E-8	1
186.849126	4.742049E-8	1
186.956586	4.740625E-8	1
187.064277	4.740451E-8	1
187.173475	4.740322E-8	1
187.282478	4.74252E-8	1
187.391918	4.741431E-8	1
187.500794	4.741431E-8	1
187.608852	4.741308E-8	1
187.716523	4.740818E-8	1
187.824625	4.741192E-8	1
187.934246	4.740264E-8	1
188.04276	4.740502E-8	1
188.15118	4.742236E-8	1
188.260144	4.741908E-8	1
188.367761	4.740831E-8	1
188.475001	4.742082E-8	1
188.582699	4.74058E-8	1
188.691072	4.740741E-8	1
188.799541	4.740773E-8	1
188.909318	4.740857E-8	1
189.018317	4.741141E-8	1
189.127062	4.741179E-8	1
189.23447	4.740154E-8	1
189.342986	4.741327E-8	1
189.450171	4.741031E-8	1
189.558883	4.742217E-8	1
189.667234	4.740979E-8	1
189.775286	4.740999E-8	1
189.88318	4.740116E-8	1
189.990896	4.741411E-8	1
190.097612	4.741482E-8	1
190.205328	4.741012E-8	1
190.312047	4.741398E-8	1
190.419762	4.739903E-8	1
190.527478	4.742049E-8	1
190.634206	4.740818E-8	1
190.742946	4.741321E-8	1
190.852409	4.740838E-8	1
190.961606	4.741179E-8	1
191.069123	4.74076E-8	1
191.176881	4.740509E-8	1
191.284747	4.74096E-8	1
191.392877	4.740799E-8	1
191.501923	4.740838E-8	1
191.609164	4.741005E-8	1
191.717065	4.741334E-8	1
191.82645	4.741308E-8	1
191.93339	4.741611E-8	1
192.042031	4.741192E-8	1
192.151015	4.741998E-8	1
192.259521	4.741933E-8	1
192.366901	4.741727E-8	1
192.475133	4.740702E-8	1
192.583795	4.741405E-8	1
192.693058	4.740457E-8	1
192.800322	4.739426E-8	1
192.907945	4.739832E-8	1
193.014705	4.741353E-8	1
193.122094	4.74038E-8	1
193.23001	4.740528E-8	1
193.336628	4.741959E-8	1
193.44466	4.740257E-8	1
193.552549	4.740096E-8	1
193.661306	4.740373E-8	1
193.769104	4.740489E-8	1
193.878137	4.740509E-8	1
193.987189	4.740863E-8	1
194.094687	4.740154E-8	1
194.202576	4.739329E-8	1
194.312828	4.740902E-8	1
194.422504	4.741147E-8	1
194.529243	4.740702E-8	1
194.63616	4.741199E-8	1
194.743943	4.742694E-8	1
194.851726	4.740464E-8	1
194.962039	4.741063E-8	1
195.06912	4.741295E-8	1
195.177773	4.740722E-8	1
195.287246	4.741637E-8	1
195.394517	4.741224E-8	1
195.502652	4.740406E-8	1
195.61024	4.741721E-8	1
195.718019	4.740154E-8	1
195.82704	4.738955E-8	1
195.93495	4.73911E-8	1
196.043874	4.740025E-8	1
196.150619	4.741147E-8	1
196.259305	4.740412E-8	1
196.367029	4.740206E-8	1
196.474552	4.740863E-8	1
196.583558	4.741817E-8	1
196.691381	4.740419E-8	1
196.800343	4.741166E-8	1
196.908058	4.740676E-8	1
197.015775	4.740122E-8	1
197.123491	4.740676E-8	1
197.229971	4.740702E-8	1
197.339088	4.74067E-8	1
197.448083	4.74078E-8	1
197.555811	4.739561E-8	1
197.663598	4.741031E-8	1
197.772009	4.740754E-8	1
197.879317	4.740541E-8	1
197.987527	4.740554E-8	1
198.095638	4.740103E-8	1
198.205048	4.739948E-8	1
198.313715	4.74027E-8	1
198.42288	4.74116E-8	1
198.532161	4.741153E-8	1
198.640401	4.740883E-8	1
198.7502	4.740225E-8	1
198.859312	4.741605E-8	1
198.967873	4.740341E-8	1
199.07601	4.741424E-8	1
199.184875	4.741141E-8	1
199.293149	4.741411E-8	1
199.401831	4.741811E-8	1
199.510376	4.741031E-8	1
199.618248	4.739761E-8	1
199.726822	4.740812E-8	1
199.83567	4.740515E-8	1
199.943087	4.741044E-8	1
200.050382	4.74056E-8	1
200.157598	4.740767E-8	1
200.266965	4.741366E-8	1
200.375915	4.740625E-8	1
200.486104	4.741302E-8	1
200.593627	4.741798E-8	1
200.702466	4.74076E-8	1
200.811497	4.741037E-8	1
200.91942	4.740728E-8	1
201.029152	4.742417E-8	1
201.137278	4.74203E-8	1
201.24686	4.741772E-8	1
201.356238	4.740831E-8	1
201.464737	4.741353E-8	1
201.572466	4.741083E-8	1
201.679753	4.742262E-8	1
201.788949	4.741534E-8	1
201.897315	4.741572E-8	1
202.004758	4.741076E-8	1
202.113756	4.741534E-8	1
202.221296	4.741579E-8	1
202.329117	4.740683E-8	1
202.437516	4.740406E-8	1
202.545686	4.742397E-8	1
202.654456	4.740805E-8	1
202.763721	4.740212E-8	1
202.871396	4.741392E-8	1
202.979037	4.741308E-8	1
203.0861	4.74116E-8	1
203.19481	4.740908E-8	1
203.302329	4.740979E-8	1
203.410153	4.740683E-8	1
203.517882	4.740322E-8	1
203.626446	4.740354E-8	1
203.73446	4.740019E-8	1
203.842561	4.741295E-8	1
203.951055	4.740483E-8	1
204.059587	4.739677E-8	1
204.16845	4.738917E-8	1
204.276744	4.739497E-8	1
204.386802	4.739284E-8	1
204.494731	4.738588E-8	1
204.603487	4.739993E-8	1
204.711214	4.738904E-8	1
204.819286	4.738839E-8	1
204.927063	4.737756E-8	1
205.035293	4.738182E-8	1
205.14312	4.739864E-8	1
205.252843	4.738491E-8	1
205.360962	4.738317E-8	1
205.469485	4.739039E-8	1
205.577517	4.738775E-8	1
205.686612	4.738607E-8	1
205.794892	4.738672E-8	1
205.903185	4.739084E-8	1
206.011505	4.737743E-8	1
206.119546	4.738588E-8	1
206.226652	4.737834E-8	1
206.335104	4.737872E-8	1
206.443914	4.739884E-8	1
206.553358	4.739845E-8	1
206.662427	4.739078E-8	1
206.771266	4.738375E-8	1
206.880188	4.737763E-8	1
206.98823	4.739381E-8	1
207.09692	4.738949E-8	1
207.203156	4.73871E-8	1
207.311689	4.739239E-8	1
207.41856	4.738685E-8	1
207.526325	4.738066E-8	1
207.635529	4.739535E-8	1
207.744062	4.73815E-8	1
207.853003	4.738904E-8	1
207.960356	4.73804E-8	1
208.067719	4.738182E-8	1
208.174956	4.738337E-8	1
208.283989	4.738433E-8	1
208.391237	4.737776E-8	1
208.498664	4.738665E-8	1
208.604898	4.73775E-8	1
208.713593	4.738382E-8	1
208.822402	4.736583E-8	1
208.931425	4.736474E-8	1
209.040085	4.736377E-8	1
209.149333	4.736235E-8	1
209.257526	4.737228E-8	1
209.36636	4.737627E-8	1
209.473079	4.737608E-8	1
209.580795	4.736951E-8	1
209.687197	4.73697E-8	1
209.795432	4.737589E-8	1
209.90366	4.738562E-8	1
210.011175	4.737382E-8	1
210.119886	4.738543E-8	1
210.226605	4.737337E-8	1
210.334675	4.73784E-8	1
210.444063	4.737918E-8	1
210.552487	4.737988E-8	1
210.660778	4.738278E-8	1
210.769189	4.737099E-8	1
210.876789	4.738794E-8	1
210.98548	4.738001E-8	1
211.094107	4.738917E-8	1
211.201966	4.737705E-8	1
211.310654	4.737782E-8	1
211.419099	4.739245E-8	1
211.528563	4.738562E-8	1
211.637336	4.738433E-8	1
211.745894	4.738214E-8	1
211.853898	4.738498E-8	1
211.961547	4.738575E-8	1
212.070793	4.737918E-8	1
212.179099	4.738066E-8	1
212.286859	4.738298E-8	1
212.395524	4.687703E-8	1
212.504191	4.732651E-8	1
212.61137	4.746265E-8	1
212.720373	4.747851E-8	1
212.827336	4.748856E-8	1
212.935166	4.748334E-8	1
213.044158	4.747496E-8	1
213.152299	4.748308E-8	1
213.260221	4.747915E-8	1
213.366176	4.747909E-8	1
213.474175	4.747316E-8	1
213.581708	4.747483E-8	1
213.689595	4.746458E-8	1
213.798391	4.746201E-8	1
213.907051	4.746272E-8	1
214.015595	4.74711E-8	1
214.124197	4.747831E-8	1
214.233402	4.746465E-8	1
214.341855	4.748244E-8	1
214.450136	4.747335E-8	1
214.559515	4.74749E-8	1
214.667943	4.746987E-8	1
214.775883	4.747715E-8	1
214.88367	4.746652E-8	1
214.991735	4.746981E-8	1
215.100847	4.746768E-8	1
215.208829	4.747006E-8	1
215.316154	4.746639E-8	1
215.424238	4.747135E-8	1
215.533352	4.747541E-8	1
215.642136	4.746723E-8	1
215.750515	4.747071E-8	1
215.859104	4.74689E-8	1
215.965196	4.746168E-8	1
216.075269	4.747103E-8	1
216.184272	4.746594E-8	1
216.292613	4.746149E-8	1
216.400902	4.748064E-8	1
216.507857	4.746574E-8	1
216.616443	4.747148E-8	1
216.724294	4.747077E-8	1
216.832925	4.747342E-8	1
216.941811	4.746691E-8	1
217.050063	4.746645E-8	1
217.159034	4.747406E-8	1
217.268079	4.747612E-8	1
217.375849	4.746574E-8	1
217.484743	4.747148E-8	1
217.594336	4.745872E-8	1
217.702247	4.74671E-8	1
217.809489	4.746884E-8	1
217.91806	4.746516E-8	1
218.02595	4.746729E-8	1
218.135905	4.74711E-8	1
218.242553	4.746761E-8	1
218.350055	4.746304E-8	1
218.460235	4.746452E-8	1
218.568125	4.746865E-8	1
218.67646	4.746368E-8	1
218.785173	4.746426E-8	1
218.893712	4.747174E-8	1
219.002618	4.746794E-8	1
219.110273	4.7466E-8	1
219.218987	4.74769E-8	1
219.326778	4.74787E-8	1
219.434919	4.747296E-8	1
219.54262	4.747735E-8	1
219.652034	4.746871E-8	1
219.760569	4.746755E-8	1
219.868564	4.747097E-8	1
219.976365	4.747425E-8	1
220.085296	4.746478E-8	1
220.193491	4.747116E-8	1
220.301423	4.747348E-8	1
220.410254	4.747135E-8	1
220.517648	4.747296E-8	1
220.626591	4.747116E-8	1
220.734824	4.747915E-8	1
220.842908	4.747825E-8	1
220.951658	4.747103E-8	1
221.060192	4.747284E-8	1
221.167349	4.747032E-8	1
221.275168	4.746929E-8	1
221.384884	4.746852E-8	1
221.493943	4.746716E-8	1
221.602792	4.746633E-8	1
221.709688	4.74662E-8	1
221.816855	4.747483E-8	1
221.924505	4.747097E-8	1
222.032287	4.746807E-8	1
222.140459	4.746349E-8	1
222.249609	4.745743E-8	1
222.357758	4.746523E-8	1
222.468264	4.74691E-8	1
222.576614	4.745434E-8	1
222.682998	4.745459E-8	1
222.792345	4.745556E-8	1
222.900519	4.744608E-8	1
223.008024	4.744731E-8	1
223.11559	4.745247E-8	1
223.223602	4.744776E-8	1
223.331069	4.744828E-8	1
223.439348	4.745098E-8	1
223.546482	4.744963E-8	1
223.653924	4.744821E-8	1
223.762655	4.745015E-8	1
223.870739	4.74506E-8	1
223.978767	4.744712E-8	1
224.086489	4.744866E-8	1
224.193978	4.744666E-8	1
224.301122	4.744157E-8	1
224.408043	4.743732E-8	1
224.515975	4.744834E-8	1
224.625248	4.74437E-8	1
224.734124	4.74426E-8	1
224.842072	4.745711E-8	1
224.949638	4.744608E-8	1
225.056421	4.744808E-8	1
225.163547	4.744924E-8	1
225.271484	4.745562E-8	1
225.378634	4.743687E-8	1
225.486667	4.744673E-8	1
225.594614	4.745717E-8	1
225.7041	4.745659E-8	1
225.811738	4.744744E-8	1
225.91975	4.744931E-8	1
226.028281	4.745111E-8	1
226.136592	4.745318E-8	1
226.246237	4.74495E-8	1
226.355651	4.745298E-8	1
226.46379	4.744293E-8	1
226.571873	4.745376E-8	1
226.679505	4.745214E-8	1
226.788815	4.745247E-8	1
226.896741	4.74417E-8	1
227.004669	4.745214E-8	1
227.112413	4.744963E-8	1
227.220755	4.743738E-8	1
227.329726	4.744318E-8	1
227.436846	4.744157E-8	1
227.545484	4.74504E-8	1
227.652921	4.744692E-8	1
227.761798	4.744499E-8	1
227.870626	4.744086E-8	1
227.979178	4.744099E-8	1
228.086633	4.7435E-8	1
228.195595	4.744344E-8	1
228.302288	4.744402E-8	1
228.409712	4.744048E-8	1
228.519232	4.743551E-8	1
228.627206	4.744338E-8	1
228.735472	4.744054E-8	1
228.844757	4.74428E-8	1
228.953717	4.745124E-8	1
229.063159	4.744744E-8	1
229.171299	4.744628E-8	1
229.280365	4.744647E-8	1
229.387806	4.744795E-8	1
229.494756	4.745143E-8	1
229.603697	4.745305E-8	1
229.711272	4.74593E-8	1
229.8182	4.744299E-8	1
229.927791	4.745588E-8	1
230.037263	4.74504E-8	1
230.144773	4.744892E-8	1
230.253493	4.745885E-8	1
230.361804	4.745034E-8	1
230.469799	4.745053E-8	1
230.57719	4.745453E-8	1
230.685813	4.745659E-8	1
230.794237	4.745272E-8	1
230.903394	4.744576E-8	1
231.010355	4.744293E-8	1
231.119171	4.744963E-8	1
231.226505	4.743938E-8	1
231.333178	4.744776E-8	1
231.441028	4.745002E-8	1
231.548539	4.745234E-8	1
231.65581	4.744931E-8	1
231.762944	4.744299E-8	1
231.872869	4.74448E-8	1
231.981615	4.744834E-8	1
232.089535	4.744189E-8	1
232.198579	4.744841E-8	1
232.306804	4.742991E-8	1
232.414546	4.743751E-8	1
232.52299	4.743796E-8	1
232.63103	4.744003E-8	1
232.738972	4.744647E-8	1
232.845744	4.744164E-8	1
232.954062	4.744247E-8	1
233.062884	4.745582E-8	1
233.170762	4.744402E-8	1
233.278347	4.744705E-8	1
233.387176	4.744989E-8	1
233.494905	4.744647E-8	1
233.603561	4.74495E-8	1
233.711212	4.743783E-8	1
233.819305	4.744486E-8	1
233.92718	4.743887E-8	1
234.034933	4.743571E-8	1
234.142801	4.743416E-8	1
234.251027	4.743545E-8	1
234.359468	4.74417E-8	1
234.467216	4.743803E-8	1
234.574941	4.743951E-8	1
234.682874	4.743848E-8	1
234.791589	4.743132E-8	1
234.898921	4.742991E-8	1
235.006294	4.743113E-8	1
235.114962	4.743061E-8	1
235.223449	4.742526E-8	1
235.331285	4.743416E-8	1
235.437174	4.742881E-8	1
235.544672	4.7435E-8	1
235.652587	4.743938E-8	1
235.761845	4.743397E-8	1
235.870409	4.743184E-8	1
235.979342	4.743964E-8	1
236.086817	4.743571E-8	1
236.194589	4.743551E-8	1
236.302856	4.743435E-8	1
236.411131	4.74341E-8	1
236.520512	4.743306E-8	1
236.62955	4.743287E-8	1
236.737131	4.742069E-8	1
236.845025	4.743203E-8	1
236.952789	4.743912E-8	1
237.060633	4.74368E-8	1
237.168153	4.742913E-8	1
237.275869	4.744441E-8	1
237.386009	4.744151E-8	1
237.495933	4.742604E-8	1
237.60337	4.742971E-8	1
237.71238	4.743242E-8	1
237.821188	4.7431E-8	1
237.927979	4.743442E-8	1
238.036774	4.742971E-8	1
238.145073	4.743661E-8	1
238.253034	4.742739E-8	1
238.361917	4.743016E-8	1
238.471387	4.743751E-8	1
238.579146	4.743519E-8	1
238.687795	4.74446E-8	1
238.795768	4.7431E-8	1
238.905958	4.743119E-8	1
239.013661	4.742675E-8	1
239.122713	4.742694E-8	1
239.23199	4.743487E-8	1
239.33974	4.74339E-8	1
239.448658	4.743094E-8	1
239.556115	4.743809E-8	1
239.663112	4.74388E-8	1
239.772351	4.743074E-8	1
239.880412	4.744312E-8	1
239.98772	4.744273E-8	1
240.094855	4.743648E-8	1
240.202591	4.743861E-8	1
240.310176	4.744525E-8	1
240.417769	4.744834E-8	1
240.526658	4.744364E-8	1
240.635203	4.743274E-8	1
240.743273	4.74341E-8	1
240.851964	4.742726E-8	1
240.96139	4.742514E-8	1
241.069029	4.74301E-8	1
241.176578	4.742423E-8	1
241.284671	4.742662E-8	1
241.392376	4.742662E-8	1
241.500167	4.742778E-8	1
241.608412	4.742739E-8	1
241.718591	4.741953E-8	1
241.827178	4.742868E-8	1
241.936544	4.741888E-8	1
242.043921	4.742372E-8	1
242.15374	4.741585E-8	1
242.26245	4.74136E-8	1
242.370163	4.741385E-8	1
242.47788	4.740805E-8	1
242.58524	4.741199E-8	1
242.693976	4.741605E-8	1
242.802513	4.74183E-8	1
242.910881	4.741353E-8	1
243.018885	4.741811E-8	1
243.126647	4.740883E-8	1
243.234719	4.742165E-8	1
243.342063	4.741972E-8	1
243.451232	4.741721E-8	1
243.55964	4.740032E-8	1
243.666928	4.74192E-8	1
243.775281	4.741147E-8	1
243.884121	4.742133E-8	1
243.993898	4.741837E-8	1
244.102746	4.741231E-8	1
244.209995	4.741527E-8	1
244.318419	4.741875E-8	1
244.426162	4.741398E-8	1
244.533977	4.740986E-8	1
244.641939	4.741385E-8	1
244.749669	4.74047E-8	1
244.856731	4.74194E-8	1
244.964325	4.74116E-8	1
245.074143	4.741553E-8	1
245.183093	4.740825E-8	1
245.290956	4.740722E-8	1
245.397354	4.741734E-8	1
245.506066	4.740831E-8	1
245.614263	4.740638E-8	1
245.723543	4.741411E-8	1
245.831378	4.741166E-8	1
245.938664	4.741108E-8	1
246.04607	4.741366E-8	1
246.154401	4.741753E-8	1
246.2625	4.741031E-8	1
246.369893	4.740303E-8	1
246.478493	4.740605E-8	1
246.587001	4.74116E-8	1
246.695988	4.741875E-8	1
246.805212	4.741837E-8	1
246.913252	4.741263E-8	1
247.021532	4.741211E-8	1
247.130062	4.74156E-8	1
247.238581	4.741199E-8	1
247.345198	4.741469E-8	1
247.454482	4.741714E-8	1
247.562567	4.74212E-8	1
247.67139	4.741405E-8	1
247.778635	4.741411E-8	1
247.88682	4.740799E-8	1
247.995437	4.742075E-8	1
248.103474	4.741978E-8	1
248.212446	4.741044E-8	1
248.320288	4.741624E-8	1
248.428709	4.741927E-8	1
248.537423	4.741721E-8	1
248.64598	4.741643E-8	1
248.753856	4.741153E-8	1
248.862044	4.741186E-8	1
248.968994	4.740902E-8	1
249.075591	4.74085E-8	1
249.184715	4.741618E-8	1
249.291837	4.742262E-8	1
249.400902	4.741385E-8	1
249.509085	4.741566E-8	1
249.617105	4.741585E-8	1
249.724716	4.741734E-8	1
249.833454	4.74192E-8	1
249.942383	4.74212E-8	1
250.050539	4.740992E-8	1
250.158493	4.742024E-8	1
250.266519	4.741746E-8	1
250.374051	4.741269E-8	1
250.482146	4.740754E-8	1
250.590189	4.741585E-8	1
250.698281	4.741031E-8	1
250.805508	4.740747E-8	1
250.913593	4.740902E-8	1
251.020925	4.741237E-8	1
251.128769	4.740593E-8	1
251.237895	4.739703E-8	1
251.346569	4.739987E-8	1
251.456227	4.739987E-8	1
251.565609	4.740064E-8	1
251.673629	4.739561E-8	1
251.782984	4.740251E-8	1
251.89153	4.739787E-8	1
252.001085	4.740444E-8	1
252.109044	4.740528E-8	1
252.215588	4.740167E-8	1
252.32428	4.741128E-8	1
252.434529	4.740399E-8	1
252.54222	4.74058E-8	1
252.650644	4.740657E-8	1
252.757747	4.740631E-8	1
252.865609	4.740116E-8	1
252.973309	4.739548E-8	1
253.082418	4.740999E-8	1
253.191324	4.740212E-8	1
253.298772	4.74038E-8	1
253.407026	4.741211E-8	1
253.514174	4.741682E-8	1
253.6221	4.740915E-8	1
253.731841	4.741663E-8	1
253.839661	4.741727E-8	1
253.94805	4.741611E-8	1
254.055152	4.74156E-8	1
254.162066	4.741572E-8	1
254.2714	4.742501E-8	1
254.380494	4.741385E-8	1
254.486937	4.740096E-8	1
254.594818	4.740966E-8	1
254.703204	4.742178E-8	1
254.81188	4.74067E-8	1
254.91899	4.741379E-8	1
255.025692	4.740992E-8	1
255.133848	4.740947E-8	1
255.243187	4.740709E-8	1
255.352126	4.741063E-8	1
255.461727	4.740825E-8	1
255.569176	4.741411E-8	1
255.67661	4.740754E-8	1
255.784195	4.740973E-8	1
255.893543	4.740941E-8	1
256.00205	4.741553E-8	1
256.110319	4.69703E-8	1
256.219466	4.732961E-8	1
256.326633	4.750855E-8	1
256.435287	4.751609E-8	1
256.541698	4.751525E-8	1
256.650227	4.751789E-8	1
256.757987	4.752511E-8	1
256.865759	4.751551E-8	1
256.97321	4.751003E-8	1
257.081214	4.752079E-8	1
257.189654	4.750822E-8	1
257.29711	4.751435E-8	1
257.406242	4.751983E-8	1
257.51373	4.75226E-8	1
257.621538	4.751905E-8	1
257.729178	4.753008E-8	1
257.837184	4.752176E-8	1
257.945851	4.752382E-8	1
258.054699	4.752099E-8	1
258.162195	4.75246E-8	1
258.270223	4.751957E-8	1
258.378157	4.751931E-8	1
258.485815	4.752086E-8	1
258.594519	4.752002E-8	1
258.703431	4.751377E-8	1
258.811945	4.752137E-8	1
258.921111	4.75275E-8	1
259.029614	4.751145E-8	1
259.137207	4.753021E-8	1
259.246432	4.752395E-8	1
259.354257	4.751222E-8	1
259.463282	4.751196E-8	1
259.571028	4.750964E-8	1
259.679264	4.750036E-8	1
259.788067	4.750668E-8	1
259.898292	4.751409E-8	1
260.005173	4.74983E-8	1
260.114226	4.750513E-8	1
260.223617	4.751061E-8	1
260.330893	4.750062E-8	1
260.439294	4.750494E-8	1
260.546783	4.750352E-8	1
260.655198	4.751222E-8	1
260.764359	4.750294E-8	1
260.871971	4.751054E-8	1
260.98068	4.750552E-8	1
261.088634	4.750661E-8	1
261.197168	4.750146E-8	1
261.304367	4.749804E-8	1
261.411797	4.749449E-8	1
261.519608	4.750764E-8	1
261.626695	4.749681E-8	1
261.735284	4.749424E-8	1
261.843262	4.750204E-8	1
261.953308	4.750191E-8	1
262.061621	4.749604E-8	1
262.171015	4.749727E-8	1
262.278684	4.749823E-8	1
262.387583	4.749404E-8	1
262.495844	4.750165E-8	1
262.603273	4.749256E-8	1
262.711695	4.749836E-8	1
262.820155	4.74923E-8	1
262.928684	4.749391E-8	1
263.037297	4.749108E-8	1
263.14727	4.749237E-8	1
263.257042	4.750739E-8	1
263.364881	4.750326E-8	1
263.473098	4.749482E-8	1
263.580093	4.749662E-8	1
263.687959	4.749359E-8	1
263.797018	4.749778E-8	1
263.90491	4.748805E-8	1
264.013197	4.750152E-8	1
264.121538	4.749198E-8	1
264.22991	4.749024E-8	1
264.338774	4.74896E-8	1
264.446333	4.749237E-8	1
264.555376	4.748592E-8	1
264.663957	4.749443E-8	1
264.771619	4.750133E-8	1
264.88021	4.749385E-8	1
264.988446	4.749849E-8	1
265.09706	4.749224E-8	1
265.203741	4.748038E-8	1
265.313692	4.749501E-8	1
265.424332	4.749095E-8	1
265.532272	4.748985E-8	1
265.64022	4.749965E-8	1
265.749664	4.749991E-8	1
265.859582	4.74914E-8	1
265.96785	4.749952E-8	1
266.076408	4.749688E-8	1
266.183714	4.748489E-8	1
266.292718	4.749082E-8	1
266.402002	4.748637E-8	1
266.509628	4.749391E-8	1
266.617352	4.749018E-8	1
266.72612	4.749656E-8	1
266.834595	4.749437E-8	1
266.942137	4.748076E-8	1
267.0493	4.748837E-8	1
267.156788	4.748412E-8	1
267.265649	4.748947E-8	1
267.373247	4.74983E-8	1
267.481878	4.748657E-8	1
267.590738	4.749108E-8	1
267.697885	4.749063E-8	1
267.805755	4.748418E-8	1
267.914601	4.749005E-8	1
268.02392	4.748109E-8	1
268.132311	4.749353E-8	1
268.240573	4.748934E-8	1
268.34814	4.74769E-8	1
268.45708	4.749501E-8	1
268.566187	4.74825E-8	1
268.675029	4.749082E-8	1
268.784059	4.74963E-8	1
268.891643	4.749404E-8	1
268.999833	4.749082E-8	1
269.108598	4.749527E-8	1
269.217209	4.748779E-8	1
269.32621	4.749488E-8	1
269.43426	4.74914E-8	1
269.541922	4.749907E-8	1
269.652131	4.747851E-8	1
269.76053	4.748818E-8	1
269.86856	4.748908E-8	1
269.977649	4.748837E-8	1
270.086241	4.748773E-8	1
270.19603	4.749656E-8	1
270.304061	4.749308E-8	1
270.412338	4.747967E-8	1
270.51949	4.749082E-8	1
270.628193	4.748296E-8	1
270.736267	4.748212E-8	1
270.844874	4.747799E-8	1
270.954003	4.749533E-8	1
271.063137	4.748205E-8	1
271.171225	4.748457E-8	1
271.278743	4.749849E-8	1
271.387762	4.748902E-8	1
271.494373	4.749411E-8	1
271.602455	4.748528E-8	1
271.710596	4.748508E-8	1
271.817677	4.748695E-8	1
271.925614	4.748708E-8	1
272.033909	4.748263E-8	1
272.142187	4.748354E-8	1
272.249744	4.748386E-8	1
272.35746	4.748141E-8	1
272.46418	4.747541E-8	1
272.572891	4.74836E-8	1
272.681606	4.748302E-8	1
272.78773	4.748366E-8	1
272.895785	4.748508E-8	1
273.004431	4.749379E-8	1
273.112912	4.747928E-8	1
273.221084	4.748257E-8	1
273.327817	4.748889E-8	1
273.435086	4.749591E-8	1
273.542781	4.748199E-8	1
273.650829	4.749391E-8	1
273.759293	4.748663E-8	1
273.868776	4.749785E-8	1
273.977714	4.748405E-8	1
274.085743	4.749527E-8	1
274.195414	4.748818E-8	1
274.303625	4.749101E-8	1
274.41274	4.74925E-8	1
274.520849	4.748992E-8	1
274.629026	4.749011E-8	1
274.736401	4.748669E-8	1
274.843836	4.748122E-8	1
274.951698	4.749301E-8	1
275.060783	4.749546E-8	1
275.168653	4.748753E-8	1
275.276462	4.748373E-8	1
275.383229	4.748895E-8	1
275.490943	4.74865E-8	1
275.597767	4.748831E-8	1
275.704895	4.749611E-8	1
275.81331	4.749752E-8	1
275.922464	4.749275E-8	1
276.029764	4.74903E-8	1
276.137705	4.74876E-8	1
276.247277	4.74934E-8	1
276.357472	4.748399E-8	1
276.466807	4.748341E-8	1
276.574798	4.748386E-8	1
276.683541	4.748392E-8	1
276.791876	4.748515E-8	1
276.899917	4.748837E-8	1
277.00793	4.749256E-8	1
277.117498	4.747954E-8	1
277.226503	4.74767E-8	1
277.334922	4.747554E-8	1
277.442461	4.748173E-8	1
277.550135	4.748289E-8	1
277.659493	4.748669E-8	1
277.766612	4.747741E-8	1
277.874662	4.747632E-8	1
277.981634	4.747232E-8	1
278.089833	4.74787E-8	1
278.197925	4.747715E-8	1
278.307512	4.746819E-8	1
278.416574	4.746974E-8	1
278.523491	4.747303E-8	1
278.632967	4.747122E-8	1
278.741637	4.747432E-8	1
278.850732	4.747174E-8	1
278.958769	4.747284E-8	1
279.066561	4.746452E-8	1
279.174461	4.746968E-8	1
279.28121	4.745872E-8	1
279.388324	4.746297E-8	1
279.496646	4.747902E-8	1
279.604939	4.747026E-8	1
279.71389	4.746272E-8	1
279.822563	4.746452E-8	1
279.931504	4.745782E-8	1
280.039744	4.746981E-8	1
280.147496	4.746813E-8	1
280.25748	4.746652E-8	1
280.366312	4.746504E-8	1
280.476065	4.747077E-8	1
280.585671	4.746175E-8	1
280.708197	4.746465E-8	1
280.81594	4.746974E-8	1
280.924641	4.746987E-8	1
281.033603	4.746097E-8	1
281.141337	4.747232E-8	1
281.249324	4.747039E-8	1
281.357223	4.746613E-8	1
281.465225	4.747645E-8	1
281.574524	4.747026E-8	1
281.68277	4.747896E-8	1
281.791703	4.747168E-8	1
281.901524	4.747496E-8	1
282.009422	4.747006E-8	1
282.118818	4.746974E-8	1
282.225703	4.746787E-8	1
282.333584	4.747574E-8	1
282.441722	4.746948E-8	1
282.549705	4.747174E-8	1
282.657704	4.747271E-8	1
282.765269	4.745898E-8	1
282.87416	4.746942E-8	1
282.982448	4.746884E-8	1
283.09154	4.746678E-8	1
283.200378	4.747296E-8	1
283.308111	4.747451E-8	1
283.416728	4.746871E-8	1
283.526054	4.747064E-8	1
283.634894	4.746845E-8	1
283.742228	4.747219E-8	1
283.850194	4.747E-8	1
283.958445	4.746736E-8	1
284.065684	4.746729E-8	1
284.174075	4.745369E-8	1
284.282867	4.74555E-8	1
284.39067	4.744757E-8	1
284.497766	4.746678E-8	1
284.606193	4.745492E-8	1
284.715201	4.746562E-8	1
284.821847	4.745994E-8	1
284.930927	4.745782E-8	1
285.038972	4.7466E-8	1
285.146789	4.747084E-8	1
285.255973	4.746349E-8	1
285.363682	4.746317E-8	1
285.473606	4.746633E-8	1
285.581516	4.746078E-8	1
285.691013	4.745169E-8	1
285.797916	4.744679E-8	1
285.906066	4.746723E-8	1
286.015027	4.745782E-8	1
286.123747	4.74613E-8	1
286.231351	4.745891E-8	1
286.339228	4.74767E-8	1
286.44784	4.74642E-8	1
286.556309	4.746233E-8	1
286.664653	4.7472E-8	1
286.773294	4.745446E-8	1
286.880624	4.746085E-8	1
286.989251	4.746091E-8	1
287.09686	4.745401E-8	1
287.204597	4.745227E-8	1
287.313161	4.746852E-8	1
287.420939	4.745749E-8	1
287.52831	4.746123E-8	1
287.637271	4.745936E-8	1
287.744922	4.746794E-8	1
287.853618	4.746323E-8	1
287.961388	4.745865E-8	1
288.068806	4.746819E-8	1
288.176899	4.745614E-8	1
288.286815	4.74535E-8	1
288.395332	4.746117E-8	1
288.502649	4.745595E-8	1
288.611316	4.746465E-8	1
288.718184	4.745743E-8	1
288.82583	4.745878E-8	1
288.934728	4.745595E-8	1
289.042588	4.745898E-8	1
289.150323	4.746458E-8	1
289.258351	4.745556E-8	1
289.366949	4.746027E-8	1
289.475542	4.74533E-8	1
289.582641	4.744692E-8	1
289.690884	4.746007E-8	1
289.798082	4.745298E-8	1
289.906462	4.744918E-8	1
290.014399	4.74691E-8	1
290.12227	4.745724E-8	1
290.229959	4.74495E-8	1
290.337849	4.745762E-8	1
290.445891	4.74622E-8	1
290.55471	4.745337E-8	1
290.661843	4.745517E-8	1
290.771077	4.744969E-8	1
290.878364	4.745337E-8	1
290.987011	4.745234E-8	1
291.094707	4.745537E-8	1
291.20248	4.745066E-8	1
291.310963	4.745717E-8	1
291.419962	4.745737E-8	1
291.528168	4.746188E-8	1
291.636209	4.745543E-8	1
291.744276	4.746097E-8	1
291.851992	4.746265E-8	1
291.960435	4.745118E-8	1
292.069238	4.745962E-8	1
292.176656	4.745543E-8	1
292.284922	4.745949E-8	1
292.392633	4.745156E-8	1
292.501964	4.745395E-8	1
292.609803	4.745904E-8	1
292.718032	4.745814E-8	1
292.825741	4.74526E-8	1
292.933256	4.744454E-8	1
293.041871	4.746072E-8	1
293.15057	4.745859E-8	1
293.259137	4.745666E-8	1
293.367248	4.74533E-8	1
293.47453	4.746536E-8	1
293.583109	4.746007E-8	1
293.692392	4.745827E-8	1
293.799731	4.744505E-8	1
293.908184	4.744828E-8	1
294.01663	4.746207E-8	1
294.12813	4.745369E-8	1
294.237177	4.745337E-8	1
294.345332	4.746439E-8	1
294.453812	4.745807E-8	1
294.561529	4.747593E-8	1
294.670216	4.747889E-8	1
294.780155	4.747039E-8	1
294.888163	4.746368E-8	1
294.995975	4.7464E-8	1
295.105114	4.746207E-8	1
295.212783	4.746188E-8	1
295.320433	4.747935E-8	1
295.427166	4.747097E-8	1
295.537168	4.746207E-8	1
295.645877	4.746691E-8	1
295.755261	4.746697E-8	1
295.86499	4.746452E-8	1
295.972255	4.746342E-8	1
296.080278	4.747161E-8	1
296.188079	4.74747E-8	1
296.297195	4.745575E-8	1
296.405695	4.74515E-8	1
296.514286	4.744621E-8	1
296.622338	4.744151E-8	1
296.731539	4.745034E-8	1
296.839396	4.744402E-8	1
296.948968	4.744776E-8	1
297.056355	4.744576E-8	1
297.163589	4.745208E-8	1
297.271461	4.744512E-8	1
297.378119	4.745079E-8	1
297.485894	4.744131E-8	1
297.593694	4.744724E-8	1
297.70248	4.74535E-8	1
297.809662	4.744808E-8	1
297.918811	4.74377E-8	1
298.027529	4.743912E-8	1
298.136227	4.744828E-8	1
298.245598	4.743306E-8	1
298.352384	4.744112E-8	1
298.461405	4.744267E-8	1
298.569668	4.744209E-8	1
298.678654	4.74408E-8	1
298.785807	4.745466E-8	1
298.894908	4.743816E-8	1
299.003131	4.744048E-8	1
299.110925	4.744422E-8	1
299.218272	4.743803E-8	1
299.326307	4.743809E-8	1
299.435355	4.74711E-8	1
299.542566	4.745189E-8	1
299.650777	4.744654E-8	1
299.758109	4.744879E-8	1
299.867329	4.744763E-8	1
299.974595	4.743758E-8	1
300.083952	1.736212E-8	1
300.192677	1.578623E-10	0
300.300857	1.584424E-10	0
300.408749	1.610853E-10	0
300.515944	1.593449E-10	0
300.625049	1.571532E-10	0
300.733805	1.608275E-10	0
300.842751	1.604407E-10	0
300.951902	1.601829E-10	0
301.060484	1.608919E-10	0
301.168179	1.589581E-10	0
301.277379	1.601184E-10	0
301.384867	1.615365E-10	0
301.493458	1.587647E-10	0
301.601597	1.571532E-10	0
301.710665	1.599895E-10	0
301.819429	1.584424E-10	0
301.927403	1.561219E-10	0
302.037595	1.599895E-10	0
302.145727	1.610853E-10	0
302.255029	1.561863E-10	0
302.363973	1.595383E-10	0
302.473231	1.603118E-10	0
302.581797	1.59216E-10	0
302.688897	1.579912E-10	0
302.797462	1.603762E-10	0
302.906873	1.59925E-10	0
303.015132	1.597961E-10	0
303.123921	1.616654E-10	0
303.232498	1.583135E-10	0
303.340665	1.592804E-10	0
303.448458	1.605052E-10	0
303.555815	1.617299E-10	0
303.662746	1.619877E-10	0
303.769518	1.579912E-10	0
303.878137	1.587003E-10	0
303.987322	1.563152E-10	0
304.096069	1.594738E-10	0
304.20325	1.621167E-10	0
304.310692	1.565731E-10	0
304.417667	1.572177E-10	0
304.526484	1.579268E-10	0
304.635236	1.587647E-10	0
304.74363	1.596672E-10	0
304.850683	1.574755E-10	0
304.959743	1.570243E-10	0
305.068845	1.577334E-10	0
305.177558	1.582491E-10	0
305.283427	1.585069E-10	0
305.391191	1.565731E-10	0
305.49843	1.572177E-10	0
305.607538	1.569598E-10	0
305.715942	1.572822E-10	0
305.823658	1.556062E-10	0
305.930729	1.571532E-10	0
306.039134	1.574755E-10	0
306.14713	1.585714E-10	0
306.25492	1.573466E-10	0
306.362904	1.608919E-10	0
306.470968	1.594093E-10	0
306.578274	1.573466E-10	0
306.687456	1.577334E-10	0
306.796601	1.552194E-10	0
306.905314	1.582491E-10	0
307.012475	1.588937E-10	0
307.120291	1.600539E-10	0
307.229035	1.570888E-10	0
307.338728	1.552839E-10	0
307.44683	1.567665E-10	0
307.553246	1.588292E-10	0
307.661054	1.581846E-10	0
307.768994	1.571532E-10	0
307.877975	1.595383E-10	0
307.985881	1.572177E-10	0
308.095642	1.592804E-10	0
308.205043	1.585069E-10	0
308.313507	1.56702E-10	0
308.422035	1.610208E-10	0
308.530718	1.606341E-10	0
308.639799	1.577978E-10	0
308.74892	1.608275E-10	0
308.857298	1.60763E-10	0
308.965818	1.570888E-10	0
309.074032	1.578623E-10	0
309.182424	1.559929E-10	0
309.291681	1.582491E-10	0
309.400796	1.586358E-10	0
309.50858	1.594738E-10	0
309.618701	1.56702E-10	0
309.727684	1.576045E-10	0
309.835378	1.5754E-10	0
309.94414	1.579912E-10	0
310.050954	1.601184E-10	0
310.159295	1.591515E-10	0
310.267708	1.571532E-10	0
310.376939	1.594093E-10	0
310.485011	1.585069E-10	0
310.593262	1.573466E-10	0
310.700078	1.568309E-10	0
310.80775	1.574755E-10	0
310.916427	1.597316E-10	0
311.024172	1.573466E-10	0
311.131857	1.55155E-10	0
311.239666	1.577334E-10	0
311.348233	1.620522E-10	0
311.455633	1.588292E-10	0
311.56426	1.555417E-10	0
311.672393	1.55864E-10	0
311.780641	1.556706E-10	0
311.889781	1.591515E-10	0
311.998975	1.574111E-10	0
312.108821	1.605696E-10	0
312.215663	1.572177E-10	0
312.323368	1.597961E-10	0
312.431543	1.603762E-10	0
312.539745	1.565731E-10	0
312.649514	1.596672E-10	0
312.756722	1.572177E-10	0
312.86563	1.574111E-10	0
312.973184	1.577978E-10	0
313.081098	1.574755E-10	0
313.189201	1.579912E-10	0
313.297398	1.559285E-10	0
313.406401	1.564442E-10	0
313.514492	1.555417E-10	0
313.622991	1.536724E-10	0
313.731415	1.561219E-10	0
313.838539	1.582491E-10	0
313.946662	1.573466E-10	0
314.055307	1.619233E-10	0
314.163255	1.605696E-10	0
314.271784	1.591515E-10	0
314.38026	1.580557E-10	0
314.48846	1.597316E-10	0
314.596445	1.568954E-10	0
314.704808	1.617944E-10	0
314.813691	1.593449E-10	0
314.922425	1.553483E-10	0
315.029812	1.579268E-10	0
315.137886	1.570243E-10	0
315.245547	1.554128E-10	0
315.352957	1.572177E-10	0
315.461301	1.585714E-10	0
315.569534	1.587003E-10	0
315.678042	1.568954E-10	0
315.7877	1.556706E-10	0
315.896212	1.583135E-10	0
316.003929	1.565731E-10	0
316.112579	1.56702E-10	0
316.220083	1.557351E-10	0
316.327927	1.556706E-10	0
316.437145	1.576045E-10	0
316.546469	1.547037E-10	0
316.65458	1.579268E-10	0
316.762474	1.563152E-10	0
316.870356	1.563152E-10	0
316.978951	1.586358E-10	0
317.087955	1.577978E-10	0
317.195462	1.573466E-10	0
317.303562	1.562508E-10	0
317.411286	1.565731E-10	0
317.518398	1.539947E-10	0
317.625343	1.588937E-10	0
317.733358	1.553483E-10	0
317.840703	1.579912E-10	0
317.948002	1.552839E-10	0
318.05598	1.559285E-10	0
318.163435	1.568309E-10	0
318.272341	1.563152E-10	0
318.381108	1.565086E-10	0
318.489398	1.580557E-10	0
318.596802	1.588292E-10	0
318.705747	1.561863E-10	0
318.813847	1.572177E-10	0
318.922009	1.586358E-10	0
319.03123	1.579268E-10	0
319.13942	1.569598E-10	0
319.247377	1.606985E-10	0
319.354595	1.571532E-10	0
319.463262	1.576689E-10	0
319.571683	1.586358E-10	0
319.678834	1.592804E-10	0
319.78676	1.586358E-10	0
319.895513	1.566375E-10	0
320.003511	1.572177E-10	0
320.112271	1.587003E-10	0
320.221151	1.570888E-10	0
320.32974	1.577978E-10	0
320.437959	1.577334E-10	0
320.546482	1.552194E-10	0
320.654515	1.565731E-10	0
320.762318	1.571532E-10	0
320.868721	1.564442E-10	0
320.97658	1.586358E-10	0
321.085445	1.605696E-10	0
321.193533	1.612787E-10	0
321.302226	1.595383E-10	0
321.410539	1.545104E-10	0
321.519499	1.570243E-10	0
321.629137	1.594738E-10	0
321.736955	1.58378E-10	0
321.845062	1.565731E-10	0
321.953392	1.566375E-10	0
322.061702	1.564442E-10	0
322.170559	1.552194E-10	0
322.278145	1.590226E-10	0
322.387044	1.596672E-10	0
322.494127	1.562508E-10	0
322.6013	1.565731E-10	0
322.709162	1.54317E-10	0
322.817415	1.552839E-10	0
322.925624	1.55864E-10	0
323.034617	1.552839E-10	0
323.141605	1.536079E-10	0
323.250215	1.557351E-10	0
323.358798	1.588937E-10	0
323.468192	1.587647E-10	0
323.575268	1.546393E-10	0
323.682954	1.576045E-10	0
323.792744	1.594093E-10	0
323.901434	1.601829E-10	0
324.010147	1.597961E-10	0
324.117591	1.576689E-10	0
324.225283	1.572822E-10	0
324.333477	1.556062E-10	0
324.440367	1.595383E-10	0
324.548227	1.590226E-10	0
324.656635	1.568954E-10	0
324.765549	1.583135E-10	0
324.873747	1.537368E-10	0
324.98241	1.571532E-10	0
325.089423	1.585714E-10	0
325.198253	1.590226E-10	0
325.308238	1.541881E-10	0
325.416642	1.585069E-10	0
325.524828	1.570243E-10	0
325.633564	1.566375E-10	0
325.741747	1.596672E-10	0
325.849285	1.581846E-10	0
325.956402	1.599895E-10	0
326.064898	1.540591E-10	0
326.174384	1.571532E-10	0
326.284001	1.566375E-10	0
326.393188	1.541881E-10	0
326.501373	1.564442E-10	0
326.609141	1.584424E-10	0
326.717088	1.556706E-10	0
326.825807	1.569598E-10	0
326.935085	1.559929E-10	0
327.042937	1.559285E-10	0
327.151062	1.577978E-10	0
327.25842	1.554773E-10	0
327.367808	1.594093E-10	0
327.476342	1.568309E-10	0
327.584809	1.594738E-10	0
327.693238	1.570888E-10	0
327.801229	1.597316E-10	0
327.90793	1.577334E-10	0
328.015775	1.59087E-10	0
328.12394	1.596672E-10	0
328.232886	1.583135E-10	0
328.341902	1.569598E-10	0
328.450496	1.593449E-10	0
328.558326	1.567665E-10	0
328.666866	1.580557E-10	0
328.774665	1.576045E-10	0
328.883633	1.548327E-10	0
328.993104	1.603762E-10	0
329.101554	1.569598E-10	0
329.20939	1.563152E-10	0
329.318094	1.578623E-10	0
329.426057	1.564442E-10	0
329.534699	1.553483E-10	0
329.642593	1.567665E-10	0
329.750794	1.566375E-10	0
329.858511	1.560574E-10	0
329.967689	1.532212E-10	0
330.075698	1.549616E-10	0
330.183888	1.54317E-10	0
330.290803	1.563797E-10	0
330.399786	1.593449E-10	0
330.509045	1.562508E-10	0
330.617545	1.581201E-10	0
330.726473	1.574755E-10	0
330.834258	1.570243E-10	0
330.941885	1.543814E-10	0
331.049889	1.605696E-10	0
331.157484	1.605052E-10	0
331.266224	1.591515E-10	0
331.374944	1.572822E-10	0
331.483065	1.574111E-10	0
331.590611	1.59216E-10	0
331.699787	1.561219E-10	0
331.807344	1.597961E-10	0
331.915726	1.602473E-10	0
332.024154	1.59216E-10	0
332.131805	1.574111E-10	0
332.240166	1.569598E-10	0
332.349357	1.592804E-10	0
332.457549	1.566375E-10	0
332.566769	1.5754E-10	0
332.676134	1.585714E-10	0
332.784342	1.557996E-10	0
332.894274	1.581846E-10	0
333.003165	1.548327E-10	0
333.110271	1.588292E-10	0
333.219521	1.577978E-10	0
333.328549	1.538658E-10	0
333.436797	1.549616E-10	0
333.544559	1.572822E-10	0
333.652851	1.543814E-10	0
333.760478	1.566375E-10	0
333.869784	1.552839E-10	0
333.977386	1.555417E-10	0
334.086097	1.574111E-10	0
334.196053	1.561219E-10	0
334.304226	1.604407E-10	0
334.412194	1.592804E-10	0
334.519517	1.550905E-10	0
334.628596	1.556062E-10	0
334.736398	1.563797E-10	0
334.845473	1.581201E-10	0
334.952249	1.554773E-10	0
335.059445	1.547682E-10	0
335.168416	1.573466E-10	0
335.276536	1.534145E-10	0
335.384437	1.5754E-10	0
335.491298	1.55864E-10	0
335.599856	1.557996E-10	0
335.709892	1.534145E-10	0
335.819741	1.557996E-10	0
335.92834	1.567665E-10	0
336.037147	1.550905E-10	0
336.145129	1.578623E-10	0
336.252167	1.570888E-10	0
336.359658	1.555417E-10	0
336.468329	1.566375E-10	0
336.577279	1.579912E-10	0
336.685046	1.553483E-10	0
336.792281	1.578623E-10	0
336.899996	1.573466E-10	0
337.007336	1.570888E-10	0
337.115093	1.543814E-10	0
337.224976	1.56702E-10	0
337.334368	1.549616E-10	0
337.442523	1.568309E-10	0
337.550193	1.600539E-10	0
337.659442	1.574111E-10	0
337.768712	1.562508E-10	0
337.877176	1.560574E-10	0
337.98508	1.537368E-10	0
338.09406	1.566375E-10	0
338.201261	1.55155E-10	0
338.309506	1.580557E-10	0
338.417564	1.547037E-10	0
338.526666	1.563797E-10	0
338.634178	1.568954E-10	0
338.742464	1.557996E-10	0
338.85018	1.563797E-10	0
338.958753	1.559929E-10	0
339.066493	1.556062E-10	0
339.173737	1.572177E-10	0
339.282652	1.569598E-10	0
339.389685	1.559285E-10	0
339.498775	1.53479E-10	0
339.60758	1.564442E-10	0
339.715683	1.543814E-10	0
339.823005	1.541881E-10	0
339.93254	1.564442E-10	0
340.038806	1.549616E-10	0
340.14705	1.567665E-10	0
340.254915	1.574111E-10	0
340.362823	1.527699E-10	0
340.470203	1.525121E-10	0
340.578546	1.580557E-10	0
340.68727	1.578623E-10	0
340.794653	1.565731E-10	0
340.902722	1.540591E-10	0
341.011765	1.56702E-10	0
341.120666	1.560574E-10	0
341.229073	1.568309E-10	0
341.337276	1.522543E-10	0
341.44591	1.568309E-10	0
341.555536	1.534145E-10	0
341.664055	1.567665E-10	0
341.772733	1.559285E-10	0
341.879846	1.572822E-10	0
341.988862	1.560574E-10	0
342.096553	1.574111E-10	0
342.205568	1.547037E-10	0
342.313263	1.564442E-10	0
342.420397	1.581846E-10	0
342.52748	1.588937E-10	0
342.635102	1.552194E-10	0
342.743379	1.583135E-10	0
342.850826	1.577978E-10	0
342.958898	1.586358E-10	0
343.067163	1.601184E-10	0
343.176409	1.580557E-10	0
343.284228	1.594738E-10	0
343.392284	1.574111E-10	0
343.500668	1.601184E-10	0
343.609924	1.5754E-10	0
343.717976	1.587003E-10	0
343.825691	1.574755E-10	0
343.934053	1.574755E-10	0
344.041068	1.573466E-10	0
344.148952	1.587647E-10	0
344.257408	1.581201E-10	0
344.366777	1.586358E-10	0
344.475399	1.557996E-10	0
344.583433	1.554773E-10	0
344.691132	1.569598E-10	0
344.80031	1.587647E-10	0
344.909971	1.560574E-10	0
345.018509	1.563797E-10	0
345.126576	1.561219E-10	0
345.235005	1.587647E-10	0
345.344098	1.580557E-10	0
345.452238	1.564442E-10	0
345.560615	1.549616E-10	0
345.66778	1.586358E-10	0
345.77681	1.5754E-10	0
345.885667	1.570243E-10	0
345.99441	1.56702E-10	0
346.104743	1.591515E-10	0
346.21324	1.569598E-10	0
346.320212	1.565731E-10	0
346.428397	1.583135E-10	0
346.536462	1.56702E-10	0
346.644389	1.568954E-10	0
346.752127	1.577334E-10	0
346.86129	1.54317E-10	0
346.970392	1.547682E-10	0
347.079056	1.579912E-10	0
347.18761	1.584424E-10	0
347.295709	1.553483E-10	0
347.404189	1.578623E-10	0
347.512294	1.582491E-10	0
347.620622	1.563152E-10	0
347.729562	1.577978E-10	0
347.83742	1.581846E-10	0
347.945342	1.577334E-10	0
348.053248	1.559285E-10	0
348.160409	1.58378E-10	0
348.268503	1.568309E-10	0
348.376493	1.576689E-10	0
348.483457	1.568309E-10	0
348.592463	1.568309E-10	0
348.701981	1.574111E-10	0
348.809896	1.585714E-10	0
348.917645	1.599895E-10	0
349.026491	1.568309E-10	0
349.133888	1.557351E-10	0
349.241879	1.548327E-10	0
349.349134	1.554773E-10	0
349.458308	1.592804E-10	0
349.565735	1.578623E-10	0
349.675163	1.549616E-10	0
349.782463	1.566375E-10	0
349.890131	1.59087E-10	0
349.99834	1.570243E-10	0
350.107091	1.554773E-10	0
350.215218	1.595383E-10	0
350.323685	1.623745E-10	0
350.431568	1.580557E-10	0
350.540209	1.538658E-10	0
350.647137	1.580557E-10	0
350.754406	1.589581E-10	0
350.862125	1.609564E-10	0
350.970914	1.578623E-10	0
351.079196	1.561219E-10	0
351.188184	1.609564E-10	0
351.297368	1.588937E-10	0
351.408038	1.587647E-10	0
351.515506	1.588292E-10	0
351.624777	1.611498E-10	0
351.732441	1.569598E-10	0
351.839659	1.596027E-10	0
351.947588	1.547037E-10	0
352.053366	1.587003E-10	0
352.161431	1.606341E-10	0
352.270136	1.594093E-10	0
352.378678	1.574111E-10	0
352.488251	1.572822E-10	0
352.596614	1.592804E-10	0
352.704473	1.591515E-10	0
352.812863	1.54317E-10	0
352.920635	1.55864E-10	0
353.028162	1.578623E-10	0
353.13708	1.577334E-10	0
353.245616	1.589581E-10	0
353.353678	1.571532E-10	0
353.460974	1.568954E-10	0
353.569286	1.571532E-10	0
353.677653	1.579268E-10	0
353.787789	1.583135E-10	0
353.896647	1.623745E-10	0
354.005787	1.605052E-10	0
354.114773	1.583135E-10	0
354.222346	1.55864E-10	0
354.329316	1.59216E-10	0
354.437251	1.597316E-10	0
354.544968	1.572177E-10	0
354.653034	1.588937E-10	0
354.761272	1.596027E-10	0
354.868731	1.569598E-10	0
354.97735	1.584424E-10	0
355.085069	1.556706E-10	0
355.192344	1.578623E-10	0
355.30006	1.589581E-10	0
355.409356	1.605696E-10	0
355.517724	1.574111E-10	0
355.625415	1.587003E-10	0
355.733495	1.570888E-10	0
355.841331	1.596672E-10	0
355.949447	1.589581E-10	0
356.058769	1.585714E-10	0
356.167728	1.572822E-10	0
356.275703	1.576689E-10	0
356.384879	1.590226E-10	0
356.493422	1.547682E-10	0
356.601198	1.561863E-10	0
356.710416	1.562508E-10	0
356.819404	1.582491E-10	0
356.928371	1.563152E-10	0
357.038391	1.570243E-10	0
357.146117	1.581201E-10	0
357.254833	1.546393E-10	0
357.363932	1.542525E-10	0
357.47334	1.586358E-10	0
357.581391	1.563152E-10	0
357.688895	1.55864E-10	0
357.796494	1.597961E-10	0
357.903924	1.572177E-10	0
358.011839	1.557996E-10	0
358.120403	1.584424E-10	0
358.22801	1.581846E-10	0
358.338209	1.602473E-10	0
358.446456	1.563797E-10	0
358.555717	1.570243E-10	0
358.664589	1.585069E-10	0
358.771399	1.564442E-10	0
358.878393	1.534145E-10	0
358.987303	1.565086E-10	0
359.095508	1.543814E-10	0
359.202599	1.615365E-10	0
359.310884	1.557351E-10	0
359.420188	1.581201E-10	0
359.528882	1.584424E-10	0
359.637749	1.567665E-10	0
359.746772	1.572177E-10	0
359.85507	1.547682E-10	0
359.963021	1.611498E-10	0
360.071914	1.559929E-10	0
