Time,s	TEY,A	Shutter
0	1.554773E-10	0
0.107069	1.548971E-10	0
0.214293	1.530278E-10	0
0.321345	1.581201E-10	0
0.427617	1.542525E-10	0
0.534843	1.585714E-10	0
0.64309	1.581201E-10	0
0.750485	1.564442E-10	0
0.857713	1.566375E-10	0
0.964909	1.561219E-10	0
1.072729	1.587647E-10	0
1.181546	1.56702E-10	0
1.289015	1.524476E-10	0
1.396205	1.553483E-10	0
1.502857	1.566375E-10	0
1.613734	1.569598E-10	0
1.720112	1.540591E-10	0
1.82817	1.562508E-10	0
1.936226	1.569598E-10	0
2.044269	1.599895E-10	0
2.153327	1.564442E-10	0
2.261964	1.56702E-10	0
2.37007	1.538658E-10	0
2.478288	1.552194E-10	0
2.586041	1.549616E-10	0
2.693724	1.591515E-10	0
2.80181	1.585069E-10	0
2.910469	1.579912E-10	0
3.01894	1.577334E-10	0
3.128654	1.591515E-10	0
3.236103	1.581201E-10	0
3.344212	1.563797E-10	0
3.451719	1.591515E-10	0
3.559052	1.557996E-10	0
3.666737	1.569598E-10	0
3.775925	1.594738E-10	0
3.884337	1.574755E-10	0
3.993955	1.563797E-10	0
4.102528	1.554128E-10	0
4.210217	1.560574E-10	0
4.318051	1.570243E-10	0
4.42536	1.586358E-10	0
4.533959	1.588292E-10	0
4.641459	1.568954E-10	0
4.7503	1.587003E-10	0
4.858483	1.554773E-10	0
4.966697	1.576689E-10	0
5.07449	1.554128E-10	0
5.182535	1.569598E-10	0
5.290963	1.556062E-10	0
5.399172	1.580557E-10	0
5.506454	1.586358E-10	0
5.614642	1.565086E-10	0
5.722969	1.56702E-10	0
5.831331	1.567665E-10	0
5.941078	1.565086E-10	0
6.048695	1.554128E-10	0
6.1562	1.570243E-10	0
6.265085	1.587003E-10	0
6.372977	1.538013E-10	0
6.48061	1.571532E-10	0
6.587948	1.571532E-10	0
6.696756	1.530922E-10	0
6.80394	1.548971E-10	0
6.910102	1.552839E-10	0
7.018085	1.539302E-10	0
7.126593	1.571532E-10	0
7.235339	1.590226E-10	0
7.34272	1.548327E-10	0
7.44942	1.540591E-10	0
7.557763	1.582491E-10	0
7.66614	1.587647E-10	0
7.773954	1.574755E-10	0
7.881704	1.574755E-10	0
7.990166	1.577978E-10	0
8.097903	1.56702E-10	0
8.205866	1.552194E-10	0
8.314005	1.559285E-10	0
8.421257	1.5754E-10	0
8.529796	1.562508E-10	0
8.63881	1.567665E-10	0
8.747317	1.567665E-10	0
8.854892	1.586358E-10	0
8.962998	1.572177E-10	0
9.071887	1.569598E-10	0
9.179359	1.554773E-10	0
9.28788	1.588937E-10	0
9.394781	1.576689E-10	0
9.504011	1.59216E-10	0
9.61141	1.597316E-10	0
9.720305	1.567665E-10	0
9.828066	1.579268E-10	0
9.936235	1.547037E-10	0
10.043004	1.614721E-10	0
10.15122	1.588937E-10	0
10.259561	1.580557E-10	0
10.366787	1.561863E-10	0
10.473824	1.566375E-10	0
10.582405	1.578623E-10	0
10.690259	1.570888E-10	0
10.798569	1.604407E-10	0
10.90683	1.578623E-10	0
11.014965	1.587003E-10	0
11.124028	1.591515E-10	0
11.230725	1.545748E-10	0
11.339494	1.588292E-10	0
11.44601	1.561219E-10	0
11.55441	1.565731E-10	0
11.662108	1.566375E-10	0
11.770389	1.59925E-10	0
11.87784	1.580557E-10	0
11.984685	1.56702E-10	0
12.095026	1.576689E-10	0
12.201767	1.574755E-10	0
12.309647	1.571532E-10	0
12.416588	1.571532E-10	0
12.525732	1.630836E-10	0
12.632651	1.617944E-10	0
12.739659	1.557996E-10	0
12.847164	1.579268E-10	0
12.956318	1.577978E-10	0
13.064287	1.595383E-10	0
13.173032	1.601829E-10	0
13.282139	1.560574E-10	0
13.390051	1.588292E-10	0
13.496702	1.5754E-10	0
13.605425	1.585714E-10	0
13.713447	1.572822E-10	0
13.819912	1.584424E-10	0
13.928396	1.601184E-10	0
14.037547	1.588937E-10	0
14.146561	1.608275E-10	0
14.254046	1.59087E-10	0
14.363788	1.588292E-10	0
14.472108	1.585069E-10	0
14.579082	1.585069E-10	0
14.687553	1.612142E-10	0
14.795601	1.586358E-10	0
14.904047	1.605052E-10	0
15.011926	1.589581E-10	0
15.119067	1.603762E-10	0
15.22715	1.612787E-10	0
15.333987	1.585069E-10	0
15.441441	1.579268E-10	0
15.550842	1.588937E-10	0
15.66001	1.590226E-10	0
15.768684	1.591515E-10	0
15.876838	1.574755E-10	0
15.986169	1.576689E-10	0
16.093335	1.59087E-10	0
16.201498	1.606341E-10	0
16.309943	1.579912E-10	0
16.418496	1.539302E-10	0
16.526723	1.554773E-10	0
16.634079	1.599895E-10	0
16.741081	1.597961E-10	0
16.848292	1.583135E-10	0
16.954459	1.580557E-10	0
17.063418	1.55864E-10	0
17.174814	1.580557E-10	0
17.282679	1.586358E-10	0
17.391961	1.588292E-10	0
17.500108	1.595383E-10	0
17.607425	1.579268E-10	0
17.715849	1.597316E-10	0
17.824083	1.545748E-10	0
17.93186	1.586358E-10	0
18.039625	1.623745E-10	0
18.147385	1.574111E-10	0
18.256698	1.571532E-10	0
18.366547	1.587647E-10	0
18.475971	1.58378E-10	0
18.583958	1.561863E-10	0
18.691641	1.59087E-10	0
18.800107	1.585714E-10	0
18.909014	1.596672E-10	0
19.016483	1.549616E-10	0
19.124713	1.574111E-10	0
19.23187	1.58378E-10	0
19.339462	1.547682E-10	0
19.446908	1.557351E-10	0
19.555291	1.588292E-10	0
19.663199	1.574111E-10	0
19.771269	1.571532E-10	0
19.881144	1.596027E-10	0
19.988719	1.570243E-10	0
20.097553	1.563797E-10	0
20.205614	1.572177E-10	0
20.312467	1.549616E-10	0
20.419793	1.573466E-10	0
20.527189	1.572822E-10	0
20.635011	1.568309E-10	0
20.743097	1.58378E-10	0
20.85117	1.577978E-10	0
20.958618	1.584424E-10	0
21.065903	1.590226E-10	0
21.17416	1.577978E-10	0
21.283481	1.581846E-10	0
21.393188	1.596672E-10	0
21.501029	1.59216E-10	0
21.608376	1.540591E-10	0
21.71741	1.577978E-10	0
21.825499	1.582491E-10	0
21.933102	1.579268E-10	0
22.040958	1.556062E-10	0
22.148901	1.599895E-10	0
22.257218	1.588937E-10	0
22.367037	1.563152E-10	0
22.474797	1.591515E-10	0
22.582369	1.564442E-10	0
22.690575	1.560574E-10	0
22.798946	1.560574E-10	0
22.907279	1.549616E-10	0
23.017097	1.564442E-10	0
23.125373	1.568309E-10	0
23.234607	1.545104E-10	0
23.340835	1.578623E-10	0
23.44913	1.566375E-10	0
23.557547	1.59087E-10	0
23.666933	1.598606E-10	0
23.775536	1.579912E-10	0
23.88449	1.587003E-10	0
23.992458	1.602473E-10	0
24.099223	1.574755E-10	0
24.207022	1.570888E-10	0
24.314428	1.559929E-10	0
24.423078	1.593449E-10	0
24.530135	1.578623E-10	0
24.638346	1.578623E-10	0
24.746315	1.58378E-10	0
24.852705	1.560574E-10	0
24.961318	1.574111E-10	0
25.067972	1.587003E-10	0
25.176823	1.592804E-10	0
25.284305	1.59087E-10	0
25.391016	1.548971E-10	0
25.498377	1.588937E-10	0
25.607459	1.584424E-10	0
25.715532	1.577978E-10	0
25.823145	1.557351E-10	0
25.932944	1.587003E-10	0
26.039773	1.577978E-10	0
26.148407	1.562508E-10	0
26.257251	1.571532E-10	0
26.364555	1.592804E-10	0
26.472074	1.581846E-10	0
26.579637	1.599895E-10	0
26.686786	1.576045E-10	0
26.797615	1.612142E-10	0
26.905554	1.605696E-10	0
27.015099	1.588292E-10	0
27.123019	1.574755E-10	0
27.231245	1.598606E-10	0
27.339481	1.610208E-10	0
27.44723	1.567665E-10	0
27.556748	1.59925E-10	0
27.664667	1.568954E-10	0
27.771791	1.594093E-10	0
27.878738	1.597961E-10	0
27.986196	1.574755E-10	0
28.092912	1.604407E-10	0
28.202006	1.622456E-10	0
28.310021	1.593449E-10	0
28.418909	1.572177E-10	0
28.527092	1.5754E-10	0
28.635048	1.581846E-10	0
28.742913	1.578623E-10	0
28.85114	1.581846E-10	0
28.958493	1.578623E-10	0
29.066788	1.584424E-10	0
29.175519	1.595383E-10	0
29.284173	1.581201E-10	0
29.392156	1.583135E-10	0
29.499238	1.60763E-10	0
29.606304	1.58378E-10	0
29.714295	1.601184E-10	0
29.822362	1.581846E-10	0
29.929372	1.602473E-10	0
30.036708	1.593449E-10	0
30.145238	1.610208E-10	0
30.252436	1.597316E-10	0
30.361089	1.595383E-10	0
30.469293	1.596027E-10	0
30.577272	1.577334E-10	0
30.685007	1.581846E-10	0
30.794188	1.59087E-10	0
30.901685	1.605052E-10	0
31.010981	1.597316E-10	0
31.118498	1.561219E-10	0
31.22679	1.572177E-10	0
31.335946	1.587647E-10	0
31.444191	1.571532E-10	0
31.5511	1.59925E-10	0
31.659443	1.597961E-10	0
31.766465	1.581201E-10	0
31.874384	1.570243E-10	0
31.981461	1.59216E-10	0
32.088567	1.568309E-10	0
32.196257	1.597961E-10	0
32.304224	1.557996E-10	0
32.412652	1.572177E-10	0
32.520154	1.581846E-10	0
32.628047	1.592804E-10	0
32.737466	1.590226E-10	0
32.844424	1.568954E-10	0
32.953733	1.572177E-10	0
33.060576	1.589581E-10	0
33.167731	1.595383E-10	0
33.276362	1.561863E-10	0
33.383235	1.554128E-10	0
33.491454	1.594093E-10	0
33.600361	1.580557E-10	0
33.707727	1.596027E-10	0
33.816146	1.583135E-10	0
33.925513	1.561219E-10	0
34.034219	1.55155E-10	0
34.141625	1.576045E-10	0
34.249158	1.563152E-10	0
34.357646	1.589581E-10	0
34.464828	1.557996E-10	0
34.573536	1.541236E-10	0
34.68247	1.565086E-10	0
34.790611	1.568954E-10	0
34.897959	1.564442E-10	0
35.005685	1.595383E-10	0
35.116673	1.577334E-10	0
35.225531	1.571532E-10	0
35.335054	1.590226E-10	0
35.441908	1.576689E-10	0
35.549471	1.565731E-10	0
35.657864	1.548327E-10	0
35.766737	1.580557E-10	0
35.873535	1.601829E-10	0
35.982788	1.587647E-10	0
36.091629	1.557996E-10	0
36.200697	1.571532E-10	0
36.308041	1.58378E-10	0
36.415381	1.597316E-10	0
36.523261	1.578623E-10	0
36.631604	1.552839E-10	0
36.738569	1.598606E-10	0
36.846577	1.577978E-10	0
36.955268	1.574111E-10	0
37.062565	1.570243E-10	0
37.170223	1.554128E-10	0
37.278646	1.585069E-10	0
37.387601	1.579268E-10	0
37.496888	1.596027E-10	0
37.604521	1.582491E-10	0
37.71351	1.613431E-10	0
37.821735	1.589581E-10	0
37.93082	1.613431E-10	0
38.040261	1.581201E-10	0
38.148924	1.608275E-10	0
38.257175	1.608275E-10	0
38.364396	1.591515E-10	0
38.473161	1.598606E-10	0
38.580014	1.55026E-10	0
38.688204	1.596672E-10	0
38.79618	1.593449E-10	0
38.904644	1.588937E-10	0
39.012958	1.597961E-10	0
39.120151	1.596027E-10	0
39.227399	1.564442E-10	0
39.335328	1.58378E-10	0
39.444259	1.581201E-10	0
39.55196	1.567665E-10	0
39.659908	1.59925E-10	0
39.767848	1.589581E-10	0
39.876028	1.601184E-10	0
39.98466	1.620522E-10	0
40.092254	1.594738E-10	0
40.20126	1.578623E-10	0
40.31013	1.587003E-10	0
40.418803	1.614076E-10	0
40.527231	1.56702E-10	0
40.636907	1.579912E-10	0
40.746113	1.5754E-10	0
40.853272	1.600539E-10	0
40.961524	1.598606E-10	0
41.068653	1.568954E-10	0
41.177245	1.594093E-10	0
41.286785	1.584424E-10	0
41.394459	1.581846E-10	0
41.50509	1.597316E-10	0
41.613283	1.600539E-10	0
41.720907	1.579912E-10	0
41.830087	1.581846E-10	0
41.938137	1.549616E-10	0
42.04694	1.595383E-10	0
42.155678	1.574755E-10	0
42.264292	1.593449E-10	0
42.371734	1.583135E-10	0
42.479892	1.589581E-10	0
42.586567	1.586358E-10	0
42.694308	1.581846E-10	0
42.801622	1.580557E-10	0
42.90923	1.570243E-10	0
43.016789	1.562508E-10	0
43.124135	1.563797E-10	0
43.232804	1.570243E-10	0
43.341787	1.601184E-10	0
43.450281	1.577978E-10	0
43.557415	1.588292E-10	0
43.665344	1.592804E-10	0
43.7725	1.577978E-10	0
43.881543	1.556062E-10	0
43.98878	1.583135E-10	0
44.096996	1.594093E-10	0
44.205437	1.561863E-10	0
44.314692	1.568309E-10	0
44.422353	1.616654E-10	0
44.531323	1.562508E-10	0
44.638702	1.599895E-10	0
44.747729	1.597316E-10	0
44.857098	1.577978E-10	0
44.964703	1.590226E-10	0
45.072113	1.597316E-10	0
45.180776	1.608919E-10	0
45.288181	1.595383E-10	0
45.398106	1.560574E-10	0
45.50811	1.580557E-10	0
45.617383	1.568309E-10	0
45.724704	1.573466E-10	0
45.831909	1.576689E-10	0
45.939767	1.574111E-10	0
46.047217	1.572177E-10	0
46.154974	1.604407E-10	0
46.262867	1.583135E-10	0
46.3701	1.570888E-10	0
46.47757	1.567665E-10	0
46.584702	1.563797E-10	0
46.693	1.583135E-10	0
46.801471	1.572177E-10	0
46.908723	1.61601E-10	0
47.015144	1.585069E-10	0
47.122361	1.597316E-10	0
47.230128	1.604407E-10	0
47.339077	1.579268E-10	0
47.447775	1.594738E-10	0
47.55662	1.59925E-10	0
47.664356	1.574111E-10	0
47.77213	1.574111E-10	0
47.88073	1.586358E-10	0
47.989241	1.6231E-10	0
48.09707	1.594738E-10	0
48.204652	1.608919E-10	0
48.312904	1.576689E-10	0
48.420777	1.583135E-10	0
48.528721	1.619877E-10	0
48.637353	1.594738E-10	0
48.745305	1.564442E-10	0
48.852688	1.587003E-10	0
48.960506	1.581201E-10	0
49.069177	1.594093E-10	0
49.177242	1.632125E-10	0
49.284247	1.591515E-10	0
49.39239	1.601184E-10	0
49.502247	1.594738E-10	0
49.610908	1.610853E-10	0
49.71995	1.588937E-10	0
49.82823	1.608919E-10	0
49.935814	1.592804E-10	0
50.043985	1.611498E-10	0
50.151846	1.605052E-10	0
50.260245	1.618588E-10	0
50.367689	1.587647E-10	0
50.475581	1.578623E-10	0
50.58421	1.600539E-10	0
50.694364	1.608919E-10	0
50.804396	1.578623E-10	0
50.910799	1.600539E-10	0
51.017958	1.596672E-10	0
51.127949	1.564442E-10	0
51.235737	1.587003E-10	0
51.345183	1.58378E-10	0
51.454646	1.570243E-10	0
51.562191	1.598606E-10	0
51.669547	1.574111E-10	0
51.776986	1.612142E-10	0
51.885392	1.55026E-10	0
51.994115	1.601184E-10	0
52.102713	1.59087E-10	0
52.210185	1.579268E-10	0
52.317728	1.564442E-10	0
52.424764	1.592804E-10	0
52.534246	1.594738E-10	0
52.642499	1.619877E-10	0
52.751219	1.574111E-10	0
52.860245	1.590226E-10	0
52.969294	1.609564E-10	0
53.076564	1.593449E-10	0
53.184381	1.615365E-10	0
53.292126	1.578623E-10	0
53.399361	1.578623E-10	0
53.507671	1.588292E-10	0
53.615772	1.606985E-10	0
53.724383	1.598606E-10	0
53.832346	1.608275E-10	0
53.939967	1.608275E-10	0
54.047587	1.608275E-10	0
54.156566	1.592804E-10	0
54.265796	1.588937E-10	0
54.374963	1.561219E-10	0
54.482189	1.588937E-10	0
54.591165	1.580557E-10	0
54.700093	1.610208E-10	0
54.809062	1.606985E-10	0
54.918212	1.604407E-10	0
55.025611	1.605052E-10	0
55.134397	1.574111E-10	0
55.242115	1.577978E-10	0
55.349719	1.587003E-10	0
55.457878	1.599895E-10	0
55.565784	1.588937E-10	0
55.673832	1.600539E-10	0
55.782856	1.610208E-10	0
55.891114	1.591515E-10	0
56.00739	1.596027E-10	0
56.116797	1.571532E-10	0
56.224905	1.579268E-10	0
56.334411	1.579268E-10	0
56.443411	1.60763E-10	0
56.551419	1.606985E-10	0
56.659538	1.617299E-10	0
56.767276	1.56702E-10	0
56.875806	1.554773E-10	0
56.984693	1.576045E-10	0
57.09177	1.584424E-10	0
57.200317	1.598606E-10	0
57.308647	1.594093E-10	0
57.416779	1.620522E-10	0
57.523494	1.55864E-10	0
57.632056	1.565086E-10	0
57.739912	1.605052E-10	0
57.848506	1.609564E-10	0
57.957622	1.585714E-10	0
58.06608	1.574755E-10	0
58.173067	1.55864E-10	0
58.281181	1.585714E-10	0
58.389143	1.59216E-10	0
58.496614	1.61601E-10	0
58.604314	1.563152E-10	0
58.713583	1.571532E-10	0
58.822167	1.56702E-10	0
58.930438	1.60763E-10	0
59.03774	1.605052E-10	0
59.145383	1.574111E-10	0
59.253183	1.599895E-10	0
59.361792	1.579912E-10	0
59.469332	1.594093E-10	0
59.57708	1.601829E-10	0
59.686086	1.579268E-10	0
59.794068	1.576689E-10	0
59.904061	1.585714E-10	0
60.010992	7.560462E-8	0
60.122031	9.388537E-8	1
60.230644	8.967703E-8	1
60.340971	8.621597E-8	1
60.44941	8.342408E-8	1
60.557526	8.113304E-8	1
60.665586	7.917436E-8	1
60.774138	7.754358E-8	1
60.881807	7.62402E-8	1
60.989058	7.511286E-8	1
61.096069	7.412978E-8	1
61.205119	7.326215E-8	1
61.314451	7.249494E-8	1
61.422193	7.180387E-8	1
61.531788	7.122804E-8	1
61.640589	7.070211E-8	1
61.750086	7.024155E-8	1
61.859519	6.984815E-8	1
61.967503	6.946635E-8	1
62.075508	6.91378E-8	1
62.184927	6.881717E-8	1
62.293662	6.854812E-8	1
62.40288	6.827403E-8	1
62.512582	6.802219E-8	1
62.62203	6.779767E-8	1
62.729805	6.759082E-8	1
62.83724	6.738107E-8	1
62.945132	6.720438E-8	1
63.053468	6.702357E-8	1
63.163701	6.686139E-8	1
63.271062	6.671687E-8	1
63.378818	6.657532E-8	1
63.487636	6.642416E-8	1
63.595713	6.628338E-8	1
63.703375	6.615581E-8	1
63.810899	6.604623E-8	1
63.918924	6.592201E-8	1
64.026418	6.582197E-8	1
64.135123	6.571342E-8	1
64.243503	6.56146E-8	1
64.352985	6.551862E-8	1
64.462181	6.543147E-8	1
64.571094	6.53362E-8	1
64.680581	6.526098E-8	1
64.789866	6.516635E-8	1
64.898388	6.508461E-8	1
65.007489	6.500584E-8	1
65.116768	6.493178E-8	1
65.225121	6.485539E-8	1
65.332758	6.479841E-8	1
65.440907	6.473401E-8	1
65.549874	6.466382E-8	1
65.657385	6.461779E-8	1
65.765003	6.455088E-8	1
65.87409	6.448269E-8	1
65.984239	6.444768E-8	1
66.092218	6.438193E-8	1
66.200123	6.433153E-8	1
66.308361	6.426533E-8	1
66.418008	6.42213E-8	1
66.525582	6.417237E-8	1
66.632402	6.413106E-8	1
66.739985	6.408671E-8	1
66.848628	6.405171E-8	1
66.956428	6.400935E-8	1
67.064504	6.395746E-8	1
67.173504	6.391615E-8	1
67.282445	6.388082E-8	1
67.390698	6.384685E-8	1
67.500417	6.379876E-8	1
67.60896	6.375886E-8	1
67.718392	6.373102E-8	1
67.825732	6.369099E-8	1
67.935965	6.364535E-8	1
68.047266	6.362002E-8	1
68.156317	6.358566E-8	1
68.265682	6.353925E-8	1
68.374775	6.351965E-8	1
68.482483	6.349135E-8	1
68.590699	6.345899E-8	1
68.697933	6.342644E-8	1
68.807635	6.339473E-8	1
68.915789	6.336108E-8	1
69.024692	6.332782E-8	1
69.134419	6.330867E-8	1
69.243772	6.327883E-8	1
69.352909	6.325665E-8	1
69.462008	6.323777E-8	1
69.571041	6.319013E-8	1
69.678902	6.317002E-8	1
69.787754	6.316171E-8	1
69.896836	6.31258E-8	1
70.005888	6.309183E-8	1
70.11544	6.307971E-8	1
70.224601	6.304561E-8	1
70.33215	6.302189E-8	1
70.440565	6.300597E-8	1
70.549197	6.298141E-8	1
70.658097	6.29466E-8	1
70.766814	6.292481E-8	1
70.874389	6.289897E-8	1
70.982691	6.28835E-8	1
71.092	6.286674E-8	1
71.199665	6.284637E-8	1
71.30691	6.281755E-8	1
71.41443	6.280582E-8	1
71.523036	6.277849E-8	1
71.630749	6.276534E-8	1
71.739745	6.27364E-8	1
71.848268	6.273272E-8	1
71.956108	6.2707E-8	1
72.064303	6.2678E-8	1
72.174585	6.267013E-8	1
72.28208	6.264641E-8	1
72.390519	6.263146E-8	1
72.499865	6.26167E-8	1
72.608445	6.260361E-8	1
72.717545	6.258311E-8	1
72.826704	6.256107E-8	1
72.93417	6.253967E-8	1
73.042022	6.25298E-8	1
73.153674	6.251311E-8	1
73.26148	6.249628E-8	1
73.371105	6.248043E-8	1
73.478676	6.246257E-8	1
73.587365	6.244594E-8	1
73.696937	6.242673E-8	1
73.805864	6.242029E-8	1
73.914573	6.239399E-8	1
74.023565	6.238316E-8	1
74.132236	6.236807E-8	1
74.240542	6.23644E-8	1
74.349205	6.234525E-8	1
74.457289	6.233268E-8	1
74.565144	6.231831E-8	1
74.67357	6.229021E-8	1
74.782022	6.229124E-8	1
74.891686	6.22728E-8	1
74.999256	6.225262E-8	1
75.10744	6.225024E-8	1
75.215679	6.22242E-8	1
75.323571	6.221782E-8	1
75.431335	6.220879E-8	1
75.53987	6.2189E-8	1
75.649029	6.218488E-8	1
75.755969	6.217495E-8	1
75.864588	6.21482E-8	1
75.972975	6.213602E-8	1
76.080221	6.212603E-8	1
76.187713	6.211436E-8	1
76.296132	6.210256E-8	1
76.404552	6.208967E-8	1
76.512756	6.206911E-8	1
76.620968	6.20586E-8	1
76.729699	6.205209E-8	1
76.838211	6.204803E-8	1
76.945954	6.203146E-8	1
77.054595	6.202818E-8	1
77.163087	6.201316E-8	1
77.271018	6.198943E-8	1
77.379922	6.198234E-8	1
77.489487	6.198441E-8	1
77.598731	6.197029E-8	1
77.706851	6.194683E-8	1
77.814663	6.194979E-8	1
77.924638	6.193722E-8	1
78.034001	6.192717E-8	1
78.14421	6.191995E-8	1
78.2536	6.191344E-8	1
78.364614	6.189197E-8	1
78.472974	6.188404E-8	1
78.581766	6.186715E-8	1
78.690112	6.185768E-8	1
78.799871	6.185929E-8	1
78.907958	6.183499E-8	1
79.016421	6.18279E-8	1
79.125989	6.183086E-8	1
79.234625	6.182899E-8	1
79.344542	6.180888E-8	1
79.452171	6.181172E-8	1
79.559912	6.18034E-8	1
79.668952	6.179302E-8	1
79.777174	6.17773E-8	1
79.886745	6.176408E-8	1
79.994431	6.176892E-8	1
80.102789	6.175125E-8	1
80.211939	6.174623E-8	1
80.321109	6.173063E-8	1
80.430275	6.171251E-8	1
80.540785	6.171168E-8	1
80.647801	6.171026E-8	1
80.75644	6.170272E-8	1
80.866387	6.168415E-8	1
80.974539	6.168905E-8	1
81.083624	6.166636E-8	1
81.1924	6.167319E-8	1
81.300786	6.165347E-8	1
81.40885	6.1636E-8	1
81.517076	6.163484E-8	1
81.625572	6.162195E-8	1
81.732898	6.161621E-8	1
81.841966	6.160744E-8	1
81.950085	6.160751E-8	1
82.060211	6.159339E-8	1
82.168118	6.159545E-8	1
82.275954	6.158637E-8	1
82.3832	6.157741E-8	1
82.493984	6.156619E-8	1
82.602458	6.156561E-8	1
82.711494	6.154949E-8	1
82.820908	6.154041E-8	1
82.930212	6.153499E-8	1
83.039379	6.153486E-8	1
83.148295	6.15201E-8	1
83.256658	6.151423E-8	1
83.363645	6.150637E-8	1
83.473335	6.149032E-8	1
83.583068	6.148665E-8	1
83.691528	6.149535E-8	1
83.799169	6.147672E-8	1
83.907393	6.146795E-8	1
84.015647	6.145803E-8	1
84.124343	6.145764E-8	1
84.233025	6.145023E-8	1
84.341746	6.143424E-8	1
84.450353	6.144217E-8	1
84.559754	6.143147E-8	1
84.668886	6.142657E-8	1
84.777081	6.140349E-8	1
84.886948	6.140665E-8	1
84.994248	6.141181E-8	1
85.102348	6.140014E-8	1
85.211026	6.139241E-8	1
85.321751	6.13935E-8	1
85.430118	6.137874E-8	1
85.539094	6.137532E-8	1
85.647043	6.137004E-8	1
85.756321	6.13634E-8	1
85.864226	6.135347E-8	1
85.972139	6.134889E-8	1
86.080761	6.132891E-8	1
86.188966	6.133897E-8	1
86.298278	6.132859E-8	1
86.406286	6.131995E-8	1
86.516042	6.132575E-8	1
86.624269	6.131003E-8	1
86.733802	6.129958E-8	1
86.842403	6.129971E-8	1
86.951365	6.129314E-8	1
87.062425	6.129153E-8	1
87.171615	6.128315E-8	1
87.279809	6.126419E-8	1
87.3889	6.126716E-8	1
87.498192	6.126826E-8	1
87.60808	6.126329E-8	1
87.718308	6.125807E-8	1
87.825209	6.126697E-8	1
87.933936	6.124576E-8	1
88.041397	6.124595E-8	1
88.150105	6.124131E-8	1
88.257874	6.123048E-8	1
88.36582	6.122371E-8	1
88.474615	6.122049E-8	1
88.582299	6.12145E-8	1
88.689415	6.120921E-8	1
88.799418	6.121069E-8	1
88.908675	6.12154E-8	1
89.016629	6.119967E-8	1
89.126487	6.119845E-8	1
89.235994	6.11987E-8	1
89.343246	6.117833E-8	1
89.451257	6.119135E-8	1
89.561095	6.118033E-8	1
89.671313	6.117124E-8	1
89.780362	6.116293E-8	1
89.888288	6.11599E-8	1
89.997159	6.115158E-8	1
90.106392	6.11501E-8	1
90.216111	6.115261E-8	1
90.323722	6.114024E-8	1
90.43178	6.11356E-8	1
90.539468	6.114269E-8	1
90.648709	6.114211E-8	1
90.758492	6.113121E-8	1
90.867537	6.1122E-8	1
90.975903	6.111774E-8	1
91.084713	6.11122E-8	1
91.191995	6.111349E-8	1
91.300488	6.109873E-8	1
91.408314	6.110717E-8	1
91.516116	6.109602E-8	1
91.625926	6.10937E-8	1
91.732712	6.10928E-8	1
91.841944	6.109776E-8	1
91.950566	6.108893E-8	1
92.060947	6.10906E-8	1
92.168758	6.108751E-8	1
92.277232	6.107823E-8	1
92.386114	6.107313E-8	1
92.49489	6.107816E-8	1
92.604456	6.106759E-8	1
92.713326	6.106179E-8	1
92.8234	6.105818E-8	1
92.932896	6.106185E-8	1
93.041137	6.104948E-8	1
93.149435	6.105928E-8	1
93.257494	6.106353E-8	1
93.366556	6.104393E-8	1
93.476265	6.10507E-8	1
93.5834	6.1038E-8	1
93.693192	6.103459E-8	1
93.803061	6.103646E-8	1
93.911084	6.103304E-8	1
94.019287	6.102473E-8	1
94.128481	6.100919E-8	1
94.238778	6.101435E-8	1
94.348722	6.102047E-8	1
94.457306	6.101422E-8	1
94.565132	6.100429E-8	1
94.672549	6.100764E-8	1
94.781408	6.100216E-8	1
94.890054	6.099694E-8	1
94.99865	6.099598E-8	1
95.108555	6.098173E-8	1
95.217664	6.097844E-8	1
95.325721	6.09934E-8	1
95.434752	6.096852E-8	1
95.54475	6.097973E-8	1
95.653322	6.097361E-8	1
95.760854	6.097625E-8	1
95.870138	6.096355E-8	1
95.980358	6.096665E-8	1
96.090147	6.096362E-8	1
96.198608	6.09593E-8	1
96.306069	6.095923E-8	1
96.414574	6.095969E-8	1
96.521871	6.095498E-8	1
96.62919	6.094138E-8	1
96.737836	6.094351E-8	1
96.845945	6.094376E-8	1
96.955966	6.094009E-8	1
97.06398	6.048893E-8	1
97.172463	6.103162E-8	1
97.282507	6.105109E-8	1
97.390764	6.105393E-8	1
97.498867	6.104303E-8	1
97.606576	6.104045E-8	1
97.714782	6.103949E-8	1
97.823611	6.102485E-8	1
97.931065	6.102589E-8	1
98.040229	6.102892E-8	1
98.149618	6.102756E-8	1
98.258391	6.102492E-8	1
98.367011	6.102144E-8	1
98.47508	6.101525E-8	1
98.583178	6.101776E-8	1
98.693412	6.101963E-8	1
98.802475	6.101538E-8	1
98.909999	6.101551E-8	1
99.017222	6.101106E-8	1
99.124449	6.09932E-8	1
99.231679	6.100178E-8	1
99.340535	6.099224E-8	1
99.447817	6.099559E-8	1
99.556958	6.098656E-8	1
99.665171	6.099623E-8	1
99.773395	6.097935E-8	1
99.881201	6.098547E-8	1
99.990961	6.097928E-8	1
100.098073	6.098573E-8	1
100.207292	6.098257E-8	1
100.316725	6.097225E-8	1
100.424957	6.097993E-8	1
100.533185	6.097664E-8	1
100.642409	6.095923E-8	1
100.750635	6.097051E-8	1
100.857873	6.096813E-8	1
100.966104	6.095666E-8	1
101.072336	6.093867E-8	1
101.180567	6.096181E-8	1
101.290405	6.095182E-8	1
101.398698	6.094995E-8	1
101.50701	6.095356E-8	1
101.613214	6.09544E-8	1
101.720447	6.094911E-8	1
101.827675	6.094086E-8	1
101.938986	6.093203E-8	1
102.047445	6.093648E-8	1
102.1562	6.094222E-8	1
102.264927	6.092578E-8	1
102.372936	6.092436E-8	1
102.481275	6.093106E-8	1
102.588767	6.092655E-8	1
102.69746	6.092758E-8	1
102.805689	6.093081E-8	1
102.912913	6.0927E-8	1
103.020164	6.091972E-8	1
103.129404	6.091237E-8	1
103.2363	6.091431E-8	1
103.345517	6.091888E-8	1
103.454496	6.090586E-8	1
103.561727	6.092107E-8	1
103.669582	6.090328E-8	1
103.776815	6.090393E-8	1
103.884036	6.089877E-8	1
103.991257	6.090709E-8	1
104.099088	6.089761E-8	1
104.207298	6.089761E-8	1
104.315527	6.09134E-8	1
104.423556	6.089671E-8	1
104.531873	6.08871E-8	1
104.64038	6.08951E-8	1
104.74984	6.088336E-8	1
104.857607	6.088968E-8	1
104.967497	6.088794E-8	1
105.075196	6.088897E-8	1
105.183821	6.088891E-8	1
105.292967	6.087943E-8	1
105.401606	6.088143E-8	1
105.508438	6.088639E-8	1
105.616221	6.088169E-8	1
105.723635	6.088723E-8	1
105.833722	6.088259E-8	1
105.942012	6.088304E-8	1
106.050263	6.087892E-8	1
106.157533	6.086654E-8	1
106.265783	6.086699E-8	1
106.375028	6.08697E-8	1
106.483324	6.085513E-8	1
106.591594	6.085636E-8	1
106.699333	6.085681E-8	1
106.806562	6.086712E-8	1
106.915872	6.0859E-8	1
107.025095	6.086293E-8	1
107.132325	6.085719E-8	1
107.239601	6.084333E-8	1
107.347736	6.08425E-8	1
107.456999	6.084372E-8	1
107.564549	6.084778E-8	1
107.673013	6.085088E-8	1
107.78091	6.084894E-8	1
107.889597	6.08425E-8	1
107.998113	6.083824E-8	1
108.108176	6.082612E-8	1
108.217405	6.084346E-8	1
108.327301	6.083856E-8	1
108.43639	6.08443E-8	1
108.545707	6.08316E-8	1
108.654133	6.082451E-8	1
108.762337	6.083051E-8	1
108.869966	6.082471E-8	1
108.977719	6.083122E-8	1
109.085331	6.083025E-8	1
109.194059	6.0822E-8	1
109.304853	6.081246E-8	1
109.413678	6.082226E-8	1
109.522267	6.082703E-8	1
109.631264	6.081388E-8	1
109.740324	6.083212E-8	1
109.848077	6.081343E-8	1
109.957222	6.081343E-8	1
110.064874	6.080936E-8	1
110.172339	6.081007E-8	1
110.28154	6.08142E-8	1
110.391478	6.080756E-8	1
110.499801	6.080543E-8	1
110.609713	6.080505E-8	1
110.718261	6.081027E-8	1
110.82704	6.080169E-8	1
110.937274	6.080189E-8	1
111.044888	6.081014E-8	1
111.154794	6.080369E-8	1
111.26352	6.080801E-8	1
111.373029	6.079815E-8	1
111.479456	6.080898E-8	1
111.588035	6.07946E-8	1
111.697169	6.07899E-8	1
111.805869	6.078655E-8	1
111.913896	6.079267E-8	1
112.021653	6.079119E-8	1
112.131094	6.079177E-8	1
112.240427	6.07888E-8	1
112.347837	6.078964E-8	1
112.455637	6.078996E-8	1
112.5649	6.078074E-8	1
112.672919	6.078223E-8	1
112.782514	6.078403E-8	1
112.892231	6.078074E-8	1
113.001069	6.077578E-8	1
113.110672	6.077462E-8	1
113.219183	6.078732E-8	1
113.328075	6.077533E-8	1
113.436219	6.078203E-8	1
113.543907	6.077584E-8	1
113.652249	6.077643E-8	1
113.761834	6.078055E-8	1
113.871917	6.077591E-8	1
113.980681	6.07703E-8	1
114.088498	6.07665E-8	1
114.196301	6.077797E-8	1
114.304916	6.076792E-8	1
114.412545	6.076979E-8	1
114.521868	6.077494E-8	1
114.631252	6.076953E-8	1
114.739239	6.076334E-8	1
114.847764	6.076321E-8	1
114.956527	6.075728E-8	1
115.066263	6.076469E-8	1
115.173919	6.076637E-8	1
115.282543	6.076605E-8	1
115.391263	6.075851E-8	1
115.501616	6.075722E-8	1
115.611111	6.07527E-8	1
115.719903	6.07576E-8	1
115.829605	6.074806E-8	1
115.938143	6.076308E-8	1
116.046506	6.076199E-8	1
116.154995	6.07576E-8	1
116.263673	6.075548E-8	1
116.372049	6.076656E-8	1
116.482366	6.075522E-8	1
116.591146	6.075309E-8	1
116.699631	6.075038E-8	1
116.808138	6.075406E-8	1
116.917922	6.074645E-8	1
117.02637	6.075464E-8	1
117.136329	6.07411E-8	1
117.246433	6.073594E-8	1
117.355845	6.073253E-8	1
117.463244	6.074013E-8	1
117.570582	6.072802E-8	1
117.68126	6.073846E-8	1
117.789257	6.07411E-8	1
117.898696	6.072698E-8	1
118.00795	6.073395E-8	1
118.115856	6.072595E-8	1
118.225795	6.071377E-8	1
118.335552	6.072292E-8	1
118.445765	6.071583E-8	1
118.554594	6.072363E-8	1
118.661819	6.071545E-8	1
118.769043	6.07186E-8	1
118.876272	6.072331E-8	1
118.984493	6.072814E-8	1
119.092511	6.072183E-8	1
119.202696	6.07237E-8	1
119.311528	6.072312E-8	1
119.420465	6.072318E-8	1
119.528568	6.070816E-8	1
119.637487	6.070558E-8	1
119.747511	6.070952E-8	1
119.85737	6.071042E-8	1
119.96563	6.070378E-8	1
120.074982	6.070333E-8	1
120.182367	6.073098E-8	1
120.29062	6.072428E-8	1
120.399619	6.071719E-8	1
120.510177	6.071255E-8	1
120.618405	6.070597E-8	1
120.726175	6.071725E-8	1
120.83523	6.070391E-8	1
120.942021	6.070674E-8	1
121.050076	6.071132E-8	1
121.158707	6.070404E-8	1
121.266465	6.07032E-8	1
121.37428	6.070436E-8	1
121.483257	6.070249E-8	1
121.592794	6.069463E-8	1
121.701025	6.070101E-8	1
121.808432	6.069637E-8	1
121.917154	6.071403E-8	1
122.025174	6.072421E-8	1
122.134967	6.071364E-8	1
122.244243	6.069649E-8	1
122.353474	6.070146E-8	1
122.462563	6.068986E-8	1
122.571963	6.069069E-8	1
122.678844	6.069849E-8	1
122.787612	6.070423E-8	1
122.89589	6.069359E-8	1
123.005001	6.069611E-8	1
123.112749	6.070384E-8	1
123.222215	6.067825E-8	1
123.332841	6.069533E-8	1
123.441841	6.069056E-8	1
123.550478	6.068431E-8	1
123.659927	6.068521E-8	1
123.768313	6.069308E-8	1
123.877913	6.068869E-8	1
123.986073	6.067761E-8	1
124.095044	6.06923E-8	1
124.202937	6.06818E-8	1
124.312643	6.068154E-8	1
124.420984	6.068747E-8	1
124.529196	6.068083E-8	1
124.638381	6.068212E-8	1
124.74747	6.068135E-8	1
124.856214	6.068457E-8	1
124.964005	6.067941E-8	1
125.07234	6.068276E-8	1
125.18153	6.067561E-8	1
125.291057	6.0672E-8	1
125.400232	6.068141E-8	1
125.509206	6.068077E-8	1
125.618172	6.067838E-8	1
125.726428	6.068006E-8	1
125.834714	6.068051E-8	1
125.943208	6.067471E-8	1
126.051689	6.067864E-8	1
126.160457	6.068599E-8	1
126.267316	6.067761E-8	1
126.377658	6.06789E-8	1
126.485347	6.068567E-8	1
126.594018	6.067722E-8	1
126.702706	6.067748E-8	1
126.812903	6.068012E-8	1
126.921703	6.068811E-8	1
127.030734	6.067084E-8	1
127.139402	6.068541E-8	1
127.247273	6.06807E-8	1
127.355417	6.068212E-8	1
127.464087	6.06923E-8	1
127.571756	6.068599E-8	1
127.680828	6.067993E-8	1
127.78942	6.067368E-8	1
127.898752	6.066549E-8	1
128.008549	6.06709E-8	1
128.117993	6.067206E-8	1
128.227204	6.067561E-8	1
128.337597	6.066317E-8	1
128.446358	6.066839E-8	1
128.554348	6.068057E-8	1
128.66282	6.068637E-8	1
128.771985	6.068044E-8	1
128.880921	6.067445E-8	1
128.990694	6.069585E-8	1
129.099976	6.066768E-8	1
129.209894	6.066729E-8	1
129.318172	6.067948E-8	1
129.426761	6.067664E-8	1
129.53505	6.066162E-8	1
129.642069	6.067819E-8	1
129.750592	6.067432E-8	1
129.859055	6.067361E-8	1
129.969209	6.067606E-8	1
130.078232	6.067271E-8	1
130.187203	6.066633E-8	1
130.295713	6.066272E-8	1
130.405051	6.067123E-8	1
130.514243	6.067935E-8	1
130.625059	6.066742E-8	1
130.734053	6.067161E-8	1
130.844059	6.069385E-8	1
130.952605	6.067464E-8	1
131.061607	6.067671E-8	1
131.169755	6.068032E-8	1
131.277394	6.06856E-8	1
131.387176	6.067129E-8	1
131.49434	6.068844E-8	1
131.603883	6.068876E-8	1
131.712265	6.069166E-8	1
131.82338	6.067961E-8	1
131.932891	6.067645E-8	1
132.04038	6.068528E-8	1
132.14948	6.067303E-8	1
132.256468	6.067928E-8	1
132.366453	6.06807E-8	1
132.4744	6.068882E-8	1
132.582565	6.067148E-8	1
132.690771	6.06876E-8	1
132.799263	6.06836E-8	1
132.90854	6.068102E-8	1
133.018392	6.068509E-8	1
133.126732	6.067387E-8	1
133.237128	6.067387E-8	1
133.344076	6.067226E-8	1
133.454337	6.064905E-8	1
133.564202	6.065685E-8	1
133.671649	6.066446E-8	1
133.779859	6.066381E-8	1
133.889761	6.067432E-8	1
133.999828	6.066684E-8	1
134.108961	6.06731E-8	1
134.217834	6.067142E-8	1
134.327991	6.067864E-8	1
134.437524	6.066014E-8	1
134.54578	6.066356E-8	1
134.65413	6.066459E-8	1
134.763349	6.065717E-8	1
134.873339	6.067638E-8	1
134.982805	6.067129E-8	1
135.090254	6.066394E-8	1
135.199242	6.066085E-8	1
135.30626	6.065769E-8	1
135.416096	6.06807E-8	1
135.526459	6.066949E-8	1
135.635857	6.06691E-8	1
135.743105	6.068019E-8	1
135.852241	6.068238E-8	1
135.960771	6.066897E-8	1
136.068131	6.068334E-8	1
136.176557	6.068064E-8	1
136.287124	6.067974E-8	1
136.39517	6.068231E-8	1
136.504845	6.066955E-8	1
136.614815	6.068296E-8	1
136.722106	6.068283E-8	1
136.831247	6.068979E-8	1
136.939873	6.066562E-8	1
137.046937	6.068953E-8	1
137.156682	6.070004E-8	1
137.26662	6.066968E-8	1
137.375114	6.068431E-8	1
137.483424	6.069475E-8	1
137.590766	6.068586E-8	1
137.70061	6.066852E-8	1
137.810398	6.068625E-8	1
137.918563	6.069347E-8	1
138.026848	6.068457E-8	1
138.136816	6.068122E-8	1
138.246084	6.069985E-8	1
138.355571	6.069624E-8	1
138.464112	6.069849E-8	1
138.573994	6.068753E-8	1
138.681945	6.069443E-8	1
138.791296	6.069018E-8	1
138.901229	6.06847E-8	1
139.009284	6.068489E-8	1
139.118193	6.069011E-8	1
139.22638	6.068173E-8	1
139.336781	6.005222E-8	1
139.4455	6.060773E-8	1
139.552985	6.073414E-8	1
139.662476	6.073723E-8	1
139.77153	6.074342E-8	1
139.880517	6.073163E-8	1
139.990222	6.073034E-8	1
140.098128	6.072653E-8	1
140.206343	6.072196E-8	1
140.315142	6.072943E-8	1
140.423112	6.072486E-8	1
140.53179	6.072505E-8	1
140.640861	6.073833E-8	1
140.748278	6.074845E-8	1
140.855936	6.073736E-8	1
140.965339	6.073014E-8	1
141.072315	6.073736E-8	1
141.180718	6.073846E-8	1
141.28902	6.074065E-8	1
141.397689	6.072415E-8	1
141.505887	6.072814E-8	1
141.615161	6.073511E-8	1
141.722505	6.072376E-8	1
141.83015	6.072151E-8	1
141.938003	6.073324E-8	1
142.046335	6.07393E-8	1
142.154161	6.072634E-8	1
142.26148	6.072015E-8	1
142.36975	6.073943E-8	1
142.475458	6.073311E-8	1
142.585161	6.073988E-8	1
142.693149	6.072363E-8	1
142.800815	6.072357E-8	1
142.908096	6.071319E-8	1
143.017529	6.072305E-8	1
143.126164	6.071835E-8	1
143.235559	6.072073E-8	1
143.344006	6.072376E-8	1
143.452313	6.071035E-8	1
143.559052	6.071635E-8	1
143.6673	6.071474E-8	1
143.775503	6.071422E-8	1
143.883726	6.071893E-8	1
143.991098	6.072267E-8	1
144.097697	6.070107E-8	1
144.206445	6.071699E-8	1
144.313554	6.069998E-8	1
144.420321	6.072189E-8	1
144.528028	6.072383E-8	1
144.634131	6.072718E-8	1
144.742712	6.071815E-8	1
144.850931	6.072325E-8	1
144.958943	6.071757E-8	1
145.067943	6.071783E-8	1
145.175603	6.07264E-8	1
145.283118	6.072183E-8	1
145.391009	6.072067E-8	1
145.498028	6.071261E-8	1
145.605583	6.073053E-8	1
145.714926	6.07295E-8	1
145.822746	6.071732E-8	1
145.930752	6.071603E-8	1
146.038849	6.073304E-8	1
146.147669	6.073633E-8	1
146.255059	6.073304E-8	1
146.363672	6.072866E-8	1
146.472091	6.073833E-8	1
146.580073	6.073936E-8	1
146.688145	6.074897E-8	1
146.797422	6.073317E-8	1
146.905587	6.072189E-8	1
147.012688	6.07449E-8	1
147.122537	6.072131E-8	1
147.230643	6.073291E-8	1
147.337935	6.073665E-8	1
147.445115	6.073459E-8	1
147.554225	6.072776E-8	1
147.662472	6.073575E-8	1
147.770268	6.073337E-8	1
147.878353	6.073736E-8	1
147.986932	6.074432E-8	1
148.096509	6.073427E-8	1
148.204736	6.073317E-8	1
148.312937	6.073021E-8	1
148.420723	6.072473E-8	1
148.529333	6.073047E-8	1
148.638525	6.073337E-8	1
148.745643	6.071093E-8	1
148.854217	6.072744E-8	1
148.962024	6.073723E-8	1
149.071871	6.074278E-8	1
149.179762	6.073736E-8	1
149.287978	6.072872E-8	1
149.395988	6.073652E-8	1
149.503154	6.074381E-8	1
149.612097	6.073582E-8	1
149.71992	6.073137E-8	1
149.828017	6.072943E-8	1
149.935066	6.072795E-8	1
150.042727	6.073195E-8	1
150.149877	6.073214E-8	1
150.257778	6.072698E-8	1
150.367334	6.07342E-8	1
150.47562	6.073472E-8	1
150.584252	6.073691E-8	1
150.692962	6.074445E-8	1
150.801018	6.074284E-8	1
150.910082	6.073453E-8	1
151.018107	6.073917E-8	1
151.127417	6.071719E-8	1
151.235627	6.07226E-8	1
151.345238	6.073014E-8	1
151.454181	6.072782E-8	1
151.563736	6.072602E-8	1
151.67126	6.073246E-8	1
151.779616	6.072937E-8	1
151.88792	6.073407E-8	1
151.996656	6.074729E-8	1
152.107268	6.074368E-8	1
152.214242	6.072847E-8	1
152.321939	6.073388E-8	1
152.431297	6.072814E-8	1
152.541183	6.074226E-8	1
152.65023	6.073936E-8	1
152.757649	6.072209E-8	1
152.865637	6.074684E-8	1
152.974161	6.073317E-8	1
153.082222	6.073878E-8	1
153.191103	6.074529E-8	1
153.29771	6.074245E-8	1
153.407187	6.075502E-8	1
153.514256	6.073627E-8	1
153.621877	6.075019E-8	1
153.729484	6.073846E-8	1
153.83724	6.075283E-8	1
153.94515	6.074097E-8	1
154.053983	6.073691E-8	1
154.162448	6.074645E-8	1
154.270667	6.075103E-8	1
154.37823	6.073749E-8	1
154.486142	6.073962E-8	1
154.593671	6.075967E-8	1
154.701839	6.074961E-8	1
154.809613	6.075909E-8	1
154.917111	6.076031E-8	1
155.025846	6.075606E-8	1
155.134149	6.075754E-8	1
155.242427	6.075612E-8	1
155.351759	6.076966E-8	1
155.459322	6.075767E-8	1
155.568471	6.076618E-8	1
155.676943	6.076392E-8	1
155.784277	6.075058E-8	1
155.891755	6.075683E-8	1
156.000022	6.076199E-8	1
156.108987	6.075722E-8	1
156.217864	6.075883E-8	1
156.324956	6.077804E-8	1
156.432503	6.075722E-8	1
156.540266	6.076476E-8	1
156.647981	6.076141E-8	1
156.75548	6.075464E-8	1
156.863622	6.076147E-8	1
156.972376	6.076244E-8	1
157.080929	6.042892E-8	1
157.189703	6.054153E-8	1
157.299404	6.079235E-8	1
157.407149	6.080988E-8	1
157.514884	6.080182E-8	1
157.624055	6.080743E-8	1
157.733044	6.079473E-8	1
157.84089	6.079228E-8	1
157.94878	6.080698E-8	1
158.056201	6.079209E-8	1
158.163965	6.080131E-8	1
158.272379	6.079409E-8	1
158.381081	6.080298E-8	1
158.490093	6.079035E-8	1
158.597987	6.080911E-8	1
158.705942	6.081633E-8	1
158.815267	6.081645E-8	1
158.923492	6.080376E-8	1
159.031909	6.080711E-8	1
159.140179	6.08093E-8	1
159.248347	6.080105E-8	1
159.355062	6.080176E-8	1
159.464657	6.081194E-8	1
159.571242	6.08093E-8	1
159.678564	6.079679E-8	1
159.78668	6.08104E-8	1
159.893342	6.081504E-8	1
160.001932	6.080279E-8	1
160.114996	6.081407E-8	1
160.223041	6.081897E-8	1
160.330979	6.081665E-8	1
160.438004	6.081671E-8	1
160.547547	6.080756E-8	1
160.654425	6.080472E-8	1
160.76196	6.080782E-8	1
160.869761	6.081188E-8	1
160.978074	6.081027E-8	1
161.085503	6.079712E-8	1
161.194321	6.081091E-8	1
161.302731	6.080421E-8	1
161.410182	6.080015E-8	1
161.51758	6.081671E-8	1
161.626581	6.081355E-8	1
161.734327	6.080833E-8	1
161.842209	6.080395E-8	1
161.951309	6.081259E-8	1
162.059597	6.079647E-8	1
162.168079	6.081471E-8	1
162.275724	6.080459E-8	1
162.385288	6.080511E-8	1
162.492507	6.079886E-8	1
162.599653	6.07986E-8	1
162.708115	6.080221E-8	1
162.816742	6.081175E-8	1
162.925313	6.08287E-8	1
163.032847	6.081923E-8	1
163.142003	6.082084E-8	1
163.249684	6.081523E-8	1
163.356721	6.082658E-8	1
163.465418	6.080756E-8	1
163.572691	6.081968E-8	1
163.680179	6.08278E-8	1
163.788161	6.083502E-8	1
163.894348	6.081671E-8	1
164.002534	6.083135E-8	1
164.109665	6.081665E-8	1
164.218462	6.082406E-8	1
164.32569	6.083051E-8	1
164.433689	6.081671E-8	1
164.541886	6.082535E-8	1
164.649726	6.082567E-8	1
164.758497	6.082651E-8	1
164.865746	6.082129E-8	1
164.973464	6.083186E-8	1
165.081607	6.082297E-8	1
165.190886	6.082496E-8	1
165.300389	6.082915E-8	1
165.407313	6.08298E-8	1
165.515158	6.083695E-8	1
165.624305	6.084101E-8	1
165.731728	6.084649E-8	1
165.840062	6.084089E-8	1
165.948846	6.083914E-8	1
166.056038	6.083521E-8	1
166.164134	6.083341E-8	1
166.271301	6.083315E-8	1
166.380595	6.08394E-8	1
166.488085	6.083766E-8	1
166.596308	6.083831E-8	1
166.704311	6.083869E-8	1
166.813013	6.083089E-8	1
166.921757	6.083012E-8	1
167.030269	6.084346E-8	1
167.138954	6.084694E-8	1
167.246982	6.084501E-8	1
167.356344	6.083437E-8	1
167.464082	6.083966E-8	1
167.572836	6.084037E-8	1
167.680424	6.082709E-8	1
167.788435	6.082471E-8	1
167.896204	6.083102E-8	1
168.003041	6.083186E-8	1
168.111885	6.084391E-8	1
168.220275	6.084205E-8	1
168.32749	6.083695E-8	1
168.435642	6.084875E-8	1
168.544042	6.084449E-8	1
168.652673	6.084682E-8	1
168.761946	6.084533E-8	1
168.868999	6.084546E-8	1
168.977517	6.084121E-8	1
169.084773	6.084192E-8	1
169.191999	6.084469E-8	1
169.299513	6.084314E-8	1
169.409328	6.084617E-8	1
169.516788	6.084759E-8	1
169.625978	6.085262E-8	1
169.73271	6.084907E-8	1
169.839981	6.085455E-8	1
169.946205	6.085113E-8	1
170.053329	6.084785E-8	1
170.160763	6.085713E-8	1
170.268903	6.084327E-8	1
170.377409	6.085887E-8	1
170.485834	6.085287E-8	1
170.593946	6.084301E-8	1
170.70004	6.085442E-8	1
170.806797	6.085507E-8	1
170.913612	6.085023E-8	1
171.022869	6.085558E-8	1
171.130503	6.085139E-8	1
171.239669	6.085758E-8	1
171.347985	6.085436E-8	1
171.455801	6.085642E-8	1
171.564025	6.084662E-8	1
171.673505	6.08501E-8	1
171.783047	6.085339E-8	1
171.891026	6.084611E-8	1
171.999662	6.08501E-8	1
172.10647	6.08579E-8	1
172.213714	6.086113E-8	1
172.322803	6.086499E-8	1
172.431347	6.085294E-8	1
172.53939	6.08559E-8	1
172.648029	6.085719E-8	1
172.755944	6.086093E-8	1
172.864012	6.0861E-8	1
172.97305	6.086403E-8	1
173.081063	6.086912E-8	1
173.18876	6.086938E-8	1
173.298057	6.087221E-8	1
173.405912	6.086164E-8	1
173.514428	6.015387E-8	1
173.622151	6.090116E-8	1
173.729594	6.096065E-8	1
173.835598	6.097335E-8	1
173.942994	6.097206E-8	1
174.053046	6.097748E-8	1
174.162449	6.096794E-8	1
174.270063	6.096291E-8	1
174.37782	6.09718E-8	1
174.485245	6.096755E-8	1
174.593117	6.096929E-8	1
174.70073	6.097309E-8	1
174.808766	6.096155E-8	1
174.91665	6.097245E-8	1
175.026011	6.096478E-8	1
175.134434	6.096897E-8	1
175.243642	6.097387E-8	1
175.349673	6.098534E-8	1
175.458182	6.096955E-8	1
175.565447	6.096974E-8	1
175.672842	6.096813E-8	1
175.78119	6.097084E-8	1
175.888567	6.095846E-8	1
175.996552	6.095724E-8	1
176.105061	6.095949E-8	1
176.213104	6.096871E-8	1
176.321271	6.09593E-8	1
176.430924	6.0968E-8	1
176.537974	6.095073E-8	1
176.645952	6.095988E-8	1
176.754218	6.096574E-8	1
176.862101	6.097458E-8	1
176.969541	6.095794E-8	1
177.077857	6.097103E-8	1
177.186388	6.096961E-8	1
177.294462	6.095949E-8	1
177.402383	6.096923E-8	1
177.510179	6.096542E-8	1
177.619772	6.096259E-8	1
177.728554	6.09691E-8	1
177.836412	6.097348E-8	1
177.942977	6.096368E-8	1
178.051844	6.097831E-8	1
178.16047	6.097225E-8	1
178.267427	6.096381E-8	1
178.37547	6.096935E-8	1
178.484474	6.096671E-8	1
178.591547	6.096375E-8	1
178.700552	6.097599E-8	1
178.808296	6.098038E-8	1
178.916043	6.096942E-8	1
179.023382	6.096852E-8	1
179.131086	6.097503E-8	1
179.240065	6.098502E-8	1
179.345791	6.0972E-8	1
179.453833	6.097812E-8	1
179.561973	6.098276E-8	1
179.671171	6.098025E-8	1
179.778682	6.09776E-8	1
179.886876	6.097741E-8	1
179.995876	6.096446E-8	1
180.10296	6.096858E-8	1
180.21155	6.098553E-8	1
180.31977	6.096497E-8	1
180.426881	6.098785E-8	1
180.53474	6.098328E-8	1
180.642515	6.097947E-8	1
180.751273	6.099056E-8	1
180.859972	6.098418E-8	1
180.969832	6.098831E-8	1
181.077676	6.098528E-8	1
181.186039	6.097735E-8	1
181.294838	6.098463E-8	1
181.403008	6.098515E-8	1
181.51111	6.098263E-8	1
181.619542	6.098476E-8	1
181.726693	6.097619E-8	1
181.835506	6.099133E-8	1
181.943876	6.099778E-8	1
182.052637	6.10001E-8	1
182.160308	6.099533E-8	1
182.267993	6.099391E-8	1
182.376805	6.099198E-8	1
182.485806	6.09943E-8	1
182.594826	6.098889E-8	1
182.702606	6.09923E-8	1
182.812131	6.098141E-8	1
182.921866	6.099913E-8	1
183.029145	6.098586E-8	1
183.137006	6.099204E-8	1
183.244514	6.100455E-8	1
183.352329	6.09934E-8	1
183.461272	6.099385E-8	1
183.57031	6.100519E-8	1
183.678835	6.100229E-8	1
183.787529	6.09981E-8	1
183.894487	6.101267E-8	1
184.002563	6.102228E-8	1
184.110951	6.100081E-8	1
184.220401	6.100481E-8	1
184.327564	6.101042E-8	1
184.43554	6.101035E-8	1
184.543169	6.101254E-8	1
184.652214	6.1007E-8	1
184.759383	6.101493E-8	1
184.86591	6.100867E-8	1
184.974121	6.100635E-8	1
185.082018	6.100706E-8	1
185.190348	6.101029E-8	1
185.297263	6.100951E-8	1
185.405924	6.100313E-8	1
185.51469	6.100384E-8	1
185.621834	6.101725E-8	1
185.73045	6.098947E-8	1
185.838064	6.100468E-8	1
185.945816	6.101705E-8	1
186.054435	6.100133E-8	1
186.163311	6.103188E-8	1
186.272174	6.100352E-8	1
186.379427	6.100971E-8	1
186.486939	6.102453E-8	1
186.594542	6.100616E-8	1
186.704126	6.100635E-8	1
186.81264	6.100803E-8	1
186.920646	6.101119E-8	1
187.029876	6.101035E-8	1
187.138924	6.10108E-8	1
187.246941	6.101467E-8	1
187.355533	6.101925E-8	1
187.463181	6.102402E-8	1
187.571237	6.101654E-8	1
187.680775	6.100777E-8	1
187.788668	6.101744E-8	1
187.895966	6.103033E-8	1
188.004632	6.101054E-8	1
188.112772	6.102021E-8	1
188.221606	6.103027E-8	1
188.330682	6.100262E-8	1
188.438752	6.102163E-8	1
188.547846	6.100958E-8	1
188.6555	6.102105E-8	1
188.763829	6.103581E-8	1
188.872249	6.101996E-8	1
188.980823	6.102021E-8	1
189.088702	6.102763E-8	1
189.199989	6.101776E-8	1
189.307747	6.102834E-8	1
189.415565	6.102079E-8	1
189.522148	6.103265E-8	1
189.630909	6.101751E-8	1
189.738798	6.09845E-8	1
189.846532	6.102434E-8	1
189.954597	6.102427E-8	1
190.062209	6.100616E-8	1
190.170588	6.102898E-8	1
190.280901	6.101506E-8	1
190.389187	6.103156E-8	1
190.496341	6.102937E-8	1
190.60491	6.102859E-8	1
190.713883	6.102189E-8	1
190.822786	6.103446E-8	1
190.93225	6.101976E-8	1
191.041362	6.102872E-8	1
191.150851	6.103053E-8	1
191.258629	6.103414E-8	1
191.365979	6.103794E-8	1
191.474586	6.102763E-8	1
191.584583	6.104116E-8	1
191.692535	6.104651E-8	1
191.800823	6.103104E-8	1
191.909621	6.102821E-8	1
192.016902	6.103826E-8	1
192.125594	6.105979E-8	1
192.23238	6.103904E-8	1
192.341819	6.102827E-8	1
192.448578	6.105831E-8	1
192.556684	6.104232E-8	1
192.664598	6.103652E-8	1
192.772099	6.104071E-8	1
192.880047	6.105483E-8	1
192.986734	6.104793E-8	1
193.094599	6.104426E-8	1
193.203195	6.103891E-8	1
193.310423	6.103678E-8	1
193.418048	6.104696E-8	1
193.524601	6.103394E-8	1
193.633805	6.103994E-8	1
193.741936	6.104103E-8	1
193.849216	6.10313E-8	1
193.957047	6.103691E-8	1
194.064609	6.103104E-8	1
194.172117	6.103858E-8	1
194.280294	6.104187E-8	1
194.389697	6.10293E-8	1
194.49669	6.104342E-8	1
194.605204	6.10411E-8	1
194.713737	6.10342E-8	1
194.822115	6.104277E-8	1
194.930253	6.10217E-8	1
195.036972	6.103987E-8	1
195.145288	6.101989E-8	1
195.252575	6.103439E-8	1
195.36036	6.036085E-8	1
195.467565	6.094479E-8	1
195.574623	6.103871E-8	1
195.683257	6.107494E-8	1
195.791098	6.105322E-8	1
195.89872	6.106218E-8	1
196.006016	6.105708E-8	1
196.11406	6.106579E-8	1
196.222018	6.106301E-8	1
196.329566	6.105425E-8	1
196.438231	6.106005E-8	1
196.547674	6.10625E-8	1
196.655763	6.105915E-8	1
196.762211	6.10518E-8	1
196.870345	6.106637E-8	1
196.978212	6.107023E-8	1
197.085657	6.105625E-8	1
197.194309	6.10614E-8	1
197.301498	6.106321E-8	1
197.410309	6.106843E-8	1
197.517677	6.106695E-8	1
197.625643	6.106405E-8	1
197.733533	6.106572E-8	1
197.841841	6.106089E-8	1
197.949473	6.106417E-8	1
198.057686	6.105824E-8	1
198.165105	6.105824E-8	1
198.27388	6.106785E-8	1
198.382525	6.106592E-8	1
198.492334	6.107088E-8	1
198.600623	6.106669E-8	1
198.709625	6.106076E-8	1
198.818049	6.107526E-8	1
198.925908	6.106437E-8	1
199.034052	6.107049E-8	1
199.141241	6.106682E-8	1
199.25059	6.107604E-8	1
199.357768	6.106727E-8	1
199.464655	6.106959E-8	1
199.571795	6.108603E-8	1
199.678889	6.108158E-8	1
199.788035	6.108145E-8	1
199.895684	6.10848E-8	1
200.003331	6.107494E-8	1
200.110212	6.106353E-8	1
200.216956	6.108345E-8	1
200.324728	6.107636E-8	1
200.431934	6.108293E-8	1
200.541183	6.107178E-8	1
200.64888	6.108197E-8	1
200.756975	6.106385E-8	1
200.86567	6.1083E-8	1
200.973872	6.108454E-8	1
201.081208	6.108216E-8	1
201.188025	6.108957E-8	1
201.296791	6.109015E-8	1
201.405463	6.108145E-8	1
201.512994	6.108512E-8	1
201.621365	6.107881E-8	1
201.729235	6.106521E-8	1
201.836268	6.107069E-8	1
201.944629	6.107101E-8	1
202.053819	6.108313E-8	1
202.162129	6.108023E-8	1
202.269182	6.107926E-8	1
202.376202	6.107616E-8	1
202.484424	6.108209E-8	1
202.592523	6.108622E-8	1
202.700498	6.108119E-8	1
202.807878	6.108106E-8	1
202.916321	6.108977E-8	1
203.022479	6.108023E-8	1
203.130818	6.108171E-8	1
203.238204	6.108732E-8	1
203.345694	6.108203E-8	1
203.45471	6.108725E-8	1
203.562324	6.108255E-8	1
203.670869	6.1085E-8	1
203.77795	6.108293E-8	1
203.886059	6.108126E-8	1
203.994696	6.108693E-8	1
204.103427	6.108184E-8	1
204.211811	6.107732E-8	1
204.32017	6.107185E-8	1
204.427808	6.107359E-8	1
204.535541	6.107907E-8	1
204.643538	6.106849E-8	1
204.751194	6.107591E-8	1
204.85854	6.1077E-8	1
204.966726	6.108081E-8	1
205.074261	6.106914E-8	1
205.181977	6.109151E-8	1
205.288819	6.108042E-8	1
205.39465	6.108757E-8	1
205.503142	6.109396E-8	1
205.612308	6.108622E-8	1
205.720043	6.109041E-8	1
205.828817	6.108055E-8	1
205.935739	6.108016E-8	1
206.043605	6.108293E-8	1
206.150299	6.107907E-8	1
206.25834	6.108583E-8	1
206.366827	6.109176E-8	1
206.474717	6.108732E-8	1
206.581962	6.109673E-8	1
206.690129	6.109653E-8	1
206.799318	6.110008E-8	1
206.908321	6.109686E-8	1
207.015732	6.111284E-8	1
207.124341	6.108828E-8	1
207.232504	6.108815E-8	1
207.341484	6.108899E-8	1
207.450006	6.109692E-8	1
207.558192	6.108841E-8	1
207.665693	6.109176E-8	1
207.772939	6.110008E-8	1
207.88051	6.109885E-8	1
207.988997	6.110246E-8	1
208.09858	6.109557E-8	1
208.206149	6.11013E-8	1
208.31313	6.109518E-8	1
208.421489	6.110382E-8	1
208.530735	6.110433E-8	1
208.638284	6.109834E-8	1
208.746389	6.109718E-8	1
208.855302	6.110356E-8	1
208.96397	6.111104E-8	1
209.072633	6.110575E-8	1
209.181623	6.110833E-8	1
209.290163	6.110607E-8	1
209.399203	6.111613E-8	1
209.507076	6.111851E-8	1
209.615748	6.111587E-8	1
209.723565	6.111445E-8	1
209.831074	6.1118E-8	1
209.939358	6.110221E-8	1
210.048388	6.110343E-8	1
210.155573	6.114817E-8	1
210.263038	6.111877E-8	1
210.371698	6.112735E-8	1
210.480035	6.1116E-8	1
210.589509	6.111142E-8	1
210.698743	6.111645E-8	1
210.809839	6.112619E-8	1
210.918291	6.111368E-8	1
211.026518	6.112303E-8	1
211.135472	6.111426E-8	1
211.24486	6.110975E-8	1
211.35363	6.111903E-8	1
211.463093	6.111516E-8	1
211.570836	6.110575E-8	1
211.679876	6.111007E-8	1
211.788033	6.110633E-8	1
211.895598	6.110756E-8	1
212.003284	6.111922E-8	1
212.111924	6.111175E-8	1
212.220816	6.111407E-8	1
212.327732	6.110169E-8	1
212.436549	6.111239E-8	1
212.544093	6.109396E-8	1
212.65238	6.110698E-8	1
212.760342	6.112432E-8	1
212.869513	6.111607E-8	1
212.976992	6.111748E-8	1
213.085745	6.111117E-8	1
213.193312	6.111265E-8	1
213.301244	6.110536E-8	1
213.408818	6.11064E-8	1
213.518347	6.112219E-8	1
213.626518	6.111342E-8	1
213.734617	6.110833E-8	1
213.842531	6.111465E-8	1
213.952787	6.110711E-8	1
214.061221	6.111909E-8	1
214.16838	6.110955E-8	1
214.276865	6.110717E-8	1
214.384118	6.111342E-8	1
214.493132	6.111484E-8	1
214.601376	6.111136E-8	1
214.710883	6.112548E-8	1
214.819691	6.112142E-8	1
214.927162	6.111639E-8	1
215.035428	6.112051E-8	1
215.142597	6.11013E-8	1
215.250174	6.109963E-8	1
215.358519	6.109763E-8	1
215.467397	6.110259E-8	1
215.573859	6.111155E-8	1
215.68302	6.110169E-8	1
215.793231	6.111162E-8	1
215.900834	6.110517E-8	1
216.009158	6.11111E-8	1
216.118166	6.110968E-8	1
216.2258	6.112032E-8	1
216.333776	6.112084E-8	1
216.440546	6.112019E-8	1
216.548302	6.111001E-8	1
216.655803	6.111942E-8	1
216.764154	6.111194E-8	1
216.8726	6.111581E-8	1
216.981169	6.112212E-8	1
217.09095	6.112851E-8	1
217.200573	6.113901E-8	1
217.30837	6.111755E-8	1
217.417535	6.112986E-8	1
217.524638	6.113701E-8	1
217.633719	6.113096E-8	1
217.741415	6.113759E-8	1
217.849384	6.114875E-8	1
217.957541	6.112341E-8	1
218.065817	6.113979E-8	1
218.173465	6.114372E-8	1
218.282807	6.113618E-8	1
218.391408	6.115274E-8	1
218.499402	6.114514E-8	1
218.607214	6.039972E-8	1
218.71587	6.113469E-8	1
218.824015	6.121147E-8	1
218.932127	6.120122E-8	1
219.040391	6.119458E-8	1
219.149346	6.121127E-8	1
219.257349	6.119535E-8	1
219.365245	6.119999E-8	1
219.472967	6.120747E-8	1
219.581833	6.119922E-8	1
219.690903	6.120193E-8	1
219.798475	6.120908E-8	1
219.905765	6.118781E-8	1
220.013055	6.120276E-8	1
220.120426	6.12045E-8	1
220.228385	6.120566E-8	1
220.337835	6.12067E-8	1
220.446075	6.120199E-8	1
220.555095	6.120405E-8	1
220.663673	6.118729E-8	1
220.771798	6.118272E-8	1
220.879339	6.1196E-8	1
220.987882	6.119174E-8	1
221.09595	6.120025E-8	1
221.204497	6.119786E-8	1
221.312218	6.119838E-8	1
221.419517	6.119741E-8	1
221.528006	6.119155E-8	1
221.635848	6.120019E-8	1
221.745846	6.119896E-8	1
221.853191	6.120354E-8	1
221.960974	6.119896E-8	1
222.068839	6.119097E-8	1
222.17627	6.120476E-8	1
222.285398	6.119915E-8	1
222.394006	6.119071E-8	1
222.500659	6.121353E-8	1
222.606719	6.120322E-8	1
222.7149	6.119077E-8	1
222.823657	6.119561E-8	1
222.931395	6.121417E-8	1
223.040514	6.12123E-8	1
223.149918	6.119032E-8	1
223.258579	6.120979E-8	1
223.365955	6.118549E-8	1
223.474508	6.120702E-8	1
223.583194	6.119496E-8	1
223.692805	6.119883E-8	1
223.800432	6.119226E-8	1
223.907702	6.119651E-8	1
224.014893	6.120612E-8	1
224.123495	6.119612E-8	1
224.230913	6.120096E-8	1
224.339008	6.119999E-8	1
224.446266	6.121114E-8	1
224.553898	6.121527E-8	1
224.661099	6.120682E-8	1
224.767875	6.121076E-8	1
224.875714	6.120547E-8	1
224.984228	6.120231E-8	1
225.093617	6.121269E-8	1
225.202939	6.122152E-8	1
225.31205	6.120392E-8	1
225.419702	6.120631E-8	1
225.528089	6.12065E-8	1
225.634886	6.121211E-8	1
225.743463	6.12067E-8	1
225.851884	6.121759E-8	1
225.959751	6.120399E-8	1
226.068901	6.120773E-8	1
226.175888	6.122107E-8	1
226.283484	6.121617E-8	1
226.391553	6.12145E-8	1
226.499057	6.121875E-8	1
226.606513	6.121862E-8	1
226.714987	6.121134E-8	1
226.823521	6.122004E-8	1
226.933961	6.122204E-8	1
227.04143	6.121578E-8	1
227.148838	6.122597E-8	1
227.257826	6.122468E-8	1
227.365191	6.122494E-8	1
227.471313	6.122481E-8	1
227.579562	6.1225E-8	1
227.687871	6.122288E-8	1
227.797291	6.122913E-8	1
227.90484	6.122971E-8	1
228.012468	6.12281E-8	1
228.120385	6.122423E-8	1
228.229517	6.121972E-8	1
228.33848	6.121469E-8	1
228.445067	6.120953E-8	1
228.553716	6.121669E-8	1
228.661019	6.122939E-8	1
228.769157	6.122294E-8	1
228.876999	6.121965E-8	1
228.985753	6.12241E-8	1
229.094026	6.121398E-8	1
229.203237	6.121559E-8	1
229.311312	6.121875E-8	1
229.420539	6.122184E-8	1
229.528925	6.120953E-8	1
229.635893	6.121591E-8	1
229.744342	6.12018E-8	1
229.851612	6.122365E-8	1
229.958006	6.121669E-8	1
230.065927	6.122507E-8	1
230.173608	6.122255E-8	1
230.282152	6.121056E-8	1
230.38987	6.121862E-8	1
230.498294	6.121907E-8	1
230.607269	6.121566E-8	1
230.715907	6.121714E-8	1
230.823984	6.121134E-8	1
230.932374	6.121269E-8	1
231.040035	6.12076E-8	1
231.148623	6.122313E-8	1
231.256302	6.120992E-8	1
231.363832	6.122358E-8	1
231.471236	6.121089E-8	1
231.578409	6.121043E-8	1
231.685797	6.121224E-8	1
231.793718	6.120122E-8	1
231.900113	6.119928E-8	1
232.00914	6.121714E-8	1
232.117188	6.119516E-8	1
232.22473	6.122655E-8	1
232.331979	6.120947E-8	1
232.440385	6.120425E-8	1
232.548611	6.121437E-8	1
232.656224	6.120521E-8	1
232.764099	6.12174E-8	1
232.872063	6.120682E-8	1
232.979527	6.121269E-8	1
233.088094	6.121334E-8	1
233.195353	6.121256E-8	1
233.303406	6.121359E-8	1
233.413167	6.120824E-8	1
233.522025	6.121211E-8	1
233.630216	6.122017E-8	1
233.738154	6.121166E-8	1
233.845958	6.120463E-8	1
233.95344	6.12056E-8	1
234.063101	6.12192E-8	1
234.171637	6.122049E-8	1
234.279365	6.121785E-8	1
234.38854	6.120908E-8	1
234.496248	6.121147E-8	1
234.606098	6.121295E-8	1
234.713473	6.121385E-8	1
234.822414	6.121656E-8	1
234.929514	6.122893E-8	1
235.038817	6.122049E-8	1
235.146649	6.121759E-8	1
235.254035	6.12174E-8	1
235.36252	6.122307E-8	1
235.47117	6.123248E-8	1
235.580135	6.122707E-8	1
235.688373	6.122868E-8	1
235.796785	6.122197E-8	1
235.906107	6.121965E-8	1
236.015983	6.122268E-8	1
236.123678	6.12252E-8	1
236.231186	6.122719E-8	1
236.340125	6.123822E-8	1
236.449048	6.122474E-8	1
236.557085	6.122294E-8	1
236.665815	6.122971E-8	1
236.774448	6.123377E-8	1
236.882042	6.1229E-8	1
236.990311	6.12279E-8	1
237.098842	6.12252E-8	1
237.206206	6.123441E-8	1
237.315287	6.12359E-8	1
237.423436	6.123377E-8	1
237.531752	6.122784E-8	1
237.63979	6.123648E-8	1
237.747006	6.122919E-8	1
237.859662	6.124576E-8	1
237.967101	6.123222E-8	1
238.075996	6.124183E-8	1
238.18357	6.123673E-8	1
238.29321	6.123706E-8	1
238.400927	6.123351E-8	1
238.508657	6.121933E-8	1
238.616333	6.122642E-8	1
238.724146	6.121269E-8	1
238.833797	6.120953E-8	1
238.94145	6.122281E-8	1
239.048608	6.121334E-8	1
239.15651	6.122049E-8	1
239.264033	6.121933E-8	1
239.372236	6.122687E-8	1
239.484064	6.122919E-8	1
239.592275	6.12328E-8	1
239.699448	6.122513E-8	1
239.80771	6.122416E-8	1
239.915032	6.122881E-8	1
240.022855	6.122507E-8	1
240.132084	6.122661E-8	1
240.240571	6.123583E-8	1
240.348412	6.123074E-8	1
240.457283	6.052413E-8	1
240.566017	6.127863E-8	1
240.675012	6.135018E-8	1
240.784903	6.135225E-8	1
240.892074	6.136701E-8	1
241.000074	6.136785E-8	1
241.107871	6.136385E-8	1
241.216412	6.135921E-8	1
241.32502	6.135895E-8	1
241.433168	6.135779E-8	1
241.539913	6.136063E-8	1
241.647928	6.135747E-8	1
241.75502	6.135541E-8	1
241.863059	6.135341E-8	1
241.971274	6.13516E-8	1
242.079572	6.135985E-8	1
242.187408	6.136785E-8	1
242.2958	6.136146E-8	1
242.404035	6.135972E-8	1
242.511719	6.136005E-8	1
242.622783	6.13547E-8	1
242.730842	6.136411E-8	1
242.840496	6.137326E-8	1
242.949483	6.136314E-8	1
243.059215	6.135437E-8	1
243.16608	6.136095E-8	1
243.275033	6.13652E-8	1
243.383182	6.136301E-8	1
243.490829	6.136804E-8	1
243.598604	6.137307E-8	1
243.706677	6.13672E-8	1
243.814439	6.137107E-8	1
243.922928	6.135044E-8	1
244.030926	6.136411E-8	1
244.139167	6.135889E-8	1
244.247434	6.136217E-8	1
244.355046	6.136282E-8	1
244.463216	6.136611E-8	1
244.570611	6.136578E-8	1
244.67825	6.136907E-8	1
244.78704	6.137429E-8	1
244.89362	6.137616E-8	1
245.002054	6.138706E-8	1
245.110272	6.137423E-8	1
245.218705	6.137603E-8	1
245.32724	6.136798E-8	1
245.436681	6.137577E-8	1
245.544268	6.137565E-8	1
245.652374	6.137004E-8	1
245.761334	6.13788E-8	1
245.868753	6.137275E-8	1
245.977018	6.137642E-8	1
246.086668	6.13828E-8	1
246.19413	6.139737E-8	1
246.302395	6.138467E-8	1
246.411987	6.137784E-8	1
246.521562	6.13788E-8	1
246.629744	6.137049E-8	1
246.738505	6.137391E-8	1
246.846943	6.137391E-8	1
246.95523	6.138564E-8	1
247.062643	6.137461E-8	1
247.172536	6.13868E-8	1
247.281343	6.13839E-8	1
247.389677	6.138396E-8	1
247.497998	6.137971E-8	1
247.606009	6.13886E-8	1
247.715075	6.138751E-8	1
247.823195	6.137513E-8	1
247.931241	6.137229E-8	1
248.039189	6.138042E-8	1
248.148829	6.13761E-8	1
248.256818	6.136907E-8	1
248.366079	6.136385E-8	1
248.47464	6.135611E-8	1
248.581872	6.136114E-8	1
248.688691	6.137494E-8	1
248.79879	6.138254E-8	1
248.907454	6.138151E-8	1
249.01499	6.137597E-8	1
249.123002	6.137474E-8	1
249.230664	6.136346E-8	1
249.338413	6.136488E-8	1
249.445122	6.13761E-8	1
249.555092	6.136765E-8	1
249.662763	6.137932E-8	1
249.77071	6.137571E-8	1
249.878257	6.137449E-8	1
249.987777	6.137687E-8	1
250.096546	6.136488E-8	1
250.205114	6.137726E-8	1
250.312186	6.137449E-8	1
250.421134	6.137661E-8	1
250.529716	6.137275E-8	1
250.637492	6.137191E-8	1
250.745102	6.136991E-8	1
250.85384	6.136243E-8	1
250.961778	6.137004E-8	1
251.06997	6.136398E-8	1
251.178516	6.137178E-8	1
251.28612	6.137668E-8	1
251.395106	6.137184E-8	1
251.503441	6.137281E-8	1
251.611283	6.137661E-8	1
251.718596	6.137455E-8	1
251.826181	6.137803E-8	1
251.934503	6.137732E-8	1
252.043374	6.137249E-8	1
252.151145	6.137958E-8	1
252.259273	6.137391E-8	1
252.366504	6.137906E-8	1
252.476116	6.137055E-8	1
252.583184	6.137449E-8	1
252.691277	6.137481E-8	1
252.800092	6.137971E-8	1
252.90744	6.138274E-8	1
253.0158	6.138241E-8	1
253.124186	6.138119E-8	1
253.233289	6.138042E-8	1
253.340862	6.137758E-8	1
253.448046	6.138209E-8	1
253.554915	6.138183E-8	1
253.663635	6.138345E-8	1
253.77223	6.13828E-8	1
253.880635	6.137752E-8	1
253.98912	6.137571E-8	1
254.09648	6.136204E-8	1
254.203578	6.136862E-8	1
254.312738	6.137255E-8	1
254.420576	6.137713E-8	1
254.528444	6.138415E-8	1
254.636138	6.137964E-8	1
254.744679	6.137706E-8	1
254.852534	6.1375E-8	1
254.961162	6.137455E-8	1
255.068641	6.138383E-8	1
255.174876	6.13819E-8	1
255.28232	6.138306E-8	1
255.391125	6.137958E-8	1
255.500093	6.137706E-8	1
255.608167	6.137558E-8	1
255.717383	6.139137E-8	1
255.826373	6.139112E-8	1
255.934511	6.137913E-8	1
256.043018	6.138983E-8	1
256.150234	6.138048E-8	1
256.259435	6.138035E-8	1
256.367537	6.138448E-8	1
256.474599	6.138132E-8	1
256.583272	6.138022E-8	1
256.691594	6.137333E-8	1
256.799686	6.137848E-8	1
256.907496	6.138667E-8	1
257.0158	6.139189E-8	1
257.124663	6.137345E-8	1
257.232299	6.137745E-8	1
257.340359	6.138016E-8	1
257.448023	6.137545E-8	1
257.557309	6.138254E-8	1
257.666333	6.137242E-8	1
257.774304	6.138802E-8	1
257.883855	6.137681E-8	1
257.991306	6.138544E-8	1
258.099099	6.138822E-8	1
258.206312	6.138287E-8	1
258.313529	6.138029E-8	1
258.421672	6.138035E-8	1
258.530349	6.139157E-8	1
258.63689	6.139195E-8	1
258.746013	6.137661E-8	1
258.852721	6.13848E-8	1
258.961416	6.138435E-8	1
259.070415	6.1379E-8	1
259.179405	6.138718E-8	1
259.288629	6.137603E-8	1
259.397568	6.138171E-8	1
259.506022	6.137726E-8	1
259.613433	6.139105E-8	1
259.721671	6.13926E-8	1
259.829869	6.139872E-8	1
259.937778	6.13906E-8	1
260.047572	6.139202E-8	1
260.155233	6.138667E-8	1
260.262737	6.138757E-8	1
260.370789	6.139956E-8	1
260.479447	6.139556E-8	1
260.587584	6.14042E-8	1
260.6966	6.139763E-8	1
260.804593	6.138641E-8	1
260.912067	6.13848E-8	1
261.020394	6.13915E-8	1
261.128055	6.13897E-8	1
261.235216	6.139402E-8	1
261.343647	6.140285E-8	1
261.451887	6.139795E-8	1
261.561317	6.139788E-8	1
261.670753	6.139021E-8	1
261.778256	6.139466E-8	1
261.887221	6.139376E-8	1
261.996023	6.139769E-8	1
262.104338	6.139602E-8	1
262.214247	6.138693E-8	1
262.321692	6.139311E-8	1
262.43034	6.139041E-8	1
262.540078	6.140124E-8	1
262.648116	6.139937E-8	1
262.755923	6.140897E-8	1
262.865209	6.140375E-8	1
262.973834	6.140182E-8	1
263.08245	6.140736E-8	1
263.191187	6.139801E-8	1
263.298568	6.139898E-8	1
263.407453	6.140665E-8	1
263.515213	6.140556E-8	1
263.625408	6.140833E-8	1
263.733528	6.140897E-8	1
263.843233	6.14053E-8	1
263.952739	6.141477E-8	1
264.060889	6.140691E-8	1
264.1688	6.141658E-8	1
264.275137	6.140117E-8	1
264.383769	6.140858E-8	1
264.493883	6.141535E-8	1
264.603257	6.141754E-8	1
264.711331	6.139395E-8	1
264.820606	6.139782E-8	1
264.92865	6.140614E-8	1
265.03639	6.139305E-8	1
265.145227	6.141149E-8	1
265.25374	6.140968E-8	1
265.361355	6.140704E-8	1
265.470471	6.140839E-8	1
265.577995	6.139808E-8	1
265.686042	6.139898E-8	1
265.793657	6.139653E-8	1
265.901958	6.139756E-8	1
266.010387	6.13848E-8	1
266.116869	6.139195E-8	1
266.226237	6.138809E-8	1
266.334345	6.138216E-8	1
266.441657	6.138738E-8	1
266.549446	6.139569E-8	1
266.657759	6.139241E-8	1
266.766238	6.13926E-8	1
266.874158	6.13973E-8	1
266.980402	6.138841E-8	1
267.087349	6.139157E-8	1
267.195246	6.139988E-8	1
267.304756	6.138461E-8	1
267.413894	6.138171E-8	1
267.522273	6.138332E-8	1
267.631249	6.137339E-8	1
267.738384	6.137345E-8	1
267.847641	6.139286E-8	1
267.956329	6.138119E-8	1
268.063388	6.137519E-8	1
268.172235	6.137945E-8	1
268.280516	6.13808E-8	1
268.387942	6.139292E-8	1
268.496646	6.137913E-8	1
268.604326	6.13895E-8	1
268.7135	6.137532E-8	1
268.820566	6.137861E-8	1
268.930416	6.138435E-8	1
269.039146	6.138409E-8	1
269.146967	6.138609E-8	1
269.256026	6.139067E-8	1
269.365268	6.138016E-8	1
269.474069	6.138112E-8	1
269.580849	6.139202E-8	1
269.689742	6.138196E-8	1
269.796358	6.138622E-8	1
269.90389	6.139015E-8	1
270.01258	6.138151E-8	1
270.121341	6.13848E-8	1
270.230903	6.138061E-8	1
270.340664	6.139885E-8	1
270.447512	6.138577E-8	1
270.556277	6.138873E-8	1
270.664375	6.138538E-8	1
270.772889	6.138473E-8	1
270.881201	6.138235E-8	1
270.986999	6.13888E-8	1
271.096149	6.138654E-8	1
271.20473	6.139859E-8	1
271.314248	6.139969E-8	1
271.422455	6.138577E-8	1
271.531534	6.13915E-8	1
271.639082	6.13944E-8	1
271.74588	6.140227E-8	1
271.853821	6.140304E-8	1
271.962343	6.140091E-8	1
272.069596	6.139769E-8	1
272.178684	6.139183E-8	1
272.287707	6.140175E-8	1
272.395288	6.140839E-8	1
272.504374	6.140072E-8	1
272.612082	6.139299E-8	1
272.720866	6.140485E-8	1
272.828377	6.139879E-8	1
272.936162	6.140652E-8	1
273.043855	6.140182E-8	1
273.152727	6.140323E-8	1
273.262422	6.140104E-8	1
273.370581	6.13966E-8	1
273.480015	6.140523E-8	1
273.588719	6.140652E-8	1
273.697404	6.140465E-8	1
273.805165	6.141045E-8	1
273.914287	6.140188E-8	1
274.022516	6.139769E-8	1
274.130105	6.14022E-8	1
274.238458	6.139099E-8	1
274.346663	6.140272E-8	1
274.456307	6.14013E-8	1
274.563577	6.139685E-8	1
274.671387	6.140272E-8	1
274.779421	6.139982E-8	1
274.887402	6.140104E-8	1
274.995661	6.140388E-8	1
275.101901	6.139814E-8	1
275.209701	6.140175E-8	1
275.318547	6.139853E-8	1
275.425457	6.138918E-8	1
275.532976	6.139054E-8	1
275.639718	6.139105E-8	1
275.748437	6.138757E-8	1
275.856413	6.13625E-8	1
275.964398	6.139144E-8	1
276.073123	6.139479E-8	1
276.181777	6.139485E-8	1
276.289992	6.139692E-8	1
276.398557	6.139421E-8	1
276.505554	6.139782E-8	1
276.613561	6.13886E-8	1
276.721121	6.139163E-8	1
276.829417	6.138867E-8	1
276.937855	6.138892E-8	1
277.046718	6.139518E-8	1
277.154531	6.139647E-8	1
277.261857	6.139047E-8	1
277.369143	6.140233E-8	1
277.477457	6.139099E-8	1
277.586201	6.139776E-8	1
277.693566	6.13995E-8	1
277.800933	6.141219E-8	1
277.908806	6.141277E-8	1
278.016063	6.139827E-8	1
278.125031	6.140607E-8	1
278.232941	6.139589E-8	1
278.342024	6.139627E-8	1
278.449508	6.140549E-8	1
278.557316	6.138822E-8	1
278.665337	6.140794E-8	1
278.773937	6.141071E-8	1
278.881944	6.140233E-8	1
278.988871	6.139821E-8	1
279.098136	6.140562E-8	1
279.205273	6.141071E-8	1
279.313181	6.139827E-8	1
279.421546	6.141071E-8	1
279.529504	6.139956E-8	1
279.636078	6.13926E-8	1
279.746374	6.140917E-8	1
279.855351	6.140375E-8	1
279.963789	6.139795E-8	1
280.071012	6.140517E-8	1
280.179982	6.141664E-8	1
280.288261	6.138867E-8	1
280.39655	6.140304E-8	1
280.504291	6.140936E-8	1
280.611971	6.139982E-8	1
280.720338	6.141922E-8	1
280.828457	6.141574E-8	1
280.936759	6.141439E-8	1
281.046363	6.141194E-8	1
281.154917	6.140388E-8	1
281.262578	6.141297E-8	1
281.371413	6.14082E-8	1
281.47977	6.140929E-8	1
281.586765	6.140826E-8	1
281.694775	6.141265E-8	1
281.804408	6.141871E-8	1
281.912398	6.141825E-8	1
282.02114	6.140981E-8	1
282.12992	6.141516E-8	1
282.236701	6.140904E-8	1
282.345376	6.140904E-8	1
282.453792	6.139975E-8	1
282.562833	6.139962E-8	1
282.670505	6.141497E-8	1
282.778888	6.141297E-8	1
282.886486	6.141078E-8	1
282.994938	6.141071E-8	1
283.103945	6.141149E-8	1
283.213315	6.139531E-8	1
283.320684	6.140607E-8	1
283.429543	6.139705E-8	1
283.536094	6.139292E-8	1
283.644757	6.13946E-8	1
283.753421	6.138847E-8	1
283.861498	6.138976E-8	1
283.969819	6.138164E-8	1
284.078198	6.138299E-8	1
284.1862	6.138164E-8	1
284.294446	6.139434E-8	1
284.401805	6.138171E-8	1
284.509947	6.138686E-8	1
284.61926	6.138925E-8	1
284.727596	6.138776E-8	1
284.836254	6.137629E-8	1
284.945567	6.138886E-8	1
285.053461	6.136617E-8	1
285.161612	6.138519E-8	1
285.269391	6.137642E-8	1
285.377581	6.138306E-8	1
285.484688	6.138203E-8	1
285.593844	6.137758E-8	1
285.700566	6.137017E-8	1
285.808886	6.137216E-8	1
285.916035	6.137893E-8	1
286.024928	6.137868E-8	1
286.13311	6.13848E-8	1
286.241326	6.138183E-8	1
286.349078	6.13779E-8	1
286.457463	6.138042E-8	1
286.566412	6.137184E-8	1
286.674013	6.137732E-8	1
286.781929	6.137906E-8	1
286.889815	6.136965E-8	1
286.996775	6.138016E-8	1
287.105419	6.138519E-8	1
287.21395	6.13781E-8	1
287.322484	6.137893E-8	1
287.430868	6.13839E-8	1
287.538938	6.138589E-8	1
287.646833	6.138203E-8	1
287.754372	6.137874E-8	1
287.862211	6.137694E-8	1
287.970595	6.137764E-8	1
288.078114	6.138254E-8	1
288.185348	6.138009E-8	1
288.294459	6.064512E-8	1
288.401677	6.143849E-8	1
288.509608	6.148922E-8	1
288.618484	6.148929E-8	1
288.725429	6.149754E-8	1
288.833858	6.1492E-8	1
288.942742	6.149322E-8	1
289.049968	6.149225E-8	1
289.15891	6.148723E-8	1
289.267485	6.148323E-8	1
289.375437	6.149264E-8	1
289.48394	6.150134E-8	1
289.592373	6.150218E-8	1
289.701172	6.149831E-8	1
289.808558	6.149548E-8	1
289.916833	6.150302E-8	1
290.024421	6.148607E-8	1
290.132381	6.149335E-8	1
290.239939	6.149593E-8	1
290.346663	6.149818E-8	1
290.455448	6.148639E-8	1
290.563005	6.149071E-8	1
290.670262	6.148549E-8	1
290.776868	6.148426E-8	1
290.88604	6.149793E-8	1
290.994427	6.149638E-8	1
291.103523	6.148839E-8	1
291.212621	6.148968E-8	1
291.321068	6.150276E-8	1
291.430185	6.149335E-8	1
291.53783	6.14987E-8	1
291.645456	6.149535E-8	1
291.753952	6.148742E-8	1
291.861988	6.150308E-8	1
291.970243	6.150553E-8	1
292.076848	6.148703E-8	1
292.185836	6.149599E-8	1
292.294095	6.149135E-8	1
292.402341	6.148439E-8	1
292.511136	6.14891E-8	1
292.619454	6.148974E-8	1
292.727376	6.149142E-8	1
292.835464	6.14871E-8	1
292.943819	6.149341E-8	1
293.052683	6.149374E-8	1
293.160735	6.148084E-8	1
293.269077	6.14764E-8	1
293.376504	6.148845E-8	1
293.484175	6.147659E-8	1
293.592394	6.148619E-8	1
293.699312	6.149064E-8	1
293.808516	6.148935E-8	1
293.915592	6.149116E-8	1
294.023324	6.149483E-8	1
294.130344	6.147272E-8	1
294.236974	6.147453E-8	1
294.346081	6.148542E-8	1
294.454793	6.149561E-8	1
294.562335	6.148007E-8	1
294.67099	6.148523E-8	1
294.778603	6.14695E-8	1
294.886488	6.147472E-8	1
294.994102	6.148368E-8	1
295.103008	6.148162E-8	1
295.211953	6.148955E-8	1
295.320677	6.149393E-8	1
295.429063	6.148284E-8	1
295.536456	6.148233E-8	1
295.64549	6.148619E-8	1
295.753091	6.1486E-8	1
295.862095	6.148259E-8	1
295.970109	6.148864E-8	1
296.077888	6.147775E-8	1
296.186494	6.148458E-8	1
296.295223	6.147872E-8	1
296.40321	6.148645E-8	1
296.51379	6.148993E-8	1
296.620992	6.148433E-8	1
296.730233	6.148529E-8	1
296.838149	6.148845E-8	1
296.944656	6.148677E-8	1
297.05155	6.149122E-8	1
297.15995	6.149593E-8	1
297.268213	6.148213E-8	1
297.37693	6.149084E-8	1
297.484143	6.148381E-8	1
297.596658	6.147756E-8	1
297.703823	6.14822E-8	1
297.809964	6.148368E-8	1
297.919216	6.149799E-8	1
298.026248	6.148574E-8	1
298.134607	6.148916E-8	1
298.242915	6.148813E-8	1
298.352504	6.149026E-8	1
298.460927	6.147782E-8	1
298.568702	6.149825E-8	1
298.677022	6.148626E-8	1
298.785517	6.148368E-8	1
298.895521	6.14909E-8	1
299.004551	6.149155E-8	1
299.111534	6.150869E-8	1
299.220426	6.149773E-8	1
299.327914	6.149967E-8	1
299.435524	6.148948E-8	1
299.545029	6.148871E-8	1
299.653241	6.150656E-8	1
299.763009	6.150379E-8	1
299.871743	6.149999E-8	1
299.981211	6.150785E-8	1
300.089312	2.254001E-8	1
300.197309	1.606341E-10	0
300.305846	1.630191E-10	0
300.414855	1.612787E-10	0
300.523374	1.614076E-10	0
300.632048	1.610208E-10	0
300.739728	1.552194E-10	0
300.846988	1.580557E-10	0
300.9545	1.599895E-10	0
301.062351	1.596672E-10	0
301.17094	1.625034E-10	0
301.279658	1.565086E-10	0
301.387914	1.5754E-10	0
301.496933	1.617299E-10	0
301.605541	1.61601E-10	0
301.714002	1.596027E-10	0
301.822082	1.581846E-10	0
301.93017	1.633414E-10	0
302.039248	1.625034E-10	0
302.147782	1.614721E-10	0
302.254808	1.588292E-10	0
302.364511	1.601829E-10	0
302.474133	1.573466E-10	0
302.583268	1.588292E-10	0
302.690857	1.601829E-10	0
302.79896	1.621811E-10	0
302.906949	1.587003E-10	0
303.015678	1.562508E-10	0
303.12389	1.589581E-10	0
303.230879	1.620522E-10	0
303.339143	1.596672E-10	0
303.446563	1.577334E-10	0
303.553732	1.589581E-10	0
303.661296	1.605696E-10	0
303.769481	1.606341E-10	0
303.877682	1.608919E-10	0
303.987463	1.589581E-10	0
304.094267	1.613431E-10	0
304.201375	1.587003E-10	0
304.311562	1.579268E-10	0
304.418892	1.601184E-10	0
304.526941	1.629546E-10	0
304.635442	1.601184E-10	0
304.745606	1.589581E-10	0
304.854392	1.58378E-10	0
304.962312	1.591515E-10	0
305.06954	1.584424E-10	0
305.176896	1.56702E-10	0
305.285056	1.588292E-10	0
305.392781	1.589581E-10	0
305.499422	1.60763E-10	0
305.605902	1.574755E-10	0
305.713797	1.574755E-10	0
305.822843	1.585714E-10	0
305.931019	1.596027E-10	0
306.038188	1.594738E-10	0
306.145273	1.605052E-10	0
306.254462	1.581201E-10	0
306.363183	1.574111E-10	0
306.470763	1.592804E-10	0
306.578386	1.590226E-10	0
306.686498	1.605052E-10	0
306.796294	1.610208E-10	0
306.904829	1.594738E-10	0
307.014081	1.570888E-10	0
307.122796	1.577978E-10	0
307.231233	1.55864E-10	0
307.340718	1.569598E-10	0
307.447907	1.579912E-10	0
307.555593	1.565731E-10	0
307.663181	1.574755E-10	0
307.771049	1.568309E-10	0
307.880283	1.594738E-10	0
307.987576	1.596027E-10	0
308.096453	1.545748E-10	0
308.204597	1.588292E-10	0
308.313158	1.579268E-10	0
308.422339	1.565731E-10	0
308.531185	1.606341E-10	0
308.639683	1.598606E-10	0
308.746996	1.59087E-10	0
308.854883	1.577334E-10	0
308.963396	1.597961E-10	0
309.072019	1.553483E-10	0
309.181753	1.63148E-10	0
309.290598	1.597316E-10	0
309.398497	1.581201E-10	0
309.506614	1.580557E-10	0
309.613334	1.599895E-10	0
309.720332	1.616654E-10	0
309.828422	1.596672E-10	0
309.935617	1.588292E-10	0
310.043964	1.557351E-10	0
310.152894	1.571532E-10	0
310.261041	1.588292E-10	0
310.369137	1.589581E-10	0
310.476316	1.578623E-10	0
310.584626	1.565086E-10	0
310.693206	1.583135E-10	0
310.801342	1.585714E-10	0
310.909947	1.597316E-10	0
311.017258	1.594093E-10	0
311.125492	1.578623E-10	0
311.23413	1.569598E-10	0
311.342614	1.597316E-10	0
311.450535	1.568309E-10	0
311.563277	1.601829E-10	0
311.671257	1.579912E-10	0
311.780588	1.556062E-10	0
311.888792	1.545104E-10	0
311.996846	1.589581E-10	0
312.105182	1.591515E-10	0
312.213603	1.578623E-10	0
312.321751	1.550905E-10	0
312.430782	1.565731E-10	0
312.539133	1.570243E-10	0
312.646416	1.597316E-10	0
312.754649	1.58378E-10	0
312.862977	1.579268E-10	0
312.969147	1.564442E-10	0
313.077544	1.585069E-10	0
313.185651	1.579912E-10	0
313.293345	1.556706E-10	0
313.401551	1.570243E-10	0
313.509139	1.577334E-10	0
313.616341	1.548971E-10	0
313.725503	1.564442E-10	0
313.834073	1.596027E-10	0
313.943174	1.581846E-10	0
314.050179	1.585714E-10	0
314.159262	1.561219E-10	0
314.266876	1.569598E-10	0
314.375655	1.574111E-10	0
314.483886	1.593449E-10	0
314.592155	1.59087E-10	0
314.701409	1.614076E-10	0
314.809227	1.565086E-10	0
314.917371	1.549616E-10	0
315.026259	1.55864E-10	0
315.133427	1.596672E-10	0
315.241663	1.582491E-10	0
315.349689	1.570888E-10	0
315.459411	1.574755E-10	0
315.566944	1.559929E-10	0
315.674916	1.552839E-10	0
315.783414	1.599895E-10	0
315.891311	1.585069E-10	0
316.000365	1.569598E-10	0
316.107537	1.58378E-10	0
316.215621	1.594093E-10	0
316.323905	1.602473E-10	0
316.432921	1.591515E-10	0
316.541454	1.582491E-10	0
316.650078	1.590226E-10	0
316.758832	1.608919E-10	0
316.868805	1.601184E-10	0
316.977381	1.598606E-10	0
317.085968	1.555417E-10	0
317.193419	1.576689E-10	0
317.302479	1.596672E-10	0
317.411256	1.59216E-10	0
317.51878	1.587647E-10	0
317.626972	1.576045E-10	0
317.736104	1.576045E-10	0
317.845686	1.570888E-10	0
317.954059	1.601829E-10	0
318.06128	1.581846E-10	0
318.169652	1.59216E-10	0
318.277877	1.605696E-10	0
318.38708	1.576689E-10	0
318.494763	1.552839E-10	0
318.603591	1.572177E-10	0
318.71106	1.590226E-10	0
318.820169	1.574111E-10	0
318.927504	1.586358E-10	0
319.035705	1.565086E-10	0
319.143234	1.597961E-10	0
319.250026	1.570888E-10	0
319.357899	1.567665E-10	0
319.466628	1.588292E-10	0
319.575162	1.581846E-10	0
319.683254	1.594093E-10	0
319.790525	1.545748E-10	0
319.89676	1.539947E-10	0
320.004984	1.571532E-10	0
320.112236	1.5754E-10	0
320.220465	1.555417E-10	0
320.327855	1.553483E-10	0
320.435777	1.564442E-10	0
320.543659	1.633414E-10	0
320.652105	1.570888E-10	0
320.760559	1.565731E-10	0
320.869326	1.585069E-10	0
320.977302	1.601829E-10	0
321.085367	1.5754E-10	0
321.19465	1.593449E-10	0
321.30317	1.5754E-10	0
321.411355	1.580557E-10	0
321.518418	1.579268E-10	0
321.626563	1.585069E-10	0
321.735716	1.589581E-10	0
321.845221	1.544459E-10	0
321.95325	1.570243E-10	0
322.060796	1.572822E-10	0
322.171088	1.598606E-10	0
322.277352	1.588937E-10	0
322.385722	1.59925E-10	0
322.493737	1.572177E-10	0
322.60191	1.568954E-10	0
322.708219	1.585069E-10	0
322.81682	1.564442E-10	0
322.92448	1.593449E-10	0
323.032142	1.591515E-10	0
323.140943	1.55864E-10	0
323.247586	1.605696E-10	0
323.356066	1.593449E-10	0
323.464123	1.581201E-10	0
323.571692	1.569598E-10	0
323.679532	1.574111E-10	0
323.787758	1.574755E-10	0
323.895735	1.576045E-10	0
324.004287	1.574755E-10	0
324.112222	1.546393E-10	0
324.22088	1.566375E-10	0
324.329836	1.595383E-10	0
324.436858	1.548327E-10	0
324.543658	1.58378E-10	0
324.651507	1.560574E-10	0
324.759604	1.597316E-10	0
324.869408	1.559929E-10	0
324.977231	1.595383E-10	0
325.085748	1.594738E-10	0
325.19488	1.583135E-10	0
325.302107	1.556062E-10	0
325.40889	1.581201E-10	0
325.51714	1.565086E-10	0
325.625373	1.559929E-10	0
325.733649	1.59925E-10	0
325.840944	1.55026E-10	0
325.949122	1.537368E-10	0
326.057537	1.603118E-10	0
326.164843	1.590226E-10	0
326.274234	1.553483E-10	0
326.383046	1.574755E-10	0
326.49248	1.577978E-10	0
326.600083	1.567665E-10	0
326.707411	1.597316E-10	0
326.814723	1.560574E-10	0
326.923183	1.58378E-10	0
327.031361	1.572177E-10	0
327.139606	1.579912E-10	0
327.247004	1.557996E-10	0
327.35476	1.557996E-10	0
327.462907	1.577978E-10	0
327.571343	1.588292E-10	0
327.680739	1.554128E-10	0
327.788943	1.556706E-10	0
327.895774	1.569598E-10	0
328.003877	1.587003E-10	0
328.113281	1.561863E-10	0
328.221009	1.568309E-10	0
328.329183	1.576045E-10	0
328.436993	1.589581E-10	0
328.544036	1.579912E-10	0
328.65236	1.567665E-10	0
328.759809	1.579912E-10	0
328.869858	1.578623E-10	0
328.978629	1.572177E-10	0
329.086802	1.583135E-10	0
329.194203	1.592804E-10	0
329.303211	1.579268E-10	0
329.409817	1.559285E-10	0
329.519518	1.590226E-10	0
329.627122	1.600539E-10	0
329.734178	1.605696E-10	0
329.842292	1.606985E-10	0
329.951014	1.552194E-10	0
330.059785	1.605696E-10	0
330.167924	1.581201E-10	0
330.278183	1.588937E-10	0
330.386865	1.563797E-10	0
330.495588	1.591515E-10	0
330.60465	1.555417E-10	0
330.711949	1.585069E-10	0
330.820018	1.579912E-10	0
330.92717	1.605052E-10	0
331.036643	1.577978E-10	0
331.144053	1.588292E-10	0
331.252903	1.585069E-10	0
331.360249	1.565086E-10	0
331.468691	1.562508E-10	0
331.577612	1.586358E-10	0
331.685644	1.58378E-10	0
331.792474	1.589581E-10	0
331.899827	1.603118E-10	0
332.008641	1.574111E-10	0
332.116463	1.603762E-10	0
332.224195	1.596027E-10	0
332.332015	1.589581E-10	0
332.439999	1.596672E-10	0
332.548444	1.574755E-10	0
332.655815	1.603762E-10	0
332.764041	1.596672E-10	0
332.870846	1.609564E-10	0
332.978404	1.571532E-10	0
333.08568	1.554128E-10	0
333.192851	1.573466E-10	0
333.30173	1.59216E-10	0
333.409969	1.598606E-10	0
333.516558	1.595383E-10	0
333.624272	1.587647E-10	0
333.732599	1.587003E-10	0
333.841708	1.594738E-10	0
333.948927	1.59925E-10	0
334.055828	1.584424E-10	0
334.164144	1.577978E-10	0
334.272151	1.563797E-10	0
334.379291	1.572177E-10	0
334.486766	1.570888E-10	0
334.594598	1.580557E-10	0
334.702673	1.560574E-10	0
334.810953	1.585069E-10	0
334.918174	1.571532E-10	0
335.032057	1.572822E-10	0
335.14008	1.600539E-10	0
335.248862	1.586358E-10	0
335.355837	1.585714E-10	0
335.463665	1.601829E-10	0
335.570509	1.586358E-10	0
335.678292	1.594738E-10	0
335.786796	1.586358E-10	0
335.89462	1.561863E-10	0
336.002566	1.565731E-10	0
336.11134	1.581201E-10	0
336.219347	1.557996E-10	0
336.327416	1.59087E-10	0
336.437622	1.570888E-10	0
336.548561	1.577334E-10	0
336.656516	1.585714E-10	0
336.764772	1.568309E-10	0
336.872982	1.552839E-10	0
336.980986	1.576689E-10	0
337.088035	1.581846E-10	0
337.197135	1.579912E-10	0
337.305854	1.592804E-10	0
337.414795	1.582491E-10	0
337.522438	1.601829E-10	0
337.630466	1.596672E-10	0
337.737236	1.570243E-10	0
337.846745	1.589581E-10	0
337.954186	1.606985E-10	0
338.062358	1.568954E-10	0
338.171489	1.604407E-10	0
338.281312	1.608919E-10	0
338.389346	1.590226E-10	0
338.496636	1.603762E-10	0
338.604019	1.606341E-10	0
338.713781	1.581201E-10	0
338.819967	1.592804E-10	0
338.928052	1.59087E-10	0
339.036274	1.601184E-10	0
339.144085	1.594093E-10	0
339.253345	1.606985E-10	0
339.362515	1.596027E-10	0
339.469368	1.598606E-10	0
339.57896	1.58378E-10	0
339.688061	1.594738E-10	0
339.794816	1.604407E-10	0
339.90219	1.585069E-10	0
340.009773	1.583135E-10	0
340.116877	1.60763E-10	0
340.224426	1.611498E-10	0
340.332325	1.579912E-10	0
340.438981	1.588292E-10	0
340.548099	1.592804E-10	0
340.655882	1.600539E-10	0
340.764947	1.603762E-10	0
340.873698	1.577334E-10	0
340.980541	1.606341E-10	0
341.087558	1.55864E-10	0
341.194823	1.571532E-10	0
341.303599	1.576689E-10	0
341.411223	1.561863E-10	0
341.519909	1.591515E-10	0
341.628037	1.579912E-10	0
341.736878	1.570243E-10	0
341.843485	1.585069E-10	0
341.952286	1.588292E-10	0
342.059823	1.614721E-10	0
342.169436	1.59216E-10	0
342.278275	1.563797E-10	0
342.385896	1.579268E-10	0
342.494227	1.59216E-10	0
342.603861	1.578623E-10	0
342.711646	1.590226E-10	0
342.819032	1.588292E-10	0
342.927807	1.592804E-10	0
343.035244	1.579912E-10	0
343.144544	1.603118E-10	0
343.25054	1.587003E-10	0
343.359245	1.565086E-10	0
343.467809	1.585069E-10	0
343.576911	1.573466E-10	0
343.683418	1.588937E-10	0
343.79144	1.603118E-10	0
343.898224	1.608275E-10	0
344.006547	1.626323E-10	0
344.113779	1.555417E-10	0
344.221146	1.576689E-10	0
344.329458	1.599895E-10	0
344.436181	1.596027E-10	0
344.544896	1.572822E-10	0
344.652732	1.549616E-10	0
344.760672	1.579912E-10	0
344.867919	1.576689E-10	0
344.97612	1.585069E-10	0
345.084394	1.597961E-10	0
345.193667	1.597316E-10	0
345.30182	1.563797E-10	0
345.409918	1.591515E-10	0
345.517335	1.563797E-10	0
345.625924	1.606985E-10	0
345.734378	1.579912E-10	0
345.842353	1.585069E-10	0
345.950556	1.581846E-10	0
346.05884	1.583135E-10	0
346.166581	1.562508E-10	0
346.276951	1.589581E-10	0
346.385873	1.560574E-10	0
346.493214	1.573466E-10	0
346.60205	1.561219E-10	0
346.710288	1.569598E-10	0
346.819872	1.608919E-10	0
346.927784	1.574111E-10	0
347.036517	1.596027E-10	0
347.145428	1.595383E-10	0
347.25483	1.590226E-10	0
347.363821	1.605052E-10	0
347.471168	1.587003E-10	0
347.580519	1.560574E-10	0
347.687203	1.603762E-10	0
347.795596	1.556706E-10	0
347.904058	1.5754E-10	0
348.010365	1.563797E-10	0
348.117271	1.580557E-10	0
348.2258	1.569598E-10	0
348.334727	1.60763E-10	0
348.442066	1.600539E-10	0
348.5493	1.572822E-10	0
348.656636	1.566375E-10	0
348.764792	1.577978E-10	0
348.87353	1.574755E-10	0
348.981726	1.559285E-10	0
349.090657	1.549616E-10	0
349.19966	1.586358E-10	0
349.306942	1.570888E-10	0
349.415427	1.582491E-10	0
349.523536	1.563152E-10	0
349.631822	1.559929E-10	0
349.73923	1.570243E-10	0
349.84785	1.577978E-10	0
349.955962	1.602473E-10	0
350.063288	1.585069E-10	0
350.172398	1.586358E-10	0
350.280053	1.578623E-10	0
350.387186	1.594738E-10	0
350.496973	1.544459E-10	0
350.604125	1.583135E-10	0
350.713545	1.563797E-10	0
350.821331	1.576689E-10	0
350.928996	1.554128E-10	0
351.036979	1.598606E-10	0
351.144708	1.581201E-10	0
351.251978	1.565731E-10	0
351.359588	1.617299E-10	0
351.466908	1.553483E-10	0
351.574472	1.564442E-10	0
351.681409	1.576689E-10	0
351.789825	1.583135E-10	0
351.899087	1.604407E-10	0
352.007364	1.555417E-10	0
352.115093	1.55155E-10	0
352.221687	1.582491E-10	0
352.330118	1.587647E-10	0
352.439464	1.579268E-10	0
352.547745	1.570243E-10	0
352.656156	1.528344E-10	0
352.764157	1.563152E-10	0
352.873076	1.579912E-10	0
352.982299	1.557996E-10	0
353.090479	1.587003E-10	0
353.197769	1.589581E-10	0
353.305994	1.556706E-10	0
353.41518	1.561219E-10	0
353.522249	1.566375E-10	0
353.630097	1.567665E-10	0
353.737389	1.567665E-10	0
353.845331	1.56702E-10	0
353.95336	1.557996E-10	0
354.060232	1.572822E-10	0
354.168356	1.585714E-10	0
354.277023	1.592804E-10	0
354.385015	1.571532E-10	0
354.49128	1.573466E-10	0
354.599009	1.548971E-10	0
354.706469	1.596672E-10	0
354.814111	1.590226E-10	0
354.923482	1.548971E-10	0
355.034328	1.556706E-10	0
355.14195	1.543814E-10	0
355.24979	1.576045E-10	0
355.358019	1.59925E-10	0
355.466302	1.561863E-10	0
355.574561	1.56702E-10	0
355.683384	1.538658E-10	0
355.791292	1.578623E-10	0
355.89956	1.5754E-10	0
356.006783	1.566375E-10	0
356.115767	1.566375E-10	0
356.224581	1.585069E-10	0
356.33273	1.587647E-10	0
356.441173	1.614721E-10	0
356.55014	1.59925E-10	0
356.657943	1.553483E-10	0
356.767022	1.565731E-10	0
356.874913	1.585714E-10	0
356.982777	1.605052E-10	0
357.089341	1.577978E-10	0
357.197204	1.564442E-10	0
357.305358	1.560574E-10	0
357.41379	1.570888E-10	0
357.521993	1.534145E-10	0
357.630262	1.606341E-10	0
357.738646	1.576689E-10	0
357.846847	1.538013E-10	0
357.956514	1.532212E-10	0
358.065375	1.569598E-10	0
358.173119	1.574755E-10	0
358.282177	1.59087E-10	0
358.389893	1.581846E-10	0
358.497029	1.598606E-10	0
358.605403	1.571532E-10	0
358.712666	1.542525E-10	0
358.819416	1.572177E-10	0
358.927049	1.597961E-10	0
359.035512	1.59216E-10	0
359.143045	1.586358E-10	0
359.250473	1.559929E-10	0
359.358227	1.566375E-10	0
359.467435	1.556706E-10	0
359.576046	1.550905E-10	0
359.683756	1.594093E-10	0
359.791786	1.572822E-10	0
359.899377	1.541881E-10	0
360.007893	1.562508E-10	0
