Time,s	TEY,A	Shutter
0	1.588937E-10	0
0.107223	1.571532E-10	0
0.213456	1.570243E-10	0
0.321483	1.590226E-10	0
0.428522	1.587647E-10	0
0.535748	1.55864E-10	0
0.642649	1.569598E-10	0
0.749874	1.563152E-10	0
0.857103	1.603118E-10	0
0.964346	1.565086E-10	0
1.071604	1.582491E-10	0
1.178983	1.579268E-10	0
1.286756	1.56702E-10	0
1.394583	1.545748E-10	0
1.50122	1.610208E-10	0
1.610667	1.574111E-10	0
1.719556	1.587003E-10	0
1.826931	1.58378E-10	0
1.935095	1.596672E-10	0
2.044512	1.554773E-10	0
2.152048	1.566375E-10	0
2.259382	1.589581E-10	0
2.367693	1.598606E-10	0
2.475731	1.56702E-10	0
2.583792	1.591515E-10	0
2.694108	1.583135E-10	0
2.803494	1.594093E-10	0
2.910831	1.561863E-10	0
3.019109	1.605052E-10	0
3.128022	1.536079E-10	0
3.23511	1.563797E-10	0
3.343345	1.535435E-10	0
3.451218	1.559285E-10	0
3.55829	1.588292E-10	0
3.66573	1.618588E-10	0
3.772657	1.565731E-10	0
3.880286	1.561219E-10	0
3.988993	1.570243E-10	0
4.096739	1.576689E-10	0
4.204125	1.571532E-10	0
4.311127	1.562508E-10	0
4.417684	1.581846E-10	0
4.526162	1.571532E-10	0
4.633867	1.593449E-10	0
4.742582	1.579912E-10	0
4.851559	1.594738E-10	0
4.959502	1.565731E-10	0
5.068444	1.588292E-10	0
5.176212	1.581201E-10	0
5.283885	1.581846E-10	0
5.392144	1.584424E-10	0
5.499263	1.540591E-10	0
5.606964	1.568309E-10	0
5.715183	1.598606E-10	0
5.823061	1.587647E-10	0
5.930756	1.577978E-10	0
6.039854	1.554773E-10	0
6.146441	1.571532E-10	0
6.254571	1.565731E-10	0
6.362501	1.609564E-10	0
6.469485	1.560574E-10	0
6.577237	1.569598E-10	0
6.685113	1.552839E-10	0
6.794732	1.569598E-10	0
6.902888	1.5754E-10	0
7.009383	1.605696E-10	0
7.118006	1.570888E-10	0
7.226611	1.580557E-10	0
7.336765	1.593449E-10	0
7.444753	1.590226E-10	0
7.551859	1.55155E-10	0
7.659124	1.552194E-10	0
7.765197	1.577334E-10	0
7.873673	1.562508E-10	0
7.980465	1.574755E-10	0
8.088749	1.570243E-10	0
8.198138	1.573466E-10	0
8.306773	1.583135E-10	0
8.414112	1.566375E-10	0
8.522315	1.571532E-10	0
8.629519	1.594093E-10	0
8.738494	1.577978E-10	0
8.848223	1.55864E-10	0
8.957357	1.566375E-10	0
9.067543	1.604407E-10	0
9.176462	1.590226E-10	0
9.284749	1.577978E-10	0
9.39348	1.552839E-10	0
9.503162	1.588292E-10	0
9.610003	1.570243E-10	0
9.718481	1.557351E-10	0
9.825793	1.572177E-10	0
9.934547	1.570243E-10	0
10.042218	1.576689E-10	0
10.149296	1.577978E-10	0
10.257112	1.579912E-10	0
10.365713	1.567665E-10	0
10.473638	1.59925E-10	0
10.580525	1.561863E-10	0
10.689672	1.577978E-10	0
10.796986	1.555417E-10	0
10.904693	1.590226E-10	0
11.01323	1.588937E-10	0
11.121658	1.577978E-10	0
11.230345	1.583135E-10	0
11.339215	1.590226E-10	0
11.446809	1.583135E-10	0
11.554677	1.572822E-10	0
11.661683	1.549616E-10	0
11.769109	1.569598E-10	0
11.87719	1.583135E-10	0
11.985568	1.595383E-10	0
12.092766	1.56702E-10	0
12.201393	1.565086E-10	0
12.309954	1.563797E-10	0
12.417243	1.567665E-10	0
12.525043	1.581201E-10	0
12.631942	1.576689E-10	0
12.739298	1.56702E-10	0
12.847183	1.561219E-10	0
12.954582	1.564442E-10	0
13.063094	1.572177E-10	0
13.171671	1.566375E-10	0
13.2798	1.605052E-10	0
13.388285	1.556706E-10	0
13.49682	1.568309E-10	0
13.60389	1.55864E-10	0
13.711692	1.606985E-10	0
13.819936	1.574111E-10	0
13.928196	1.579912E-10	0
14.037215	1.549616E-10	0
14.146957	1.564442E-10	0
14.253924	1.556062E-10	0
14.362362	1.570888E-10	0
14.470261	1.541236E-10	0
14.578141	1.576689E-10	0
14.687546	1.554773E-10	0
14.796064	1.539947E-10	0
14.904443	1.585714E-10	0
15.011999	1.563152E-10	0
15.121205	1.560574E-10	0
15.228229	1.55864E-10	0
15.335124	1.543814E-10	0
15.444507	1.59087E-10	0
15.552519	1.568309E-10	0
15.661427	1.569598E-10	0
15.769746	1.608919E-10	0
15.87684	1.582491E-10	0
15.98585	1.574111E-10	0
16.095671	1.579268E-10	0
16.202897	1.557996E-10	0
16.310134	1.595383E-10	0
16.416026	1.555417E-10	0
16.525505	1.554773E-10	0
16.632605	1.536724E-10	0
16.742219	1.612142E-10	0
16.85167	1.586358E-10	0
16.960264	1.555417E-10	0
17.06776	1.576689E-10	0
17.174297	1.565086E-10	0
17.283747	1.556062E-10	0
17.390871	1.54317E-10	0
17.500515	1.581201E-10	0
17.60916	1.566375E-10	0
17.718084	1.577978E-10	0
17.825739	1.563797E-10	0
17.933227	1.576045E-10	0
18.039529	1.625679E-10	0
18.146684	1.576045E-10	0
18.254328	1.560574E-10	0
18.363333	1.567665E-10	0
18.470637	1.574111E-10	0
18.579653	1.559929E-10	0
18.688164	1.565731E-10	0
18.794444	1.572177E-10	0
18.903291	1.589581E-10	0
19.011495	1.545104E-10	0
19.117725	1.587647E-10	0
19.225995	1.556706E-10	0
19.33429	1.565086E-10	0
19.44153	1.563797E-10	0
19.549855	1.554773E-10	0
19.657534	1.570243E-10	0
19.764637	1.560574E-10	0
19.872884	1.524476E-10	0
19.979798	1.593449E-10	0
20.087553	1.537368E-10	0
20.195234	1.580557E-10	0
20.303476	1.530922E-10	0
20.409685	1.524476E-10	0
20.518254	1.550905E-10	0
20.627654	1.572822E-10	0
20.735291	1.548327E-10	0
20.845194	1.567665E-10	0
20.953387	1.554773E-10	0
21.061003	1.574755E-10	0
21.169415	1.556706E-10	0
21.279139	1.597316E-10	0
21.38869	1.547037E-10	0
21.495373	1.572822E-10	0
21.602787	1.564442E-10	0
21.710629	1.571532E-10	0
21.819165	1.513518E-10	0
21.927077	1.559929E-10	0
22.035063	1.572177E-10	0
22.142974	1.545748E-10	0
22.251448	1.579912E-10	0
22.358323	1.553483E-10	0
22.467289	1.552194E-10	0
22.575027	1.566375E-10	0
22.684212	1.544459E-10	0
22.793667	1.572822E-10	0
22.901578	1.55026E-10	0
23.008782	1.542525E-10	0
23.116634	1.565731E-10	0
23.224405	1.556062E-10	0
23.333997	1.55155E-10	0
23.442495	1.548971E-10	0
23.551237	1.576045E-10	0
23.658189	1.594093E-10	0
23.766908	1.567665E-10	0
23.874453	1.559285E-10	0
23.983529	1.556706E-10	0
24.091621	1.571532E-10	0
24.199757	1.544459E-10	0
24.307303	1.548327E-10	0
24.416993	1.576689E-10	0
24.524757	1.538013E-10	0
24.633079	1.548971E-10	0
24.741349	1.565731E-10	0
24.849603	1.560574E-10	0
24.957976	1.562508E-10	0
25.065228	1.539947E-10	0
25.172719	1.587003E-10	0
25.281101	1.55864E-10	0
25.38914	1.561863E-10	0
25.497541	1.563152E-10	0
25.605922	1.547682E-10	0
25.714927	1.555417E-10	0
25.824333	1.577978E-10	0
25.933871	1.583135E-10	0
26.041969	1.545104E-10	0
26.149249	1.58378E-10	0
26.256096	1.588937E-10	0
26.363997	1.568309E-10	0
26.472453	1.613431E-10	0
26.581365	1.559929E-10	0
26.689655	1.594093E-10	0
26.798507	1.579912E-10	0
26.906935	1.572177E-10	0
27.015362	1.5754E-10	0
27.12248	1.573466E-10	0
27.230008	1.555417E-10	0
27.337417	1.577334E-10	0
27.445941	1.556062E-10	0
27.554085	1.592804E-10	0
27.662147	1.569598E-10	0
27.76904	1.590226E-10	0
27.87936	1.559285E-10	0
27.988338	1.568309E-10	0
28.095942	1.563797E-10	0
28.203584	1.588292E-10	0
28.31153	1.568309E-10	0
28.419884	1.585714E-10	0
28.527582	1.548971E-10	0
28.637247	1.568954E-10	0
28.746932	1.548971E-10	0
28.854214	1.53479E-10	0
28.962453	1.556062E-10	0
29.070141	1.568954E-10	0
29.178985	1.589581E-10	0
29.285957	1.587647E-10	0
29.393857	1.582491E-10	0
29.50035	1.532856E-10	0
29.610183	1.51932E-10	0
29.717648	1.568309E-10	0
29.824798	1.535435E-10	0
29.932407	1.561863E-10	0
30.041492	1.54317E-10	0
30.148633	1.577334E-10	0
30.257356	1.579912E-10	0
30.365818	1.565086E-10	0
30.474267	1.56702E-10	0
30.583046	1.589581E-10	0
30.692048	1.533501E-10	0
30.799901	1.59087E-10	0
30.90736	1.588292E-10	0
31.015969	1.557351E-10	0
31.123286	1.574755E-10	0
31.231871	1.574755E-10	0
31.339827	1.588292E-10	0
31.448344	1.577334E-10	0
31.558147	1.570243E-10	0
31.665974	1.59216E-10	0
31.774388	1.596027E-10	0
31.88209	1.582491E-10	0
31.989743	1.590226E-10	0
32.097911	1.583135E-10	0
32.206995	1.550905E-10	0
32.314769	1.563152E-10	0
32.422477	1.568954E-10	0
32.530379	1.561219E-10	0
32.637017	1.544459E-10	0
32.746986	1.563152E-10	0
32.854718	1.55864E-10	0
32.962078	1.581846E-10	0
33.070934	1.597316E-10	0
33.179636	1.548971E-10	0
33.287383	1.580557E-10	0
33.396988	1.562508E-10	0
33.506095	1.58378E-10	0
33.613198	1.563797E-10	0
33.72137	1.560574E-10	0
33.830051	1.567665E-10	0
33.938859	1.576045E-10	0
34.047102	1.5754E-10	0
34.153843	1.595383E-10	0
34.26256	1.560574E-10	0
34.372011	1.569598E-10	0
34.479697	1.573466E-10	0
34.587966	1.598606E-10	0
34.696004	1.567665E-10	0
34.803698	1.561219E-10	0
34.913621	1.563797E-10	0
35.022906	1.568954E-10	0
35.13203	1.571532E-10	0
35.241098	1.579268E-10	0
35.349116	1.556062E-10	0
35.456957	1.552194E-10	0
35.565677	1.557996E-10	0
35.674301	1.586358E-10	0
35.783253	1.569598E-10	0
35.891079	1.565086E-10	0
35.999864	1.571532E-10	0
36.107898	1.585069E-10	0
36.216119	1.552194E-10	0
36.325333	1.532856E-10	0
36.434521	1.559285E-10	0
36.543399	1.589581E-10	0
36.652345	1.581201E-10	0
36.761621	1.556706E-10	0
36.869055	1.614721E-10	0
36.978115	1.564442E-10	0
37.086493	1.582491E-10	0
37.19408	1.581201E-10	0
37.301578	1.58378E-10	0
37.409119	1.566375E-10	0
37.517293	1.555417E-10	0
37.626399	1.563797E-10	0
37.733152	1.547682E-10	0
37.841825	1.555417E-10	0
37.949438	1.544459E-10	0
38.05701	1.5754E-10	0
38.166033	1.541881E-10	0
38.273234	1.59087E-10	0
38.382276	1.591515E-10	0
38.490969	1.566375E-10	0
38.59991	1.587647E-10	0
38.707425	1.565086E-10	0
38.816346	1.5754E-10	0
38.925119	1.554773E-10	0
39.033598	1.583135E-10	0
39.141132	1.576045E-10	0
39.250077	1.611498E-10	0
39.357393	1.537368E-10	0
39.467021	1.556062E-10	0
39.575666	1.556706E-10	0
39.685026	1.608919E-10	0
39.792629	1.557996E-10	0
39.901424	1.600539E-10	0
40.009012	1.576045E-10	0
40.11705	1.587647E-10	0
40.225319	1.570243E-10	0
40.334	1.576045E-10	0
40.441072	1.563797E-10	0
40.548333	1.579268E-10	0
40.656519	1.556706E-10	0
40.764658	1.576045E-10	0
40.872219	1.590226E-10	0
40.979745	1.588937E-10	0
41.087574	1.567665E-10	0
41.195331	1.581201E-10	0
41.303779	1.596027E-10	0
41.412105	1.570243E-10	0
41.520463	1.572822E-10	0
41.628609	1.580557E-10	0
41.736066	1.582491E-10	0
41.846731	1.591515E-10	0
41.954573	1.53479E-10	0
42.061839	1.597961E-10	0
42.169881	1.566375E-10	0
42.277073	1.559285E-10	0
42.384652	1.579912E-10	0
42.492941	1.597961E-10	0
42.601804	1.561863E-10	0
42.70891	1.610208E-10	0
42.818251	1.565731E-10	0
42.926685	1.595383E-10	0
43.034032	1.535435E-10	0
43.142048	1.576689E-10	0
43.250423	1.597316E-10	0
43.357785	1.583135E-10	0
43.465965	1.59216E-10	0
43.57462	1.595383E-10	0
43.683695	1.579268E-10	0
43.79182	1.62439E-10	0
43.90055	1.577334E-10	0
44.008558	1.621167E-10	0
44.117347	1.564442E-10	0
44.224761	1.594093E-10	0
44.331474	1.561863E-10	0
44.439888	1.560574E-10	0
44.54669	1.572822E-10	0
44.654594	1.571532E-10	0
44.762849	1.593449E-10	0
44.871365	1.563152E-10	0
44.979795	1.536724E-10	0
45.087306	1.547682E-10	0
45.196556	1.574111E-10	0
45.30501	1.571532E-10	0
45.413599	1.572177E-10	0
45.521634	1.559285E-10	0
45.629601	1.552194E-10	0
45.73733	1.591515E-10	0
45.846325	1.570243E-10	0
45.954504	1.597961E-10	0
46.061838	1.591515E-10	0
46.169749	1.579912E-10	0
46.278576	1.571532E-10	0
46.385127	1.627613E-10	0
46.495039	1.550905E-10	0
46.601956	1.577978E-10	0
46.710462	1.546393E-10	0
46.819082	1.604407E-10	0
46.928128	1.556062E-10	0
47.036117	1.571532E-10	0
47.144987	1.561863E-10	0
47.254849	1.594738E-10	0
47.361615	1.5754E-10	0
47.469217	1.559285E-10	0
47.576061	1.565731E-10	0
47.683188	1.577978E-10	0
47.790542	1.565086E-10	0
47.898746	1.571532E-10	0
48.007073	1.570888E-10	0
48.113904	1.600539E-10	0
48.222163	1.614076E-10	0
48.328961	1.601184E-10	0
48.435905	1.583135E-10	0
48.545745	1.582491E-10	0
48.653979	1.594738E-10	0
48.762795	1.578623E-10	0
48.87096	1.574755E-10	0
48.979112	1.595383E-10	0
49.087915	1.600539E-10	0
49.195273	1.585069E-10	0
49.303728	1.577334E-10	0
49.412372	1.591515E-10	0
49.521547	1.576689E-10	0
49.630595	1.608275E-10	0
49.738746	1.576689E-10	0
49.847132	1.573466E-10	0
49.954841	1.588292E-10	0
50.062205	1.573466E-10	0
50.170432	1.573466E-10	0
50.277096	1.59087E-10	0
50.384392	1.577334E-10	0
50.492901	1.591515E-10	0
50.602198	1.576045E-10	0
50.709047	1.58378E-10	0
50.81753	1.594738E-10	0
50.92573	1.597316E-10	0
51.033448	1.578623E-10	0
51.14158	1.576045E-10	0
51.24856	1.566375E-10	0
51.357266	1.602473E-10	0
51.465745	1.599895E-10	0
51.574526	1.5754E-10	0
51.681815	1.589581E-10	0
51.789743	1.601829E-10	0
51.898596	1.595383E-10	0
52.005628	1.594738E-10	0
52.11467	1.579912E-10	0
52.222978	1.577978E-10	0
52.332727	1.585069E-10	0
52.440555	1.552839E-10	0
52.550404	1.536724E-10	0
52.657666	1.56702E-10	0
52.765661	1.577978E-10	0
52.873977	1.568309E-10	0
52.981569	1.585069E-10	0
53.090825	1.594738E-10	0
53.198492	1.580557E-10	0
53.305263	1.589581E-10	0
53.41413	1.581201E-10	0
53.522375	1.593449E-10	0
53.631306	1.533501E-10	0
53.740261	1.578623E-10	0
53.847515	1.570243E-10	0
53.954268	1.601184E-10	0
54.061688	1.5754E-10	0
54.170077	1.572822E-10	0
54.277566	1.562508E-10	0
54.386176	1.591515E-10	0
54.494701	1.576689E-10	0
54.603342	1.572177E-10	0
54.710153	1.605052E-10	0
54.818192	1.591515E-10	0
54.925628	1.579912E-10	0
55.033795	1.586358E-10	0
55.140779	1.572822E-10	0
55.24975	1.559285E-10	0
55.359074	1.574111E-10	0
55.466468	1.587003E-10	0
55.574288	1.577978E-10	0
55.682672	1.601184E-10	0
55.790964	1.585069E-10	0
55.899168	1.598606E-10	0
56.0074	1.561219E-10	0
56.115627	1.585069E-10	0
56.224917	1.605052E-10	0
56.332594	1.629546E-10	0
56.439866	1.59216E-10	0
56.547707	1.554128E-10	0
56.654262	1.593449E-10	0
56.763507	1.568309E-10	0
56.872185	1.587003E-10	0
56.981247	1.580557E-10	0
57.090243	1.572177E-10	0
57.199475	1.620522E-10	0
57.307734	1.588292E-10	0
57.41547	1.594738E-10	0
57.523667	1.564442E-10	0
57.632714	1.584424E-10	0
57.74445	1.593449E-10	0
57.853018	1.573466E-10	0
57.961159	1.5754E-10	0
58.069955	1.574111E-10	0
58.177599	1.565731E-10	0
58.285515	1.55864E-10	0
58.394019	1.55864E-10	0
58.502413	1.59216E-10	0
58.609575	1.593449E-10	0
58.716856	1.591515E-10	0
58.825194	1.563797E-10	0
58.932178	1.56702E-10	0
59.040514	1.566375E-10	0
59.148695	1.56702E-10	0
59.257227	1.554128E-10	0
59.364914	1.570888E-10	0
59.472949	1.590226E-10	0
59.582155	1.566375E-10	0
59.688689	1.577978E-10	0
59.797112	1.608919E-10	0
59.905857	1.565086E-10	0
60.014556	7.360507E-8	0
60.125596	9.14696E-8	1
60.235838	8.798424E-8	1
60.345531	8.485406E-8	1
60.454336	8.215776E-8	1
60.564237	7.98809E-8	1
60.672394	7.792274E-8	1
60.780135	7.626508E-8	1
60.889374	7.482994E-8	1
60.998798	7.362448E-8	1
61.108561	7.258267E-8	1
61.216196	7.169132E-8	1
61.324578	7.089736E-8	1
61.43366	7.019726E-8	1
61.543066	6.959372E-8	1
61.650305	6.903086E-8	1
61.75876	6.854676E-8	1
61.866989	6.810057E-8	1
61.976449	6.769118E-8	1
62.084213	6.733027E-8	1
62.19362	6.701255E-8	1
62.303239	6.671777E-8	1
62.411648	6.644575E-8	1
62.520281	6.62077E-8	1
62.628462	6.597023E-8	1
62.737459	6.575152E-8	1
62.846261	6.553803E-8	1
62.954517	6.535361E-8	1
63.063762	6.518659E-8	1
63.171728	6.501429E-8	1
63.280222	6.48561E-8	1
63.387378	6.470172E-8	1
63.495716	6.456345E-8	1
63.604177	6.443389E-8	1
63.712378	6.430452E-8	1
63.819546	6.419274E-8	1
63.927914	6.407575E-8	1
64.037259	6.395998E-8	1
64.144964	6.38698E-8	1
64.253767	6.374797E-8	1
64.361306	6.366694E-8	1
64.470324	6.357522E-8	1
64.578046	6.348523E-8	1
64.685803	6.339363E-8	1
64.792926	6.330971E-8	1
64.900984	6.323467E-8	1
65.009649	6.31503E-8	1
65.118729	6.309654E-8	1
65.226455	6.301055E-8	1
65.33463	6.295305E-8	1
65.442677	6.287931E-8	1
65.549985	6.282458E-8	1
65.65876	6.275451E-8	1
65.767138	6.270307E-8	1
65.875646	6.2635E-8	1
65.985424	6.258343E-8	1
66.093995	6.252729E-8	1
66.202612	6.247469E-8	1
66.310318	6.242809E-8	1
66.421965	6.238103E-8	1
66.529951	6.233172E-8	1
66.639398	6.22873E-8	1
66.748146	6.224334E-8	1
66.856623	6.13866E-8	1
66.964227	6.21422E-8	1
67.072499	6.213537E-8	1
67.181908	6.210849E-8	1
67.292652	6.206086E-8	1
67.401999	6.201657E-8	1
67.510152	6.199408E-8	1
67.619185	6.194554E-8	1
67.727183	6.190809E-8	1
67.83508	6.18832E-8	1
67.943383	6.183421E-8	1
68.05312	6.179786E-8	1
68.16229	6.171374E-8	1
68.269526	6.165153E-8	1
68.377683	6.160699E-8	1
68.485608	6.158811E-8	1
68.59501	6.156374E-8	1
68.704195	6.152661E-8	1
68.813302	6.149922E-8	1
68.92242	6.147163E-8	1
69.031545	6.144791E-8	1
69.138835	6.141941E-8	1
69.247305	6.138867E-8	1
69.354381	6.136611E-8	1
69.46373	6.13409E-8	1
69.572835	6.130577E-8	1
69.681124	6.128218E-8	1
69.788906	6.125685E-8	1
69.898814	6.12408E-8	1
70.008298	6.12123E-8	1
70.116204	6.11782E-8	1
70.226396	6.115874E-8	1
70.33581	6.114862E-8	1
70.444917	6.110633E-8	1
70.552992	6.1083E-8	1
70.662315	6.107172E-8	1
70.770103	6.104548E-8	1
70.879539	6.102814E-8	1
70.988316	6.10119E-8	1
71.098671	6.098947E-8	1
71.209335	6.097077E-8	1
71.318064	6.095852E-8	1
71.427212	6.093248E-8	1
71.534811	6.091005E-8	1
71.643816	6.088324E-8	1
71.752467	6.085558E-8	1
71.862164	6.083876E-8	1
71.971455	6.083167E-8	1
72.080167	6.079879E-8	1
72.189018	6.076005E-8	1
72.29718	6.075548E-8	1
72.405592	6.074478E-8	1
72.515121	6.072357E-8	1
72.624267	6.071145E-8	1
72.73292	6.069824E-8	1
72.841284	6.067864E-8	1
72.950542	6.065376E-8	1
73.059845	6.064699E-8	1
73.168268	6.06292E-8	1
73.27546	6.061579E-8	1
73.383706	6.058466E-8	1
73.4932	6.057827E-8	1
73.602985	6.056158E-8	1
73.711172	6.055281E-8	1
73.821413	6.053257E-8	1
73.930408	6.052696E-8	1
74.038394	6.051272E-8	1
74.147388	6.049338E-8	1
74.257353	6.046889E-8	1
74.367239	6.046566E-8	1
74.476525	6.044749E-8	1
74.585241	6.04384E-8	1
74.694421	6.042164E-8	1
74.802097	6.040352E-8	1
74.912213	6.039998E-8	1
75.021873	6.038915E-8	1
75.130263	6.037987E-8	1
75.237785	6.035943E-8	1
75.347214	6.036388E-8	1
75.455826	6.033649E-8	1
75.564231	6.033165E-8	1
75.674188	6.031786E-8	1
75.782154	6.029478E-8	1
75.890097	6.028975E-8	1
75.998908	6.027261E-8	1
76.108789	6.0261E-8	1
76.215776	6.024631E-8	1
76.32412	6.024076E-8	1
76.434034	6.022781E-8	1
76.541704	6.021543E-8	1
76.648983	6.021382E-8	1
76.757992	6.019777E-8	1
76.868107	6.018958E-8	1
76.976283	6.018165E-8	1
77.085932	6.014788E-8	1
77.194169	6.014729E-8	1
77.30215	6.014124E-8	1
77.412414	6.01239E-8	1
77.52007	6.012557E-8	1
77.629516	6.011236E-8	1
77.737766	6.010146E-8	1
77.84638	6.008051E-8	1
77.955519	6.00762E-8	1
78.063614	6.006208E-8	1
78.17141	6.006659E-8	1
78.278865	6.004429E-8	1
78.387193	6.004442E-8	1
78.496385	6.00283E-8	1
78.605919	6.001116E-8	1
78.71415	6.000522E-8	1
78.821382	5.999066E-8	1
78.93242	6.00011E-8	1
79.040334	5.997428E-8	1
79.148302	5.997383E-8	1
79.257392	5.9965E-8	1
79.365025	5.995533E-8	1
79.47382	5.995153E-8	1
79.583202	5.993258E-8	1
79.690951	5.992226E-8	1
79.799475	5.991685E-8	1
79.907395	5.992562E-8	1
80.017401	5.990795E-8	1
80.125004	5.989693E-8	1
80.233304	5.988314E-8	1
80.342875	5.987553E-8	1
80.451136	5.955001E-8	1
80.562015	5.971541E-8	1
80.669911	5.997248E-8	1
80.777792	5.99866E-8	1
80.88569	5.996397E-8	1
80.995621	5.995798E-8	1
81.103335	5.994251E-8	1
81.212905	5.992749E-8	1
81.322337	5.992878E-8	1
81.431981	5.991408E-8	1
81.540111	5.99046E-8	1
81.649603	5.990454E-8	1
81.759822	5.989584E-8	1
81.868842	5.988829E-8	1
81.976954	5.98754E-8	1
82.084688	5.988166E-8	1
82.192639	5.98649E-8	1
82.302769	5.986322E-8	1
82.411785	5.986651E-8	1
82.521357	5.985426E-8	1
82.630641	5.98415E-8	1
82.739055	5.98375E-8	1
82.848188	5.980959E-8	1
82.95545	5.981919E-8	1
83.064152	5.980882E-8	1
83.173656	5.980985E-8	1
83.281483	5.97936E-8	1
83.389892	5.978387E-8	1
83.499425	5.978948E-8	1
83.608304	5.97742E-8	1
83.717567	5.977839E-8	1
83.826344	5.977581E-8	1
83.93374	5.975248E-8	1
84.042097	5.975647E-8	1
84.150423	5.975222E-8	1
84.259418	5.973959E-8	1
84.368706	5.973101E-8	1
84.477437	5.973694E-8	1
84.58604	5.971354E-8	1
84.694344	5.971909E-8	1
84.803775	5.970516E-8	1
84.912232	5.970832E-8	1
85.020004	5.969872E-8	1
85.128634	5.968711E-8	1
85.237441	5.968222E-8	1
85.34685	5.966088E-8	1
85.455799	5.966642E-8	1
85.563689	5.966365E-8	1
85.671314	5.966165E-8	1
85.778605	5.964831E-8	1
85.88745	5.964522E-8	1
85.997496	5.964206E-8	1
86.105357	5.963922E-8	1
86.214994	5.964057E-8	1
86.322538	5.963871E-8	1
86.430688	5.962749E-8	1
86.538986	5.963239E-8	1
86.647914	5.962504E-8	1
86.756782	5.960531E-8	1
86.864299	5.961518E-8	1
86.972549	5.96115E-8	1
87.080116	5.959971E-8	1
87.187479	5.959674E-8	1
87.295682	5.959423E-8	1
87.404785	5.95825E-8	1
87.515016	5.958056E-8	1
87.623745	5.958456E-8	1
87.732106	5.957205E-8	1
87.843164	5.95647E-8	1
87.950757	5.955439E-8	1
88.05886	5.954189E-8	1
88.167855	5.955072E-8	1
88.276558	5.95462E-8	1
88.384199	5.954724E-8	1
88.493546	5.952816E-8	1
88.602861	5.952764E-8	1
88.710853	5.952165E-8	1
88.819919	5.952745E-8	1
88.927272	5.952822E-8	1
89.035756	5.951952E-8	1
89.144542	5.951746E-8	1
89.252001	5.950875E-8	1
89.359068	5.950437E-8	1
89.466481	5.949999E-8	1
89.574422	5.949425E-8	1
89.682103	5.948368E-8	1
89.791733	5.94811E-8	1
89.900606	5.948477E-8	1
90.008874	5.947601E-8	1
90.11839	5.94715E-8	1
90.226488	5.946995E-8	1
90.335053	5.94548E-8	1
90.444167	5.9443E-8	1
90.552634	5.945261E-8	1
90.663084	5.944455E-8	1
90.772396	5.943398E-8	1
90.880281	5.943965E-8	1
90.988819	5.942915E-8	1
91.096495	5.943172E-8	1
91.205328	5.94187E-8	1
91.314114	5.942006E-8	1
91.422921	5.942057E-8	1
91.531439	5.942077E-8	1
91.638894	5.942283E-8	1
91.748732	5.94091E-8	1
91.857502	5.94031E-8	1
91.967362	5.939762E-8	1
92.074539	5.93944E-8	1
92.182508	5.939459E-8	1
92.290896	5.939492E-8	1
92.40037	5.93897E-8	1
92.508437	5.937545E-8	1
92.618706	5.937945E-8	1
92.726738	5.936862E-8	1
92.833525	5.937558E-8	1
92.942058	5.9371E-8	1
93.050646	5.937726E-8	1
93.158903	5.936655E-8	1
93.26733	5.936333E-8	1
93.377534	5.935166E-8	1
93.484818	5.935386E-8	1
93.594121	5.934625E-8	1
93.70277	5.934986E-8	1
93.812379	5.933304E-8	1
93.921106	5.933858E-8	1
94.030741	5.933291E-8	1
94.139091	5.932878E-8	1
94.247251	5.932221E-8	1
94.357164	5.932156E-8	1
94.464192	5.93273E-8	1
94.574564	5.932182E-8	1
94.682396	5.931247E-8	1
94.789964	5.930564E-8	1
94.899832	5.931492E-8	1
95.008735	5.930596E-8	1
95.116859	5.931009E-8	1
95.228168	5.929236E-8	1
95.337303	5.929462E-8	1
95.445751	5.928276E-8	1
95.553769	5.927696E-8	1
95.661919	5.928759E-8	1
95.771125	5.929513E-8	1
95.879899	5.928701E-8	1
95.988492	5.928024E-8	1
96.096094	5.928714E-8	1
96.204226	5.926716E-8	1
96.312636	5.926986E-8	1
96.422719	5.926116E-8	1
96.531507	5.926303E-8	1
96.639695	5.926071E-8	1
96.74902	5.926103E-8	1
96.855518	5.92475E-8	1
96.965575	5.924962E-8	1
97.078441	5.925968E-8	1
97.188249	5.925149E-8	1
97.295289	5.923796E-8	1
97.403287	5.924202E-8	1
97.51315	5.924427E-8	1
97.621561	5.92328E-8	1
97.728956	5.922004E-8	1
97.837575	5.922255E-8	1
97.946553	5.921946E-8	1
98.056735	5.921482E-8	1
98.165625	5.921649E-8	1
98.273438	5.920502E-8	1
98.381965	5.923138E-8	1
98.489622	5.922345E-8	1
98.60082	5.920637E-8	1
98.709553	5.920586E-8	1
98.817548	5.919599E-8	1
98.926552	5.919458E-8	1
99.035892	5.918368E-8	1
99.144188	5.919006E-8	1
99.252884	5.918806E-8	1
99.361408	5.917865E-8	1
99.471098	5.917517E-8	1
99.579753	5.917827E-8	1
99.688515	5.917163E-8	1
99.796964	5.918136E-8	1
99.905916	5.917008E-8	1
100.015594	5.91704E-8	1
100.122855	5.916557E-8	1
100.231983	5.916956E-8	1
100.340458	5.915732E-8	1
100.449003	5.914584E-8	1
100.556087	5.914462E-8	1
100.664208	5.915609E-8	1
100.773635	5.914075E-8	1
100.882151	5.914082E-8	1
100.991024	5.913501E-8	1
101.100648	5.913037E-8	1
101.208797	5.913192E-8	1
101.317584	5.912586E-8	1
101.427709	5.911406E-8	1
101.535398	5.912786E-8	1
101.645931	5.911484E-8	1
101.754507	5.911316E-8	1
101.862777	5.91151E-8	1
101.970784	5.911439E-8	1
102.078979	5.910452E-8	1
102.188475	5.910498E-8	1
102.297193	5.910839E-8	1
102.405262	5.90946E-8	1
102.514015	5.909505E-8	1
102.622457	5.909872E-8	1
102.73229	5.911078E-8	1
102.839558	5.909247E-8	1
102.948007	5.91004E-8	1
103.058084	5.908544E-8	1
103.166597	5.909118E-8	1
103.274391	5.908544E-8	1
103.38345	5.909434E-8	1
103.491607	5.908957E-8	1
103.59951	5.907049E-8	1
103.708336	5.907706E-8	1
103.815343	5.907958E-8	1
103.923952	5.908338E-8	1
104.03366	5.909241E-8	1
104.141648	5.908035E-8	1
104.251357	5.908564E-8	1
104.359714	5.908654E-8	1
104.467342	5.908325E-8	1
104.576069	5.906907E-8	1
104.685886	5.90752E-8	1
104.794332	5.907068E-8	1
104.903031	5.906849E-8	1
105.010996	5.907397E-8	1
105.119305	5.906624E-8	1
105.228988	5.906798E-8	1
105.338306	5.906211E-8	1
105.445814	5.906849E-8	1
105.554582	5.906959E-8	1
105.662933	5.905773E-8	1
105.770143	5.906546E-8	1
105.879841	5.906991E-8	1
105.987506	5.905141E-8	1
106.095967	5.906211E-8	1
106.203868	5.905657E-8	1
106.311731	5.904754E-8	1
106.420463	5.904335E-8	1
106.530347	5.905818E-8	1
106.637261	5.905302E-8	1
106.746627	5.904844E-8	1
106.856012	5.905444E-8	1
106.965955	5.904161E-8	1
107.076159	5.904619E-8	1
107.18426	5.903955E-8	1
107.294278	5.903626E-8	1
107.402485	5.903665E-8	1
107.511158	5.902911E-8	1
107.619699	5.902434E-8	1
107.728613	5.903226E-8	1
107.838219	5.831031E-8	1
107.947796	5.911697E-8	1
108.05669	5.913875E-8	1
108.165016	5.913695E-8	1
108.273358	5.913501E-8	1
108.381871	5.913521E-8	1
108.491494	5.913817E-8	1
108.600669	5.913804E-8	1
108.709403	5.913811E-8	1
108.819038	5.913353E-8	1
108.927531	5.912902E-8	1
109.036028	5.912412E-8	1
109.146125	5.913179E-8	1
109.255038	5.91189E-8	1
109.36335	5.912483E-8	1
109.473164	5.912296E-8	1
109.581932	5.913179E-8	1
109.690884	5.912457E-8	1
109.800887	5.912651E-8	1
109.910005	5.911684E-8	1
110.019401	5.91198E-8	1
110.128493	5.911593E-8	1
110.237944	5.91102E-8	1
110.346392	5.911103E-8	1
110.454186	5.91033E-8	1
110.563727	5.910066E-8	1
110.671247	5.910369E-8	1
110.781528	5.910917E-8	1
110.890643	5.912232E-8	1
110.999169	5.910717E-8	1
111.10939	5.910962E-8	1
111.21769	5.911355E-8	1
111.327687	5.911129E-8	1
111.435343	5.910788E-8	1
111.54503	5.910633E-8	1
111.653487	5.910517E-8	1
111.761178	5.910826E-8	1
111.871324	5.910008E-8	1
111.97986	5.910433E-8	1
112.088603	5.910375E-8	1
112.196027	5.909408E-8	1
112.305264	5.909627E-8	1
112.414016	5.910311E-8	1
112.521123	5.909189E-8	1
112.629933	5.909634E-8	1
112.740693	5.910156E-8	1
112.849267	5.910143E-8	1
112.95876	5.908983E-8	1
113.068536	5.909975E-8	1
113.177691	5.909067E-8	1
113.286267	5.908306E-8	1
113.395679	5.909718E-8	1
113.504003	5.909982E-8	1
113.611609	5.910169E-8	1
113.720122	5.909363E-8	1
113.827695	5.908931E-8	1
113.935887	5.909421E-8	1
114.044967	5.909582E-8	1
114.153637	5.90857E-8	1
114.26316	5.908164E-8	1
114.370446	5.908693E-8	1
114.480083	5.909137E-8	1
114.587727	5.908519E-8	1
114.695764	5.908538E-8	1
114.803431	5.90721E-8	1
114.911509	5.907971E-8	1
115.020446	5.908744E-8	1
115.127704	5.908196E-8	1
115.237348	5.908254E-8	1
115.347059	5.907745E-8	1
115.457709	5.906656E-8	1
115.566526	5.90681E-8	1
115.676131	5.908138E-8	1
115.784922	5.905979E-8	1
115.895293	5.906514E-8	1
116.004877	5.907339E-8	1
116.11364	5.905599E-8	1
116.222181	5.906752E-8	1
116.331268	5.906385E-8	1
116.440944	5.905296E-8	1
116.548641	5.906308E-8	1
116.656551	5.905141E-8	1
116.76366	5.9042E-8	1
116.873902	5.903897E-8	1
116.981652	5.903903E-8	1
117.088757	5.904213E-8	1
117.196493	5.903936E-8	1
117.304412	5.903955E-8	1
117.411854	5.90342E-8	1
117.520317	5.904342E-8	1
117.628113	5.903671E-8	1
117.736962	5.903839E-8	1
117.845475	5.903884E-8	1
117.954322	5.90351E-8	1
118.062341	5.903091E-8	1
118.170567	5.903413E-8	1
118.279162	5.903568E-8	1
118.387806	5.902124E-8	1
118.496737	5.902679E-8	1
118.604504	5.902633E-8	1
118.713779	5.902917E-8	1
118.821218	5.902343E-8	1
118.929071	5.902788E-8	1
119.03774	5.902956E-8	1
119.14774	5.903401E-8	1
119.256807	5.901879E-8	1
119.364421	5.902782E-8	1
119.472349	5.902034E-8	1
119.582004	5.901667E-8	1
119.689591	5.902459E-8	1
119.798426	5.901731E-8	1
119.906562	5.902021E-8	1
120.015106	5.902466E-8	1
120.123613	5.902408E-8	1
120.233067	5.902724E-8	1
120.342744	5.903401E-8	1
120.450193	5.902659E-8	1
120.558105	5.902401E-8	1
120.667842	5.901795E-8	1
120.777197	5.901692E-8	1
120.887002	5.901744E-8	1
120.993936	5.901273E-8	1
121.10291	5.901286E-8	1
121.211537	5.901473E-8	1
121.322036	5.90148E-8	1
121.430425	5.901344E-8	1
121.539271	5.900777E-8	1
121.647733	5.90079E-8	1
121.757759	5.90128E-8	1
121.865667	5.900719E-8	1
121.976256	5.901473E-8	1
122.085599	5.900945E-8	1
122.1946	5.901699E-8	1
122.304605	5.901357E-8	1
122.411979	5.901576E-8	1
122.521243	5.901241E-8	1
122.630559	5.901531E-8	1
122.740196	5.901099E-8	1
122.849103	5.900049E-8	1
122.959033	5.900597E-8	1
123.06779	5.901679E-8	1
123.176782	5.902408E-8	1
123.286464	5.902156E-8	1
123.394352	5.901892E-8	1
123.503738	5.901376E-8	1
123.612577	5.90197E-8	1
123.721444	5.900809E-8	1
123.829093	5.900951E-8	1
123.93778	5.902472E-8	1
124.047778	5.901454E-8	1
124.158637	5.899984E-8	1
124.265999	5.901815E-8	1
124.374347	5.901428E-8	1
124.484302	5.901737E-8	1
124.594085	5.901647E-8	1
124.702555	5.901486E-8	1
124.812207	5.901325E-8	1
124.920617	5.901731E-8	1
125.030125	5.901847E-8	1
125.139438	5.901299E-8	1
125.248692	5.900996E-8	1
125.357789	5.901634E-8	1
125.46779	5.901138E-8	1
125.577795	5.900899E-8	1
125.686223	5.901061E-8	1
125.796344	5.900274E-8	1
125.90539	5.901396E-8	1
126.012825	5.900822E-8	1
126.122876	5.899984E-8	1
126.23308	5.90099E-8	1
126.34239	5.898121E-8	1
126.451007	5.898592E-8	1
126.559925	5.899275E-8	1
126.668686	5.899423E-8	1
126.777521	5.899662E-8	1
126.885898	5.899868E-8	1
126.99481	5.899572E-8	1
127.103475	5.898315E-8	1
127.211588	5.898863E-8	1
127.319224	5.900216E-8	1
127.428552	5.899481E-8	1
127.537098	5.899133E-8	1
127.646617	5.898695E-8	1
127.75506	5.898605E-8	1
127.863002	5.899372E-8	1
127.972802	5.898637E-8	1
128.082714	5.90001E-8	1
128.191983	5.899114E-8	1
128.300731	5.899688E-8	1
128.409998	5.900577E-8	1
128.518296	5.900622E-8	1
128.627439	5.900319E-8	1
128.735704	5.900616E-8	1
128.844759	5.89943E-8	1
128.954878	5.899784E-8	1
129.064449	5.898714E-8	1
129.172027	5.899965E-8	1
129.280992	5.89992E-8	1
129.389211	5.899597E-8	1
129.496825	5.898624E-8	1
129.604607	5.898424E-8	1
129.714004	5.898985E-8	1
129.823486	5.899127E-8	1
129.932034	5.89941E-8	1
130.040311	5.899282E-8	1
130.150156	5.898508E-8	1
130.259929	5.900165E-8	1
130.368695	5.898985E-8	1
130.477835	5.898386E-8	1
130.58759	5.898843E-8	1
130.69684	5.898895E-8	1
130.806368	5.897438E-8	1
130.915052	5.899075E-8	1
131.02555	5.898128E-8	1
131.134764	5.89805E-8	1
131.242473	5.898772E-8	1
131.35148	5.899784E-8	1
131.460636	5.900687E-8	1
131.569951	5.89981E-8	1
131.677869	5.899075E-8	1
131.785663	5.899765E-8	1
131.893872	5.898572E-8	1
132.003205	5.898843E-8	1
132.111235	5.899539E-8	1
132.220427	5.898373E-8	1
132.331145	5.899075E-8	1
132.43926	5.89903E-8	1
132.547857	5.898463E-8	1
132.660087	5.900203E-8	1
132.76925	5.900145E-8	1
132.878772	5.898321E-8	1
132.988092	5.898179E-8	1
133.096386	5.899256E-8	1
133.204136	5.899088E-8	1
133.313323	5.898721E-8	1
133.421826	5.899004E-8	1
133.531851	5.899217E-8	1
133.639438	5.897644E-8	1
133.74782	5.898012E-8	1
133.855489	5.899604E-8	1
133.965221	5.898044E-8	1
134.074553	5.898824E-8	1
134.183373	5.898115E-8	1
134.292174	5.897709E-8	1
134.400346	5.89749E-8	1
134.508578	5.897515E-8	1
134.617203	5.898076E-8	1
134.726733	5.897734E-8	1
134.833899	5.896529E-8	1
134.943307	5.896942E-8	1
135.052911	5.896329E-8	1
135.165172	5.897786E-8	1
135.275089	5.895814E-8	1
135.384166	5.896677E-8	1
135.492932	5.897412E-8	1
135.601887	5.89698E-8	1
135.710116	5.897167E-8	1
135.819224	5.897167E-8	1
135.927907	5.895968E-8	1
136.035652	5.895594E-8	1
136.144677	5.896581E-8	1
136.252696	5.895601E-8	1
136.360944	5.895549E-8	1
136.469567	5.895833E-8	1
136.579127	5.894363E-8	1
136.687083	5.896349E-8	1
136.795927	5.895362E-8	1
136.904048	5.896226E-8	1
137.012489	5.895672E-8	1
137.121731	5.895027E-8	1
137.230281	5.896001E-8	1
137.340662	5.895362E-8	1
137.449289	5.89493E-8	1
137.559292	5.894447E-8	1
137.668993	5.895917E-8	1
137.777987	5.893661E-8	1
137.887916	5.895575E-8	1
137.996745	5.894563E-8	1
138.104314	5.895511E-8	1
138.213133	5.89564E-8	1
138.32337	5.896258E-8	1
138.431001	5.89466E-8	1
138.54046	5.894621E-8	1
138.6489	5.894879E-8	1
138.758241	5.896007E-8	1
138.867718	5.894698E-8	1
138.97791	5.894924E-8	1
139.086745	5.895163E-8	1
139.197081	5.894486E-8	1
139.305525	5.894337E-8	1
139.413615	5.894447E-8	1
139.525906	5.895465E-8	1
139.636068	5.895723E-8	1
139.743557	5.895304E-8	1
139.8524	5.895053E-8	1
139.959116	5.894144E-8	1
140.067107	5.894943E-8	1
140.174089	5.895021E-8	1
140.280705	5.894118E-8	1
140.38986	5.895169E-8	1
140.499069	5.895304E-8	1
140.606945	5.894686E-8	1
140.714689	5.896387E-8	1
140.823606	5.89515E-8	1
140.930748	5.895343E-8	1
141.038792	5.895517E-8	1
141.146645	5.896175E-8	1
141.255475	5.895859E-8	1
141.364036	5.898083E-8	1
141.470881	5.896735E-8	1
141.579321	5.897064E-8	1
141.687829	5.896819E-8	1
141.796936	5.8962E-8	1
141.906227	5.897025E-8	1
142.012979	5.897644E-8	1
142.122099	5.897E-8	1
142.229321	5.897348E-8	1
142.335545	5.897232E-8	1
142.444551	5.896117E-8	1
142.551746	5.896142E-8	1
142.659335	5.897283E-8	1
142.768093	5.89709E-8	1
142.876573	5.896542E-8	1
142.984951	5.896561E-8	1
143.092533	5.897444E-8	1
143.199424	5.897638E-8	1
143.306962	5.895781E-8	1
143.415416	5.897206E-8	1
143.524516	5.896413E-8	1
143.634216	5.896361E-8	1
143.743134	5.896078E-8	1
143.850604	5.896548E-8	1
143.959323	5.896136E-8	1
144.067736	5.897225E-8	1
144.176396	5.897051E-8	1
144.284422	5.896742E-8	1
144.393477	5.89671E-8	1
144.500349	5.895884E-8	1
144.607961	5.896845E-8	1
144.716382	5.89749E-8	1
144.825273	5.898018E-8	1
144.933475	5.896671E-8	1
145.040715	5.898179E-8	1
145.147686	5.897863E-8	1
145.256072	5.896162E-8	1
145.364177	5.897419E-8	1
145.47336	5.896832E-8	1
145.581021	5.896007E-8	1
145.688817	5.897257E-8	1
145.796403	5.897006E-8	1
145.904097	5.896471E-8	1
146.011654	5.89698E-8	1
146.119361	5.897141E-8	1
146.227533	5.897728E-8	1
146.336077	5.89845E-8	1
146.443524	5.8968E-8	1
146.55129	5.896387E-8	1
146.660091	5.897831E-8	1
146.76698	5.897032E-8	1
146.874783	5.897883E-8	1
146.983664	5.897116E-8	1
147.092049	5.897747E-8	1
147.201452	5.89718E-8	1
147.309339	5.897734E-8	1
147.417991	5.897844E-8	1
147.526986	5.896465E-8	1
147.635701	5.899114E-8	1
147.744302	5.898057E-8	1
147.853371	5.898379E-8	1
147.962774	5.897902E-8	1
148.070818	5.897812E-8	1
148.179432	5.897638E-8	1
148.288579	5.897631E-8	1
148.395923	5.897876E-8	1
148.504923	5.89856E-8	1
148.612602	5.896942E-8	1
148.720963	5.896864E-8	1
148.829389	5.897709E-8	1
148.937709	5.897606E-8	1
149.045879	5.898231E-8	1
149.153969	5.898585E-8	1
149.262443	5.897341E-8	1
149.370716	5.89834E-8	1
149.479272	5.898244E-8	1
149.587033	5.898418E-8	1
149.693701	5.897767E-8	1
149.801788	5.898901E-8	1
149.911315	5.898102E-8	1
150.019108	5.897483E-8	1
150.127023	5.897625E-8	1
150.236045	5.899288E-8	1
150.343693	5.898605E-8	1
150.450756	5.89825E-8	1
150.559403	5.898089E-8	1
150.667825	5.89903E-8	1
150.776004	5.897863E-8	1
150.884184	5.899662E-8	1
150.992419	5.898779E-8	1
151.100428	5.898985E-8	1
151.207604	5.898282E-8	1
151.314758	5.899578E-8	1
151.42126	5.900983E-8	1
151.531221	5.898701E-8	1
151.640373	5.899146E-8	1
151.748589	5.899288E-8	1
151.856508	5.899436E-8	1
151.965299	5.899739E-8	1
152.073145	5.898141E-8	1
152.181866	5.89934E-8	1
152.288607	5.899307E-8	1
152.395999	5.89749E-8	1
152.503684	5.898875E-8	1
152.612823	5.89856E-8	1
152.72059	5.897593E-8	1
152.828388	5.898302E-8	1
152.937031	5.898985E-8	1
153.052714	5.897096E-8	1
153.161999	5.898166E-8	1
153.269005	5.898012E-8	1
153.378036	5.897702E-8	1
153.48661	5.896813E-8	1
153.594249	5.897799E-8	1
153.702446	5.896851E-8	1
153.811452	5.895685E-8	1
153.919799	5.896104E-8	1
154.026729	5.896619E-8	1
154.13436	5.895743E-8	1
154.241622	5.895904E-8	1
154.349761	5.895794E-8	1
154.457826	5.89553E-8	1
154.566363	5.896419E-8	1
154.673027	5.896948E-8	1
154.781476	5.897109E-8	1
154.888855	5.896052E-8	1
154.996881	5.896407E-8	1
155.104511	5.895807E-8	1
155.212309	5.896426E-8	1
155.320936	5.896149E-8	1
155.428481	5.896091E-8	1
155.538071	5.897425E-8	1
155.645814	5.826809E-8	1
155.754251	5.906314E-8	1
155.861169	5.911045E-8	1
155.970565	5.909492E-8	1
156.080194	5.909814E-8	1
156.189478	5.910994E-8	1
156.297084	5.910581E-8	1
156.404407	5.909763E-8	1
156.512152	5.910124E-8	1
156.620012	5.909892E-8	1
156.726895	5.909034E-8	1
156.835849	5.909221E-8	1
156.944783	5.909995E-8	1
157.053117	5.909859E-8	1
157.161681	5.910369E-8	1
157.270233	5.909614E-8	1
157.378919	5.910079E-8	1
157.485971	5.910382E-8	1
157.5952	5.909769E-8	1
157.702878	5.910291E-8	1
157.810221	5.90955E-8	1
157.919744	5.910343E-8	1
158.026789	5.909576E-8	1
158.136156	5.909292E-8	1
158.243662	5.910253E-8	1
158.353159	5.910001E-8	1
158.459741	5.909911E-8	1
158.569057	5.909292E-8	1
158.677082	5.91022E-8	1
158.785285	5.910981E-8	1
158.893663	5.909718E-8	1
159.001245	5.911535E-8	1
159.108375	5.910407E-8	1
159.215824	5.910382E-8	1
159.324193	5.912096E-8	1
159.431919	5.911851E-8	1
159.539484	5.910549E-8	1
159.647089	5.910543E-8	1
159.755303	5.911722E-8	1
159.862898	5.911213E-8	1
159.970387	5.911703E-8	1
160.078252	5.911832E-8	1
160.185787	5.911213E-8	1
160.294988	5.911574E-8	1
160.401938	5.911948E-8	1
160.510535	5.91151E-8	1
160.618125	5.911941E-8	1
160.725281	5.91122E-8	1
160.833444	5.911581E-8	1
160.942297	5.910111E-8	1
161.050595	5.910865E-8	1
161.159495	5.912161E-8	1
161.268557	5.911252E-8	1
161.378108	5.911445E-8	1
161.486295	5.912141E-8	1
161.594388	5.911987E-8	1
161.703702	5.91102E-8	1
161.812727	5.911116E-8	1
161.920351	5.91198E-8	1
162.028522	5.9114E-8	1
162.137193	5.912212E-8	1
162.2452	5.911832E-8	1
162.352536	5.912174E-8	1
162.459969	5.912096E-8	1
162.568491	5.911568E-8	1
162.67682	5.912141E-8	1
162.785374	5.911555E-8	1
162.893611	5.911516E-8	1
163.002275	5.91267E-8	1
163.109071	5.913456E-8	1
163.217129	5.911303E-8	1
163.326335	5.912625E-8	1
163.435422	5.91218E-8	1
163.543411	5.912148E-8	1
163.650409	5.9118E-8	1
163.758129	5.912773E-8	1
163.866939	5.912418E-8	1
163.975813	5.912889E-8	1
164.085081	5.912895E-8	1
164.192937	5.911819E-8	1
164.300729	5.91198E-8	1
164.408133	5.911722E-8	1
164.516069	5.911555E-8	1
164.624803	5.911697E-8	1
164.733425	5.912515E-8	1
164.843323	5.911522E-8	1
164.950484	5.912277E-8	1
165.058155	5.911935E-8	1
165.166063	5.913263E-8	1
165.274094	5.91334E-8	1
165.382222	5.912792E-8	1
165.491272	5.912915E-8	1
165.599317	5.912554E-8	1
165.708348	5.913895E-8	1
165.817145	5.913037E-8	1
165.924393	5.91374E-8	1
166.033651	5.91432E-8	1
166.14142	5.912986E-8	1
166.248518	5.912689E-8	1
166.357146	5.914017E-8	1
166.466182	5.913972E-8	1
166.575816	5.914965E-8	1
166.683513	5.913882E-8	1
166.791092	5.914204E-8	1
166.898322	5.913669E-8	1
167.006341	5.914004E-8	1
167.114455	5.913437E-8	1
167.222183	5.914372E-8	1
167.330333	5.914017E-8	1
167.43794	5.914816E-8	1
167.545645	5.913237E-8	1
167.654538	5.914862E-8	1
167.76329	5.913263E-8	1
167.871675	5.914449E-8	1
167.980982	5.914017E-8	1
168.089393	5.913643E-8	1
168.196803	5.915087E-8	1
168.305433	5.914591E-8	1
168.41341	5.914668E-8	1
168.521482	5.914578E-8	1
168.629385	5.914539E-8	1
168.738014	5.914733E-8	1
168.848174	5.914391E-8	1
168.956021	5.913392E-8	1
169.064609	5.914578E-8	1
169.171751	5.913817E-8	1
169.279725	5.914365E-8	1
169.387176	5.914829E-8	1
169.49543	5.916241E-8	1
169.604395	5.916177E-8	1
169.712325	5.9155E-8	1
169.82003	5.916099E-8	1
169.928739	5.915932E-8	1
170.037145	5.915029E-8	1
170.145401	5.914552E-8	1
170.252915	5.915384E-8	1
170.361959	5.913276E-8	1
170.470565	5.914945E-8	1
170.578358	5.914539E-8	1
170.686372	5.915332E-8	1
170.794912	5.913914E-8	1
170.904179	5.914262E-8	1
171.01117	5.914217E-8	1
171.118208	5.914758E-8	1
171.2251	5.913566E-8	1
171.333815	5.913682E-8	1
171.441916	5.913321E-8	1
171.550266	5.913482E-8	1
171.657192	5.913095E-8	1
171.765041	5.912399E-8	1
171.875674	5.913031E-8	1
171.984662	5.913411E-8	1
172.0927	5.912638E-8	1
172.200581	5.912425E-8	1
172.308793	5.912244E-8	1
172.417453	5.912973E-8	1
172.526167	5.91247E-8	1
172.635245	5.912799E-8	1
172.742725	5.913314E-8	1
172.851732	5.912186E-8	1
172.959095	5.912367E-8	1
173.068933	5.913405E-8	1
173.177143	5.913166E-8	1
173.284348	5.913334E-8	1
173.391056	5.913218E-8	1
173.499344	5.913482E-8	1
173.606144	5.912522E-8	1
173.712996	5.914152E-8	1
173.819841	5.914281E-8	1
173.928186	5.913701E-8	1
174.036414	5.914017E-8	1
174.145108	5.914649E-8	1
174.254391	5.913237E-8	1
174.361527	5.913489E-8	1
174.46901	5.913772E-8	1
174.578075	5.913256E-8	1
174.685714	5.914262E-8	1
174.795033	5.914816E-8	1
174.901996	5.914655E-8	1
175.011373	5.914829E-8	1
175.11861	5.913869E-8	1
175.227223	5.914855E-8	1
175.335992	5.914488E-8	1
175.443265	5.914829E-8	1
175.550881	5.914636E-8	1
175.658642	5.914455E-8	1
175.765729	5.914198E-8	1
175.873509	5.914745E-8	1
175.981748	5.914314E-8	1
176.090302	5.913966E-8	1
176.197187	5.914816E-8	1
176.305757	5.915513E-8	1
176.412857	5.915132E-8	1
176.523152	5.914997E-8	1
176.630713	5.914958E-8	1
176.739263	5.915268E-8	1
176.849551	5.915274E-8	1
176.957514	5.915409E-8	1
177.065074	5.91501E-8	1
177.171997	5.915152E-8	1
177.27958	5.915951E-8	1
177.388131	5.915925E-8	1
177.496392	5.916235E-8	1
177.604391	5.916357E-8	1
177.714399	5.91608E-8	1
177.823368	5.916222E-8	1
177.932791	5.916357E-8	1
178.040445	5.916931E-8	1
178.147249	5.916228E-8	1
178.255617	5.915938E-8	1
178.362727	5.916383E-8	1
178.470949	5.917259E-8	1
178.579222	5.916982E-8	1
178.687407	5.915964E-8	1
178.794822	5.916131E-8	1
178.90307	5.917272E-8	1
179.011604	5.91677E-8	1
179.120071	5.917685E-8	1
179.229679	5.917743E-8	1
179.337281	5.917678E-8	1
179.44618	5.917756E-8	1
179.552445	5.918233E-8	1
179.661708	5.918478E-8	1
179.769855	5.917317E-8	1
179.878179	5.916583E-8	1
179.985889	5.918297E-8	1
180.094113	5.918291E-8	1
180.202304	5.918039E-8	1
180.310176	5.917627E-8	1
180.417182	5.917247E-8	1
180.525536	5.91715E-8	1
180.634116	5.917143E-8	1
180.742071	5.916847E-8	1
180.848464	5.916505E-8	1
180.95666	5.914874E-8	1
181.063951	5.916318E-8	1
181.172406	5.916351E-8	1
181.281019	5.917691E-8	1
181.388944	5.917466E-8	1
181.497279	5.916628E-8	1
181.60551	5.916486E-8	1
181.713536	5.916873E-8	1
181.820464	5.917266E-8	1
181.927223	5.917382E-8	1
182.036108	5.916873E-8	1
182.145541	5.916937E-8	1
182.253827	5.91724E-8	1
182.36197	5.917794E-8	1
182.468954	5.917485E-8	1
182.57847	5.917981E-8	1
182.687688	5.918039E-8	1
182.79544	5.916241E-8	1
182.903239	5.916686E-8	1
183.011809	5.91764E-8	1
183.122009	5.917678E-8	1
183.230647	5.918613E-8	1
183.339601	5.917537E-8	1
183.447955	5.918549E-8	1
183.557015	5.919219E-8	1
183.665978	5.917556E-8	1
183.773285	5.918568E-8	1
183.881928	5.918136E-8	1
183.990073	5.917272E-8	1
184.097303	5.918613E-8	1
184.204965	5.917782E-8	1
184.312315	5.918761E-8	1
184.419568	5.918658E-8	1
184.527307	5.919135E-8	1
184.636696	5.919142E-8	1
184.744523	5.919425E-8	1
184.852252	5.918607E-8	1
184.9597	5.919271E-8	1
185.066545	5.918155E-8	1
185.174575	5.919541E-8	1
185.28231	5.918955E-8	1
185.390971	5.918458E-8	1
185.500309	5.919251E-8	1
185.608863	5.919651E-8	1
185.716619	5.918923E-8	1
185.82644	5.91918E-8	1
185.93648	5.920121E-8	1
186.044484	5.919103E-8	1
186.151899	5.920631E-8	1
186.26166	5.922004E-8	1
186.369435	5.92074E-8	1
186.478758	5.92065E-8	1
186.587347	5.920328E-8	1
186.695995	5.919941E-8	1
186.80477	5.921056E-8	1
186.913397	5.920089E-8	1
187.021227	5.92103E-8	1
187.128533	5.920889E-8	1
187.236791	5.922055E-8	1
187.344545	5.921417E-8	1
187.4518	5.922023E-8	1
187.562733	5.922062E-8	1
187.670454	5.921978E-8	1
187.778031	5.921166E-8	1
187.885752	5.921069E-8	1
187.993619	5.92152E-8	1
188.102724	5.921469E-8	1
188.210608	5.92103E-8	1
188.318552	5.920315E-8	1
188.427341	5.921237E-8	1
188.535458	5.920141E-8	1
188.644221	5.919928E-8	1
188.752575	5.922307E-8	1
188.860709	5.92181E-8	1
188.968915	5.921804E-8	1
189.076526	5.921114E-8	1
189.183943	5.921043E-8	1
189.293068	5.919335E-8	1
189.400607	5.919219E-8	1
189.511395	5.920669E-8	1
189.619232	5.919606E-8	1
189.728809	5.919135E-8	1
189.836875	5.920856E-8	1
189.944602	5.918562E-8	1
190.052094	5.919451E-8	1
190.160541	5.920405E-8	1
190.269631	5.920644E-8	1
190.377354	5.920051E-8	1
190.486633	5.920373E-8	1
190.594894	5.919735E-8	1
190.703721	5.919786E-8	1
190.811495	5.920134E-8	1
190.919096	5.919728E-8	1
191.028389	5.919806E-8	1
191.135715	5.919825E-8	1
191.243452	5.920347E-8	1
191.35024	5.91947E-8	1
191.458769	5.920747E-8	1
191.567032	5.920921E-8	1
191.673842	5.920734E-8	1
191.781477	5.920863E-8	1
191.889251	5.920457E-8	1
191.997371	5.920315E-8	1
192.10663	5.920231E-8	1
192.215962	5.921262E-8	1
192.32335	5.919806E-8	1
192.430771	5.920547E-8	1
192.538695	5.919174E-8	1
192.647396	5.919902E-8	1
192.755959	5.919316E-8	1
192.864691	5.920895E-8	1
192.973338	5.920005E-8	1
193.081074	5.920244E-8	1
193.190772	5.920379E-8	1
193.299905	5.921398E-8	1
193.406578	5.920927E-8	1
193.515895	5.921075E-8	1
193.624832	5.921398E-8	1
193.732375	5.920257E-8	1
193.839777	5.921269E-8	1
193.948274	5.921082E-8	1
194.056728	5.920386E-8	1
194.164454	5.921565E-8	1
194.272688	5.91987E-8	1
194.37989	5.92076E-8	1
194.487753	5.920843E-8	1
194.596609	5.921024E-8	1
194.702929	5.92025E-8	1
194.810599	5.92132E-8	1
194.918402	5.92085E-8	1
195.025972	5.92143E-8	1
195.134653	5.921843E-8	1
195.242649	5.921623E-8	1
195.350817	5.921843E-8	1
195.459865	5.921778E-8	1
195.569309	5.922448E-8	1
195.677401	5.922635E-8	1
195.785518	5.922165E-8	1
195.894986	5.922771E-8	1
196.003378	5.920959E-8	1
196.111086	5.922236E-8	1
196.238123	5.921752E-8	1
196.346968	5.922345E-8	1
196.454227	5.922906E-8	1
196.562467	5.923293E-8	1
196.671096	5.922481E-8	1
196.780508	5.922977E-8	1
196.889592	5.923667E-8	1
196.996466	5.923119E-8	1
197.104444	5.923712E-8	1
197.21268	5.922996E-8	1
197.319807	5.923344E-8	1
197.427419	5.922906E-8	1
197.536322	5.922616E-8	1
197.64559	5.922771E-8	1
197.753855	5.922713E-8	1
197.861217	5.922848E-8	1
197.969649	5.92366E-8	1
198.078424	5.923757E-8	1
198.186982	5.923325E-8	1
198.294384	5.923693E-8	1
198.40248	5.923519E-8	1
198.508774	5.924176E-8	1
198.617428	5.922661E-8	1
198.726523	5.923286E-8	1
198.833098	5.923351E-8	1
198.941527	5.923744E-8	1
199.04961	5.922075E-8	1
199.158043	5.922236E-8	1
199.266331	5.922874E-8	1
199.374409	5.921217E-8	1
199.482461	5.922378E-8	1
199.591566	5.922229E-8	1
199.700791	5.922784E-8	1
199.809814	5.92308E-8	1
199.91744	5.922764E-8	1
200.025652	5.923087E-8	1
200.132081	5.923699E-8	1
200.239726	5.922797E-8	1
200.348306	5.923158E-8	1
200.455964	5.922751E-8	1
200.564392	5.922855E-8	1
200.672431	5.923183E-8	1
200.780849	5.922842E-8	1
200.888494	5.923899E-8	1
200.995261	5.924202E-8	1
201.10441	5.924647E-8	1
201.211143	5.922842E-8	1
201.3188	5.922925E-8	1
201.426174	5.923622E-8	1
201.534424	5.924021E-8	1
201.642417	5.923409E-8	1
201.75229	5.92337E-8	1
201.859228	5.923899E-8	1
201.966792	5.922352E-8	1
202.074237	5.851626E-8	1
202.181067	5.930835E-8	1
202.289917	5.934715E-8	1
202.396951	5.936043E-8	1
202.506425	5.936185E-8	1
202.615718	5.93438E-8	1
202.72438	5.935134E-8	1
202.833074	5.936372E-8	1
202.940911	5.934741E-8	1
203.048979	5.935495E-8	1
203.156903	5.935689E-8	1
203.266063	5.93583E-8	1
203.374468	5.93418E-8	1
203.482644	5.937216E-8	1
203.590325	5.935888E-8	1
203.698205	5.936088E-8	1
203.80552	5.93692E-8	1
203.914062	5.936127E-8	1
204.021748	5.935566E-8	1
204.128145	5.9369E-8	1
204.237847	5.935444E-8	1
204.346186	5.936765E-8	1
204.455128	5.936282E-8	1
204.564622	5.936836E-8	1
204.67364	5.935972E-8	1
204.780969	5.937622E-8	1
204.888648	5.937983E-8	1
204.996614	5.937616E-8	1
205.105628	5.937558E-8	1
205.215714	5.937326E-8	1
205.323736	5.936849E-8	1
205.432263	5.936978E-8	1
205.54131	5.9377E-8	1
205.649803	5.936823E-8	1
205.75749	5.936746E-8	1
205.866699	5.937184E-8	1
205.974307	5.937448E-8	1
206.083582	5.936668E-8	1
206.192993	5.938505E-8	1
206.301261	5.938151E-8	1
206.408253	5.937661E-8	1
206.517137	5.93819E-8	1
206.624933	5.939202E-8	1
206.733144	5.937796E-8	1
206.840748	5.937983E-8	1
206.95037	5.936913E-8	1
207.056783	5.937261E-8	1
207.165054	5.936958E-8	1
207.272283	5.939008E-8	1
207.379512	5.936997E-8	1
207.488758	5.937745E-8	1
207.596014	5.938106E-8	1
207.704242	5.938144E-8	1
207.812546	5.937113E-8	1
207.920292	5.93768E-8	1
208.028249	5.937384E-8	1
208.138408	5.937655E-8	1
208.246031	5.937332E-8	1
208.355743	5.937074E-8	1
208.462996	5.936675E-8	1
208.572983	5.936752E-8	1
208.68079	5.937074E-8	1
208.788451	5.936797E-8	1
208.897521	5.937126E-8	1
209.006645	5.936514E-8	1
209.114612	5.937706E-8	1
209.223836	5.937577E-8	1
209.333158	5.937313E-8	1
209.440408	5.937313E-8	1
209.548762	5.935901E-8	1
209.656553	5.937448E-8	1
209.764928	5.937377E-8	1
209.872007	5.936539E-8	1
209.978893	5.936204E-8	1
210.088041	5.937339E-8	1
210.197042	5.937016E-8	1
210.305449	5.936668E-8	1
210.413937	5.937152E-8	1
210.521889	5.936933E-8	1
210.628916	5.938383E-8	1
210.738239	5.938035E-8	1
210.846698	5.936791E-8	1
210.954389	5.937332E-8	1
211.062636	5.937016E-8	1
211.170841	5.9369E-8	1
211.279121	5.936694E-8	1
211.386814	5.937609E-8	1
211.495656	5.936939E-8	1
211.604475	5.936888E-8	1
211.712508	5.937352E-8	1
211.820878	5.936946E-8	1
211.928091	5.937113E-8	1
212.036346	5.938183E-8	1
212.143973	5.938912E-8	1
212.250779	5.938338E-8	1
212.359171	5.938834E-8	1
212.466279	5.938389E-8	1
212.574376	5.937087E-8	1
212.682621	5.938428E-8	1
212.791845	5.938467E-8	1
212.900249	5.937861E-8	1
213.00974	5.938886E-8	1
213.117553	5.938905E-8	1
213.225522	5.937822E-8	1
213.333532	5.93857E-8	1
213.44099	5.939028E-8	1
213.548173	5.938596E-8	1
213.656095	5.938518E-8	1
213.764152	5.938757E-8	1
213.87139	5.939943E-8	1
213.978151	5.939144E-8	1
214.085369	5.939459E-8	1
214.193274	5.938982E-8	1
214.302586	5.939505E-8	1
214.412357	5.93924E-8	1
214.51898	5.940381E-8	1
214.627569	5.939737E-8	1
214.737704	5.938815E-8	1
214.845066	5.940304E-8	1
214.953295	5.939743E-8	1
215.063445	5.939382E-8	1
215.171035	5.941013E-8	1
215.279238	5.940478E-8	1
215.386294	5.939614E-8	1
215.494909	5.939911E-8	1
215.60358	5.940278E-8	1
215.712523	5.940446E-8	1
215.82009	5.940652E-8	1
215.927507	5.940053E-8	1
216.03758	5.940214E-8	1
216.145557	5.941052E-8	1
216.253543	5.941522E-8	1
216.362042	5.941754E-8	1
216.469669	5.940813E-8	1
216.576574	5.941277E-8	1
216.685277	5.941232E-8	1
216.792784	5.940156E-8	1
216.900487	5.940555E-8	1
217.009803	5.940078E-8	1
217.11759	5.940575E-8	1
217.227697	5.94022E-8	1
217.33692	5.939924E-8	1
217.445951	5.94062E-8	1
217.554428	5.940426E-8	1
217.661956	5.940304E-8	1
217.771584	5.939505E-8	1
217.88097	5.937442E-8	1
217.987594	5.939015E-8	1
218.09532	5.939576E-8	1
218.202216	5.940227E-8	1
218.311205	5.94042E-8	1
218.41866	5.940832E-8	1
218.526535	5.93953E-8	1
218.63507	5.939956E-8	1
218.742909	5.940246E-8	1
218.852356	5.940549E-8	1
218.961418	5.940839E-8	1
219.069234	5.939859E-8	1
219.177619	5.940981E-8	1
219.285383	5.939885E-8	1
219.393467	5.939962E-8	1
219.502077	5.939505E-8	1
219.610256	5.940929E-8	1
219.717529	5.939279E-8	1
219.824826	5.940504E-8	1
219.931108	5.94091E-8	1
220.039106	5.941503E-8	1
220.147637	5.94091E-8	1
220.255878	5.941986E-8	1
220.365001	5.940633E-8	1
220.472249	5.941071E-8	1
220.580472	5.940845E-8	1
220.687622	5.940942E-8	1
220.795592	5.941406E-8	1
220.903551	5.941264E-8	1
221.011865	5.940588E-8	1
221.119238	5.940568E-8	1
221.227811	5.941277E-8	1
221.336203	5.941554E-8	1
221.443509	5.94091E-8	1
221.551454	5.941748E-8	1
221.659126	5.941619E-8	1
221.766886	5.940871E-8	1
221.873703	5.941619E-8	1
221.980717	5.942779E-8	1
222.088468	5.942167E-8	1
222.196593	5.941786E-8	1
222.305861	5.943031E-8	1
222.415045	5.941877E-8	1
222.523178	5.941477E-8	1
222.629872	5.943869E-8	1
222.738984	5.941825E-8	1
222.846708	5.942586E-8	1
222.953824	5.943024E-8	1
223.060748	5.943043E-8	1
223.170038	5.942682E-8	1
223.279035	5.942386E-8	1
223.386016	5.942405E-8	1
223.495825	5.942431E-8	1
223.604852	5.943372E-8	1
223.712641	5.943385E-8	1
223.819941	5.942953E-8	1
223.927672	5.943327E-8	1
224.035448	5.943817E-8	1
224.14478	5.943243E-8	1
224.25286	5.942818E-8	1
224.361055	5.943282E-8	1
224.468656	5.942831E-8	1
224.576904	5.943101E-8	1
224.685297	5.943411E-8	1
224.792401	5.944049E-8	1
224.899629	5.943224E-8	1
225.008664	5.94325E-8	1
225.117684	5.943656E-8	1
225.225035	5.943636E-8	1
225.334062	5.942844E-8	1
225.443469	5.94343E-8	1
225.551916	5.944017E-8	1
225.660915	5.945641E-8	1
225.769328	5.944984E-8	1
225.878478	5.944552E-8	1
225.986778	5.94296E-8	1
226.094391	5.944204E-8	1
226.202578	5.943443E-8	1
226.310379	5.942057E-8	1
226.417673	5.942502E-8	1
226.52618	5.943211E-8	1
226.635736	5.942979E-8	1
226.743383	5.94343E-8	1
226.851781	5.942019E-8	1
226.959884	5.943263E-8	1
227.068798	5.942663E-8	1
227.177677	5.942128E-8	1
227.286866	5.943121E-8	1
227.398651	5.942818E-8	1
227.507682	5.942605E-8	1
227.616818	5.941915E-8	1
227.724358	5.942051E-8	1
227.832739	5.942089E-8	1
227.94141	5.942173E-8	1
228.048667	5.942708E-8	1
228.156027	5.941477E-8	1
228.263675	5.941097E-8	1
228.370757	5.94089E-8	1
228.478689	5.940194E-8	1
228.588537	5.940858E-8	1
228.696489	5.941471E-8	1
228.805548	5.941774E-8	1
228.912861	5.941116E-8	1
229.021284	5.941271E-8	1
229.130058	5.942128E-8	1
229.240421	5.941632E-8	1
229.349665	5.941961E-8	1
229.45888	5.941284E-8	1
229.568701	5.941181E-8	1
229.676788	5.942753E-8	1
229.784593	5.942031E-8	1
229.893516	5.941239E-8	1
230.000989	5.942489E-8	1
230.108172	5.942044E-8	1
230.216236	5.941535E-8	1
230.324	5.942225E-8	1
230.432083	5.941825E-8	1
230.541417	5.94138E-8	1
230.648242	5.941741E-8	1
230.756054	5.941007E-8	1
230.863782	5.942263E-8	1
230.972151	5.941329E-8	1
231.079815	5.941767E-8	1
231.188716	5.942064E-8	1
231.296268	5.9414E-8	1
231.403392	5.942296E-8	1
231.510595	5.941548E-8	1
231.617718	5.941496E-8	1
231.727719	5.941258E-8	1
231.836601	5.942199E-8	1
231.944305	5.941574E-8	1
232.053393	5.942031E-8	1
232.161959	5.941883E-8	1
232.269958	5.94178E-8	1
232.378743	5.942367E-8	1
232.487209	5.943675E-8	1
232.594919	5.942695E-8	1
232.703057	5.943636E-8	1
232.811329	5.943056E-8	1
232.920877	5.94276E-8	1
233.029699	5.941632E-8	1
233.137729	5.94323E-8	1
233.246994	5.945061E-8	1
233.354604	5.944745E-8	1
233.462893	5.944152E-8	1
233.571405	5.943585E-8	1
233.67988	5.943843E-8	1
233.787731	5.944281E-8	1
233.89526	5.944681E-8	1
234.003151	5.944919E-8	1
234.111131	5.943237E-8	1
234.219616	5.94441E-8	1
234.326594	5.944004E-8	1
234.435522	5.943553E-8	1
234.543916	5.944404E-8	1
234.651028	5.943907E-8	1
234.758626	5.944339E-8	1
234.867426	5.944442E-8	1
234.975355	5.943972E-8	1
235.083461	5.944474E-8	1
235.192002	5.944088E-8	1
235.301877	5.944088E-8	1
235.409461	5.94508E-8	1
235.516687	5.945145E-8	1
235.623943	5.944694E-8	1
235.733364	5.944616E-8	1
235.841058	5.942457E-8	1
235.949556	5.943533E-8	1
236.05773	5.944036E-8	1
236.16596	5.944732E-8	1
236.274271	5.944159E-8	1
236.382534	5.944204E-8	1
236.490871	5.944636E-8	1
236.598498	5.944036E-8	1
236.706966	5.943965E-8	1
236.814888	5.944436E-8	1
236.922495	5.945229E-8	1
237.030725	5.944113E-8	1
237.138288	5.943894E-8	1
237.24616	5.944055E-8	1
237.354659	5.944088E-8	1
237.462306	5.944797E-8	1
237.572699	5.944758E-8	1
237.680355	5.944668E-8	1
237.788583	5.944365E-8	1
237.895939	5.944146E-8	1
238.003604	5.944532E-8	1
238.114043	5.94548E-8	1
238.221375	5.945222E-8	1
238.329456	5.944584E-8	1
238.437408	5.944552E-8	1
238.546131	5.9445E-8	1
238.653202	5.945474E-8	1
238.760955	5.944752E-8	1
238.868412	5.945603E-8	1
238.976888	5.945119E-8	1
239.085347	5.945699E-8	1
239.194527	5.945061E-8	1
239.302688	5.94537E-8	1
239.411372	5.945661E-8	1
239.518081	5.945731E-8	1
239.627588	5.94548E-8	1
239.735302	5.944739E-8	1
239.843716	5.945545E-8	1
239.952144	5.945461E-8	1
240.060496	5.945538E-8	1
240.167315	5.945577E-8	1
240.276198	5.946112E-8	1
240.385782	5.946086E-8	1
240.493092	5.945351E-8	1
240.601379	5.946988E-8	1
240.709545	5.945474E-8	1
240.819188	5.947826E-8	1
240.926695	5.946215E-8	1
241.034033	5.947021E-8	1
241.142655	5.94626E-8	1
241.25143	5.944919E-8	1
241.359776	5.945654E-8	1
241.46866	5.945951E-8	1
241.57726	5.94693E-8	1
241.68655	5.946653E-8	1
241.794219	5.946492E-8	1
241.90103	5.947343E-8	1
242.009548	5.947317E-8	1
242.116913	5.946531E-8	1
242.225064	5.947375E-8	1
242.33362	5.947104E-8	1
242.440991	5.947369E-8	1
242.548719	5.945158E-8	1
242.656858	5.946582E-8	1
242.764554	5.946518E-8	1
242.87345	5.946389E-8	1
242.982472	5.946608E-8	1
243.090973	5.946982E-8	1
243.198624	5.947665E-8	1
243.306027	5.947304E-8	1
243.413942	5.94635E-8	1
243.52315	5.947801E-8	1
243.632525	5.948239E-8	1
243.741326	5.947633E-8	1
243.848767	5.946763E-8	1
243.956944	5.947098E-8	1
244.065435	5.94802E-8	1
244.174379	5.946801E-8	1
244.281888	5.949361E-8	1
244.389232	5.887795E-8	1
244.496941	5.937178E-8	1
244.606438	5.949973E-8	1
244.714697	5.951739E-8	1
244.822046	5.95241E-8	1
244.931118	5.952184E-8	1
245.038419	5.952068E-8	1
245.146622	5.951507E-8	1
245.254801	5.950379E-8	1
245.361655	5.951185E-8	1
245.470734	5.950837E-8	1
245.578473	5.951771E-8	1
245.685941	5.950817E-8	1
245.794065	5.951223E-8	1
245.902453	5.950933E-8	1
246.00952	5.95063E-8	1
246.117031	5.951771E-8	1
246.225067	5.949838E-8	1
246.332095	5.949638E-8	1
246.440006	5.951417E-8	1
246.547845	5.949812E-8	1
246.656084	5.950817E-8	1
246.765323	5.949915E-8	1
246.874471	5.950276E-8	1
246.983749	5.951752E-8	1
247.091877	5.949741E-8	1
247.199344	5.950076E-8	1
247.30817	5.949257E-8	1
247.416256	5.951056E-8	1
247.523952	5.95025E-8	1
247.633151	5.950862E-8	1
247.741842	5.951004E-8	1
247.851141	5.950134E-8	1
247.95874	5.949638E-8	1
248.066599	5.950269E-8	1
248.175622	5.949625E-8	1
248.283228	5.950959E-8	1
248.391476	5.950437E-8	1
248.499254	5.950237E-8	1
248.606935	5.950469E-8	1
248.716031	5.950063E-8	1
248.823966	5.949464E-8	1
248.93206	5.950366E-8	1
249.039868	5.950269E-8	1
249.147875	5.951062E-8	1
249.25733	5.952345E-8	1
249.365995	5.951082E-8	1
249.474965	5.951829E-8	1
249.582604	5.951082E-8	1
249.69141	5.951288E-8	1
249.799449	5.951378E-8	1
249.907875	5.951101E-8	1
250.015514	5.951037E-8	1
250.123188	5.951636E-8	1
250.231936	5.951572E-8	1
250.339715	5.951178E-8	1
250.448539	5.952448E-8	1
250.55698	5.951881E-8	1
250.664368	5.951288E-8	1
250.773108	5.950869E-8	1
250.882178	5.952023E-8	1
250.991096	5.951391E-8	1
251.098438	5.951849E-8	1
251.205714	5.951301E-8	1
251.313123	5.95132E-8	1
251.421049	5.950688E-8	1
251.529058	5.952822E-8	1
251.637023	5.952261E-8	1
251.745615	5.950141E-8	1
251.853648	5.951327E-8	1
251.962937	5.951191E-8	1
252.072348	5.95094E-8	1
252.179438	5.951713E-8	1
252.288696	5.951952E-8	1
252.396456	5.951565E-8	1
252.504991	5.952751E-8	1
252.61441	5.952235E-8	1
252.722606	5.951365E-8	1
252.831981	5.951965E-8	1
252.941722	5.952603E-8	1
253.050261	5.952629E-8	1
253.15916	5.951784E-8	1
253.267528	5.95161E-8	1
253.374978	5.951765E-8	1
253.482688	5.951307E-8	1
253.591482	5.952158E-8	1
253.700298	5.951997E-8	1
253.807909	5.950746E-8	1
253.916959	5.951958E-8	1
254.026438	5.951771E-8	1
254.134311	5.95241E-8	1
254.241567	5.952158E-8	1
254.348733	5.953467E-8	1
254.456317	5.952848E-8	1
254.565127	5.9523E-8	1
254.674026	5.953003E-8	1
254.781583	5.952538E-8	1
254.891243	5.951978E-8	1
254.997921	5.953189E-8	1
255.107088	5.952932E-8	1
255.21564	5.952661E-8	1
255.322949	5.952184E-8	1
255.429964	5.953041E-8	1
255.538115	5.952036E-8	1
255.646106	5.953853E-8	1
255.753726	5.952635E-8	1
255.861434	5.952758E-8	1
255.970218	5.952854E-8	1
256.082624	5.952828E-8	1
256.190826	5.951378E-8	1
256.299598	5.953164E-8	1
256.408957	5.952738E-8	1
256.516844	5.952268E-8	1
256.62472	5.953583E-8	1
256.73283	5.952023E-8	1
256.841101	5.952654E-8	1
256.948458	5.953402E-8	1
257.057089	5.953944E-8	1
257.165715	5.953828E-8	1
257.27362	5.95299E-8	1
257.38145	5.953067E-8	1
257.489295	5.952474E-8	1
257.59755	5.9519E-8	1
257.705883	5.951791E-8	1
257.814151	5.952422E-8	1
257.922875	5.952223E-8	1
258.031608	5.947788E-8	1
258.139542	5.926696E-8	1
258.248477	5.962736E-8	1
258.356426	5.964786E-8	1
258.464775	5.963864E-8	1
258.571642	5.962884E-8	1
258.679908	5.963767E-8	1
258.787629	5.963709E-8	1
258.896481	5.963052E-8	1
259.00574	5.964077E-8	1
259.114849	5.963387E-8	1
259.223171	5.962639E-8	1
259.330197	5.962736E-8	1
259.438809	5.963452E-8	1
259.546416	5.963535E-8	1
259.655912	5.963851E-8	1
259.763732	5.964496E-8	1
259.870866	5.96467E-8	1
259.980173	5.963265E-8	1
260.087724	5.963793E-8	1
260.196058	5.963812E-8	1
260.303702	5.963271E-8	1
260.412645	5.96351E-8	1
260.520516	5.963819E-8	1
260.627969	5.963381E-8	1
260.734906	5.963903E-8	1
260.842877	5.962691E-8	1
260.951303	5.963071E-8	1
261.059472	5.963561E-8	1
261.167672	5.964786E-8	1
261.276089	5.964328E-8	1
261.383598	5.963091E-8	1
261.491621	5.964567E-8	1
261.599411	5.964515E-8	1
261.707549	5.963871E-8	1
261.816778	5.964412E-8	1
261.924478	5.964012E-8	1
262.032162	5.963793E-8	1
262.140776	5.963774E-8	1
262.248521	5.964283E-8	1
262.355793	5.96438E-8	1
262.465211	5.964825E-8	1
262.572562	5.965302E-8	1
262.68038	5.965837E-8	1
262.789618	5.966088E-8	1
262.89766	5.964734E-8	1
263.006142	5.965179E-8	1
263.11495	5.96543E-8	1
263.223973	5.966023E-8	1
263.332876	5.965018E-8	1
263.441292	5.965153E-8	1
263.550043	5.965031E-8	1
263.657993	5.964754E-8	1
263.7662	5.965559E-8	1
263.875188	5.965695E-8	1
263.982196	5.965469E-8	1
264.0899	5.964921E-8	1
264.198444	5.964992E-8	1
264.305854	5.964496E-8	1
264.414347	5.964766E-8	1
264.522268	5.964999E-8	1
264.631179	5.965482E-8	1
264.739801	5.964708E-8	1
264.846096	5.965308E-8	1
264.953326	5.964251E-8	1
265.061492	5.96565E-8	1
265.169884	5.964915E-8	1
265.278771	5.96436E-8	1
265.387449	5.965682E-8	1
265.495523	5.963742E-8	1
265.602374	5.963426E-8	1
265.71066	5.963091E-8	1
265.81795	5.963574E-8	1
265.92628	5.962846E-8	1
266.033702	5.962433E-8	1
266.14301	5.963335E-8	1
266.251334	5.961434E-8	1
266.360034	5.962975E-8	1
266.46804	5.963929E-8	1
266.576219	5.963245E-8	1
266.684243	5.96329E-8	1
266.792422	5.963974E-8	1
266.900856	5.963252E-8	1
267.008345	5.962175E-8	1
267.115351	5.962781E-8	1
267.224154	5.962588E-8	1
267.331596	5.963103E-8	1
267.437958	5.963213E-8	1
267.547033	5.96242E-8	1
267.65386	5.962427E-8	1
267.763455	5.962936E-8	1
267.870677	5.964277E-8	1
267.977906	5.963812E-8	1
268.084133	5.964096E-8	1
268.191381	5.963535E-8	1
268.298607	5.962846E-8	1
268.404841	5.963954E-8	1
268.512833	5.963774E-8	1
268.62002	5.962717E-8	1
268.727947	5.964032E-8	1
268.837376	5.964418E-8	1
268.946633	5.963929E-8	1
269.054126	5.964083E-8	1
269.161472	5.963155E-8	1
269.26965	5.963909E-8	1
269.379272	5.964979E-8	1
269.488048	5.963941E-8	1
269.595953	5.96407E-8	1
269.704267	5.964006E-8	1
269.81296	5.963916E-8	1
269.921342	5.963284E-8	1
270.029247	5.96398E-8	1
270.138619	5.963696E-8	1
270.24585	5.962826E-8	1
270.353078	5.962936E-8	1
270.461661	5.963883E-8	1
270.569782	5.96427E-8	1
270.67887	5.963587E-8	1
270.7868	5.965604E-8	1
270.893505	5.964135E-8	1
271.000448	5.964051E-8	1
271.108251	5.96487E-8	1
271.215699	5.965198E-8	1
271.324209	5.963045E-8	1
271.432234	5.964302E-8	1
271.542084	5.965314E-8	1
271.649505	5.96536E-8	1
271.758763	5.964496E-8	1
271.866445	5.964444E-8	1
271.975817	5.964522E-8	1
272.084468	5.965405E-8	1
272.193231	5.965437E-8	1
272.30099	5.965946E-8	1
272.407872	5.964309E-8	1
272.517535	5.965179E-8	1
272.625826	5.964818E-8	1
272.73306	5.964057E-8	1
272.840507	5.965166E-8	1
272.94759	5.96476E-8	1
273.056439	5.964064E-8	1
273.166458	5.964676E-8	1
273.273398	5.965185E-8	1
273.37967	5.964406E-8	1
273.487938	5.965953E-8	1
273.595209	5.966011E-8	1
273.703679	5.966739E-8	1
273.811308	5.965379E-8	1
273.918661	5.966339E-8	1
274.028893	5.965269E-8	1
274.136331	5.964625E-8	1
274.245321	5.966023E-8	1
274.353981	5.965785E-8	1
274.462459	5.965534E-8	1
274.570136	5.965637E-8	1
274.681581	5.965037E-8	1
274.78876	5.964876E-8	1
274.897587	5.965327E-8	1
275.004926	5.965572E-8	1
275.112625	5.964393E-8	1
275.21983	5.964734E-8	1
275.327243	5.965482E-8	1
275.43627	5.963696E-8	1
275.544432	5.965721E-8	1
275.652751	5.966004E-8	1
275.759974	5.965224E-8	1
275.868097	5.963819E-8	1
275.975911	5.964528E-8	1
276.083158	5.964425E-8	1
276.192021	5.964541E-8	1
276.30105	5.963703E-8	1
276.408841	5.964186E-8	1
276.515534	5.963935E-8	1
276.624366	5.96467E-8	1
276.733776	5.963787E-8	1
276.84197	5.964103E-8	1
276.950425	5.965108E-8	1
277.05811	5.963916E-8	1
277.165372	5.963742E-8	1
277.27165	5.966011E-8	1
277.379895	5.964418E-8	1
277.489014	5.964096E-8	1
277.598289	5.965121E-8	1
277.705861	5.964837E-8	1
277.813827	5.964393E-8	1
277.922322	5.964812E-8	1
278.030478	5.965379E-8	1
278.13924	5.964522E-8	1
278.249865	5.964534E-8	1
278.358214	5.965405E-8	1
278.466854	5.964928E-8	1
278.57507	5.965147E-8	1
278.68382	5.964702E-8	1
278.793244	5.965804E-8	1
278.900494	5.964206E-8	1
279.007746	5.965733E-8	1
279.115015	5.965779E-8	1
279.222754	5.965553E-8	1
279.330483	5.965031E-8	1
279.438001	5.965308E-8	1
279.54543	5.963729E-8	1
279.653654	5.965501E-8	1
279.759962	5.966049E-8	1
279.867078	5.96427E-8	1
279.974002	5.965721E-8	1
280.081981	5.965901E-8	1
280.191247	5.965604E-8	1
280.299142	5.965656E-8	1
280.408141	5.9665E-8	1
280.515172	5.965933E-8	1
280.624301	5.965018E-8	1
280.733605	5.96623E-8	1
280.841104	5.965708E-8	1
280.949242	5.965276E-8	1
281.058074	5.966036E-8	1
281.165193	5.966771E-8	1
281.272566	5.967551E-8	1
281.380521	5.966932E-8	1
281.489623	5.965637E-8	1
281.598835	5.966191E-8	1
281.706745	5.967454E-8	1
281.816359	5.966707E-8	1
281.923798	5.967106E-8	1
282.03153	5.9665E-8	1
282.140373	5.966958E-8	1
282.246937	5.966823E-8	1
282.354653	5.966836E-8	1
282.462792	5.967396E-8	1
282.570551	5.966617E-8	1
282.679163	5.966784E-8	1
282.786554	5.967841E-8	1
282.894212	5.966481E-8	1
283.002186	5.967384E-8	1
283.109795	5.967661E-8	1
283.217622	5.967596E-8	1
283.325232	5.966861E-8	1
283.433932	5.966552E-8	1
283.541738	5.966455E-8	1
283.648832	5.965398E-8	1
283.757623	5.966333E-8	1
283.864501	5.967777E-8	1
283.971055	5.966765E-8	1
284.079531	5.889355E-8	1
284.188872	5.968673E-8	1
284.297916	5.968563E-8	1
284.405849	5.968628E-8	1
284.513988	5.968802E-8	1
284.622637	5.968699E-8	1
284.730938	5.96886E-8	1
284.838072	5.96799E-8	1
284.946836	5.967944E-8	1
285.0541	5.967467E-8	1
285.163953	5.967152E-8	1
285.271192	5.967422E-8	1
285.378857	5.967145E-8	1
285.488187	5.968325E-8	1
285.597358	5.967848E-8	1
285.705461	5.967396E-8	1
285.813466	5.967519E-8	1
285.921106	5.967003E-8	1
286.029097	5.967403E-8	1
286.137367	5.967113E-8	1
286.24592	5.96721E-8	1
286.353534	5.967699E-8	1
286.461873	5.966707E-8	1
286.569704	5.967229E-8	1
286.677883	5.967087E-8	1
286.785566	5.966842E-8	1
286.892618	5.966655E-8	1
287.001333	5.967061E-8	1
287.109166	5.967629E-8	1
287.216717	5.967371E-8	1
287.32398	5.967068E-8	1
287.431546	5.967487E-8	1
287.539436	5.96701E-8	1
287.648246	5.967809E-8	1
287.757144	5.966649E-8	1
287.865068	5.96699E-8	1
287.973495	5.966758E-8	1
288.080844	5.966939E-8	1
288.188207	5.967126E-8	1
288.297065	5.966971E-8	1
288.406659	5.966945E-8	1
288.515009	5.967126E-8	1
288.622164	5.966919E-8	1
288.729496	5.967396E-8	1
288.837493	5.966417E-8	1
288.944723	5.967055E-8	1
289.053763	5.967345E-8	1
289.16184	5.966404E-8	1
289.271424	5.966526E-8	1
289.379377	5.967358E-8	1
289.48824	5.967023E-8	1
289.596958	5.967035E-8	1
289.706309	5.967641E-8	1
289.814003	5.968183E-8	1
289.921268	5.967332E-8	1
290.029984	5.967042E-8	1
290.13728	5.967648E-8	1
290.24609	5.968125E-8	1
290.353651	5.96799E-8	1
290.462057	5.968041E-8	1
290.56911	5.967835E-8	1
290.67803	5.966829E-8	1
290.787426	5.968292E-8	1
290.894645	5.967803E-8	1
291.003294	5.967538E-8	1
291.112797	5.968763E-8	1
291.221744	5.967803E-8	1
291.330643	5.96857E-8	1
291.437834	5.968718E-8	1
291.545061	5.969008E-8	1
291.653794	5.968815E-8	1
291.762674	5.967712E-8	1
291.871484	5.969053E-8	1
291.979579	5.968557E-8	1
292.08707	5.968067E-8	1
292.195004	5.969163E-8	1
292.303788	5.968299E-8	1
292.412139	5.967996E-8	1
292.519535	5.96962E-8	1
292.629255	5.968106E-8	1
292.738245	5.968982E-8	1
292.845053	5.968576E-8	1
292.952255	5.96846E-8	1
293.059763	5.968911E-8	1
293.168861	5.968918E-8	1
293.276924	5.968215E-8	1
293.385578	5.967777E-8	1
293.493948	5.968467E-8	1
293.602444	5.96866E-8	1
293.710165	5.969201E-8	1
293.818914	5.968144E-8	1
293.927535	5.968505E-8	1
294.036425	5.968421E-8	1
294.143969	5.968789E-8	1
294.252946	5.967861E-8	1
294.362671	5.966842E-8	1
294.471964	5.968383E-8	1
294.579655	5.967255E-8	1
294.689262	5.967512E-8	1
294.796854	5.966094E-8	1
294.904195	5.965804E-8	1
295.012619	5.967229E-8	1
295.120372	5.966578E-8	1
295.228271	5.967293E-8	1
295.339022	5.967596E-8	1
295.446327	5.967622E-8	1
295.553995	5.967351E-8	1
295.661637	5.966829E-8	1
295.769686	5.967551E-8	1
295.877765	5.966739E-8	1
295.986327	5.967442E-8	1
296.095201	5.967957E-8	1
296.204739	5.967931E-8	1
296.31188	5.966539E-8	1
296.419267	5.966823E-8	1
296.527087	5.967351E-8	1
296.634705	5.96748E-8	1
296.742597	5.9669E-8	1
296.849946	5.967461E-8	1
296.958449	5.967139E-8	1
297.06717	5.966668E-8	1
297.174131	5.967416E-8	1
297.282361	5.966713E-8	1
297.389561	5.966649E-8	1
297.498295	5.967777E-8	1
297.605844	5.967487E-8	1
297.713739	5.967609E-8	1
297.820682	5.968002E-8	1
297.9295	5.967396E-8	1
298.038296	5.96797E-8	1
298.145632	5.96797E-8	1
298.254875	5.967409E-8	1
298.363708	5.967293E-8	1
298.471794	5.967661E-8	1
298.580692	5.967764E-8	1
298.6883	5.966965E-8	1
298.7967	5.96681E-8	1
298.905783	5.96739E-8	1
299.014432	5.966855E-8	1
299.121687	5.967403E-8	1
299.229551	5.967706E-8	1
299.338344	5.967551E-8	1
299.447242	5.968873E-8	1
299.554879	5.967912E-8	1
299.663437	5.967641E-8	1
299.771626	5.967377E-8	1
299.878938	5.968151E-8	1
299.987453	5.967745E-8	1
300.09607	2.19841E-8	1
300.205088	1.574755E-10	0
300.314001	1.594738E-10	0
300.421497	1.582491E-10	0
300.530993	1.589581E-10	0
300.639421	1.596672E-10	0
300.746413	1.55155E-10	0
300.855158	1.565086E-10	0
300.965069	1.579268E-10	0
301.073307	1.548327E-10	0
301.182102	1.560574E-10	0
301.291212	1.571532E-10	0
301.399923	1.585069E-10	0
301.507964	1.563152E-10	0
301.615669	1.576045E-10	0
301.723541	1.572177E-10	0
301.831911	1.563797E-10	0
301.939167	1.594093E-10	0
302.047719	1.55864E-10	0
302.155735	1.611498E-10	0
302.264509	1.561863E-10	0
302.372675	1.556062E-10	0
302.48107	1.572177E-10	0
302.588336	1.552839E-10	0
302.697762	1.570243E-10	0
302.805189	1.55026E-10	0
302.91827	1.560574E-10	0
303.026361	1.579912E-10	0
303.134368	1.585714E-10	0
303.242311	1.573466E-10	0
303.35051	1.536079E-10	0
303.458436	1.569598E-10	0
303.565661	1.552839E-10	0
303.673274	1.55864E-10	0
303.782679	1.585714E-10	0
303.89258	1.567665E-10	0
304.000429	1.564442E-10	0
304.109261	1.572822E-10	0
304.217449	1.542525E-10	0
304.325392	1.568954E-10	0
304.434171	1.55155E-10	0
304.542199	1.592804E-10	0
304.650569	1.554128E-10	0
304.759302	1.568309E-10	0
304.867018	1.552839E-10	0
304.977087	1.591515E-10	0
305.084539	1.5754E-10	0
305.193192	1.560574E-10	0
305.300094	1.602473E-10	0
305.407882	1.581201E-10	0
305.516682	1.568309E-10	0
305.624249	1.559285E-10	0
305.73194	1.584424E-10	0
305.83975	1.536724E-10	0
305.947532	1.587003E-10	0
306.056205	1.576689E-10	0
306.164654	1.563797E-10	0
306.271984	1.566375E-10	0
306.379221	1.584424E-10	0
306.487298	1.580557E-10	0
306.59576	1.55864E-10	0
306.706275	1.59216E-10	0
306.815097	1.556062E-10	0
306.922865	1.557351E-10	0
307.031229	1.55864E-10	0
307.139647	1.592804E-10	0
307.247696	1.547682E-10	0
307.355784	1.565731E-10	0
307.464281	1.560574E-10	0
307.571548	1.535435E-10	0
307.679483	1.577334E-10	0
307.788838	1.570888E-10	0
307.897338	1.581201E-10	0
308.009919	1.565731E-10	0
308.117618	1.565086E-10	0
308.223943	1.586358E-10	0
308.331127	1.566375E-10	0
308.438809	1.56702E-10	0
308.547569	1.587003E-10	0
308.654746	1.552194E-10	0
308.763253	1.548971E-10	0
308.871734	1.564442E-10	0
308.980413	1.561219E-10	0
309.089322	1.553483E-10	0
309.199396	1.54317E-10	0
309.306953	1.568309E-10	0
309.41513	1.5754E-10	0
309.524103	1.546393E-10	0
309.631822	1.585069E-10	0
309.738987	1.568309E-10	0
309.847948	1.576045E-10	0
309.95661	1.572822E-10	0
310.065897	1.570243E-10	0
310.175067	1.543814E-10	0
310.281881	1.581201E-10	0
310.39079	1.568309E-10	0
310.498862	1.565731E-10	0
310.606308	1.583135E-10	0
310.714478	1.563797E-10	0
310.822587	1.567665E-10	0
310.930439	1.576045E-10	0
311.040611	1.561863E-10	0
311.148748	1.548327E-10	0
311.256691	1.562508E-10	0
311.364772	1.598606E-10	0
311.472241	1.576689E-10	0
311.580807	1.556706E-10	0
311.689319	1.576045E-10	0
311.797071	1.570243E-10	0
311.905844	1.535435E-10	0
312.012604	1.571532E-10	0
312.12111	1.579268E-10	0
312.228419	1.565731E-10	0
312.336742	1.587003E-10	0
312.445022	1.560574E-10	0
312.552925	1.562508E-10	0
312.661412	1.570888E-10	0
312.768773	1.565731E-10	0
312.876529	1.565086E-10	0
312.983082	1.567665E-10	0
313.090499	1.576045E-10	0
313.197414	1.597316E-10	0
313.304919	1.572177E-10	0
313.413239	1.559929E-10	0
313.521644	1.611498E-10	0
313.63009	1.579912E-10	0
313.738609	1.572177E-10	0
313.847558	1.563797E-10	0
313.954904	1.587003E-10	0
314.062811	1.55864E-10	0
314.170203	1.567665E-10	0
314.279434	1.591515E-10	0
314.388082	1.570243E-10	0
314.49613	1.559285E-10	0
314.603446	1.566375E-10	0
314.712615	1.557996E-10	0
314.819687	1.548327E-10	0
314.927299	1.559929E-10	0
315.035648	1.55026E-10	0
315.143118	1.553483E-10	0
315.251731	1.554128E-10	0
315.359453	1.570243E-10	0
315.467838	1.532856E-10	0
315.575496	1.568309E-10	0
315.684083	1.572822E-10	0
315.792778	1.563152E-10	0
315.90081	1.554773E-10	0
316.010195	1.539947E-10	0
316.117071	1.559929E-10	0
316.227342	1.548971E-10	0
316.335683	1.589581E-10	0
316.443456	1.569598E-10	0
316.551815	1.566375E-10	0
316.659509	1.576045E-10	0
316.766249	1.597961E-10	0
316.87296	1.570243E-10	0
316.982143	1.570888E-10	0
317.090449	1.580557E-10	0
317.19938	1.591515E-10	0
317.308461	1.55864E-10	0
317.416877	1.564442E-10	0
317.52637	1.583135E-10	0
317.634547	1.579912E-10	0
317.741357	1.582491E-10	0
317.849312	1.605052E-10	0
317.956595	1.559285E-10	0
318.066326	1.563152E-10	0
318.174223	1.553483E-10	0
318.283105	1.569598E-10	0
318.392325	1.599895E-10	0
318.499905	1.595383E-10	0
318.608321	1.555417E-10	0
318.718498	1.565731E-10	0
318.827046	1.554773E-10	0
318.934185	1.560574E-10	0
319.042566	1.598606E-10	0
319.152265	1.567665E-10	0
319.259256	1.579268E-10	0
319.368504	1.582491E-10	0
319.475714	1.572177E-10	0
319.584356	1.609564E-10	0
319.692822	1.546393E-10	0
319.800879	1.598606E-10	0
319.909698	1.561219E-10	0
320.019879	1.576689E-10	0
320.128489	1.550905E-10	0
320.236164	1.577978E-10	0
320.344282	1.545748E-10	0
320.452521	1.566375E-10	0
320.559239	1.586358E-10	0
320.668492	1.553483E-10	0
320.777988	1.569598E-10	0
320.884698	1.594738E-10	0
320.99347	1.570888E-10	0
321.09983	1.592804E-10	0
321.208494	1.574111E-10	0
321.316975	1.610853E-10	0
321.425081	1.571532E-10	0
321.533949	1.574111E-10	0
321.643534	1.559929E-10	0
321.752448	1.601829E-10	0
321.85995	1.566375E-10	0
321.968502	1.566375E-10	0
322.07689	1.579268E-10	0
322.184479	1.543814E-10	0
322.293194	1.55026E-10	0
322.401636	1.561863E-10	0
322.510177	1.561863E-10	0
322.619531	1.561863E-10	0
322.728533	1.552194E-10	0
322.837019	1.559285E-10	0
322.945357	1.541881E-10	0
323.054372	1.565731E-10	0
323.161212	1.559929E-10	0
323.268514	1.53479E-10	0
323.37664	1.55026E-10	0
323.483667	1.545748E-10	0
323.594312	1.580557E-10	0
323.702195	1.571532E-10	0
323.809937	1.585069E-10	0
323.918518	1.564442E-10	0
324.031655	1.55026E-10	0
324.14052	1.561863E-10	0
324.249561	1.563152E-10	0
324.358525	1.565086E-10	0
324.467241	1.560574E-10	0
324.57477	1.567665E-10	0
324.6823	1.576689E-10	0
324.790788	1.555417E-10	0
324.899471	1.548971E-10	0
325.007361	1.56702E-10	0
325.115462	1.539947E-10	0
325.22368	1.561219E-10	0
325.332369	1.547682E-10	0
325.440579	1.564442E-10	0
325.548706	1.544459E-10	0
325.656595	1.537368E-10	0
325.765357	1.581846E-10	0
325.872663	1.554773E-10	0
325.980329	1.564442E-10	0
326.089724	1.576689E-10	0
326.198564	1.547682E-10	0
326.307571	1.548327E-10	0
326.416512	1.563797E-10	0
326.526579	1.618588E-10	0
326.636293	1.5754E-10	0
326.744167	1.560574E-10	0
326.85216	1.55155E-10	0
326.960407	1.547037E-10	0
327.068549	1.556706E-10	0
327.177459	1.589581E-10	0
327.285666	1.546393E-10	0
327.393063	1.568309E-10	0
327.499862	1.568309E-10	0
327.60738	1.567665E-10	0
327.715006	1.59087E-10	0
327.82232	1.549616E-10	0
327.928891	1.549616E-10	0
328.037887	1.528989E-10	0
328.146765	1.55155E-10	0
328.255901	1.587647E-10	0
328.363347	1.557996E-10	0
328.471695	1.540591E-10	0
328.579351	1.539302E-10	0
328.687859	1.562508E-10	0
328.797943	1.548327E-10	0
328.907187	1.556706E-10	0
329.015121	1.559285E-10	0
329.123764	1.556062E-10	0
329.231755	1.553483E-10	0
329.338568	1.604407E-10	0
329.446049	1.568309E-10	0
329.555222	1.587003E-10	0
329.662401	1.559929E-10	0
329.770975	1.561863E-10	0
329.877617	1.574755E-10	0
329.98701	1.603762E-10	0
330.096437	1.564442E-10	0
330.20427	1.561219E-10	0
330.311579	1.561863E-10	0
330.419264	1.546393E-10	0
330.529603	1.570243E-10	0
330.63674	1.587647E-10	0
330.745048	1.578623E-10	0
330.852469	1.571532E-10	0
330.960944	1.577334E-10	0
331.069239	1.572177E-10	0
331.176733	1.574755E-10	0
331.285188	1.576045E-10	0
331.393262	1.529633E-10	0
331.500974	1.580557E-10	0
331.608235	1.557996E-10	0
331.717668	1.559285E-10	0
331.825744	1.557351E-10	0
331.934681	1.59087E-10	0
332.042391	1.530922E-10	0
332.151929	1.59216E-10	0
332.259625	1.537368E-10	0
332.367762	1.564442E-10	0
332.477616	1.548327E-10	0
332.585385	1.55155E-10	0
332.693796	1.585069E-10	0
332.80156	1.587003E-10	0
332.908528	1.527055E-10	0
333.018808	1.572822E-10	0
333.126311	1.556062E-10	0
333.234041	1.573466E-10	0
333.34214	1.589581E-10	0
333.451808	1.543814E-10	0
333.560222	1.568309E-10	0
333.668626	1.542525E-10	0
333.777051	1.576045E-10	0
333.88576	1.565731E-10	0
333.992816	1.561219E-10	0
334.101667	1.559929E-10	0
334.209617	1.585714E-10	0
334.317888	1.537368E-10	0
334.425447	1.568309E-10	0
334.533292	1.572177E-10	0
334.641741	1.554773E-10	0
334.750629	1.579268E-10	0
334.857369	1.5754E-10	0
334.966106	1.572177E-10	0
335.073944	1.563152E-10	0
335.183562	1.560574E-10	0
335.291928	1.553483E-10	0
335.399833	1.601184E-10	0
335.509644	1.56702E-10	0
335.616065	1.55155E-10	0
335.723505	1.547037E-10	0
335.830731	1.573466E-10	0
335.938958	1.561863E-10	0
336.045193	1.559929E-10	0
336.151515	1.568309E-10	0
336.25935	1.570243E-10	0
336.367144	1.562508E-10	0
336.475814	1.59216E-10	0
336.582277	1.547682E-10	0
336.690024	1.58378E-10	0
336.797832	1.565731E-10	0
336.906782	1.548971E-10	0
337.015629	1.5754E-10	0
337.123751	1.589581E-10	0
337.231173	1.576689E-10	0
337.340182	1.595383E-10	0
337.449644	1.53479E-10	0
337.556983	1.555417E-10	0
337.66535	1.544459E-10	0
337.773551	1.566375E-10	0
337.883487	1.565086E-10	0
337.992134	1.544459E-10	0
338.099733	1.539302E-10	0
338.208036	1.582491E-10	0
338.317377	1.578623E-10	0
338.425112	1.574755E-10	0
338.532445	1.546393E-10	0
338.639648	1.592804E-10	0
338.746382	1.547682E-10	0
338.853351	1.601184E-10	0
338.96067	1.569598E-10	0
339.067953	1.565086E-10	0
339.176658	1.581201E-10	0
339.283895	1.571532E-10	0
339.391837	1.535435E-10	0
339.500061	1.563152E-10	0
339.607987	1.550905E-10	0
339.716025	1.577978E-10	0
339.824168	1.547037E-10	0
339.930937	1.557996E-10	0
340.039662	1.561863E-10	0
340.147842	1.545748E-10	0
340.256159	1.554773E-10	0
340.363975	1.568309E-10	0
340.470831	1.536079E-10	0
340.578701	1.538013E-10	0
340.687612	1.532212E-10	0
340.796204	1.553483E-10	0
340.907101	1.537368E-10	0
341.015777	1.559285E-10	0
341.124014	1.574111E-10	0
341.230256	1.592804E-10	0
341.338708	1.597316E-10	0
341.447667	1.574755E-10	0
341.556461	1.541236E-10	0
341.663561	1.576689E-10	0
341.771023	1.547682E-10	0
341.879673	1.561863E-10	0
341.986845	1.55864E-10	0
342.094874	1.570888E-10	0
342.203799	1.584424E-10	0
342.3125	1.579268E-10	0
342.419933	1.580557E-10	0
342.527544	1.557351E-10	0
342.635125	1.537368E-10	0
342.743247	1.562508E-10	0
342.851519	1.554128E-10	0
342.959653	1.578623E-10	0
343.068001	1.589581E-10	0
343.175284	1.609564E-10	0
343.282907	1.561863E-10	0
343.390109	1.565086E-10	0
343.498687	1.565086E-10	0
343.606515	1.521253E-10	0
343.714601	1.563797E-10	0
343.822834	1.549616E-10	0
343.932858	1.547682E-10	0
344.040968	1.538013E-10	0
344.151106	1.541881E-10	0
344.259852	1.573466E-10	0
344.367915	1.59087E-10	0
344.476857	1.576045E-10	0
344.585323	1.576045E-10	0
344.693614	1.596027E-10	0
344.801569	1.582491E-10	0
344.910574	1.55026E-10	0
345.019325	1.589581E-10	0
345.126201	1.587003E-10	0
345.234674	1.597961E-10	0
345.342966	1.596027E-10	0
345.451823	1.569598E-10	0
345.559127	1.5754E-10	0
345.667235	1.585714E-10	0
345.775776	1.554128E-10	0
345.883173	1.565086E-10	0
345.992586	1.598606E-10	0
346.100436	1.577978E-10	0
346.208716	1.594093E-10	0
346.317705	1.5754E-10	0
346.426301	1.589581E-10	0
346.535473	1.541881E-10	0
346.643082	1.601829E-10	0
346.751726	1.556706E-10	0
346.860262	1.580557E-10	0
346.967692	1.601184E-10	0
347.075208	1.565731E-10	0
347.182759	1.586358E-10	0
347.289616	1.576689E-10	0
347.398314	1.570243E-10	0
347.506107	1.561863E-10	0
347.613732	1.593449E-10	0
347.722053	1.574755E-10	0
347.830009	1.555417E-10	0
347.937308	1.564442E-10	0
348.046166	1.593449E-10	0
348.154895	1.600539E-10	0
348.263874	1.588937E-10	0
348.372425	1.563797E-10	0
348.479734	1.569598E-10	0
348.588186	1.568954E-10	0
348.697164	1.566375E-10	0
348.805599	1.576045E-10	0
348.914236	1.552194E-10	0
349.022468	1.584424E-10	0
349.13063	1.554128E-10	0
349.239039	1.556062E-10	0
349.34874	1.579268E-10	0
349.457187	1.58378E-10	0
349.564323	1.581201E-10	0
349.671687	1.577334E-10	0
349.780196	1.548971E-10	0
349.888463	1.560574E-10	0
349.996689	1.576689E-10	0
350.10492	1.569598E-10	0
350.213169	1.557996E-10	0
350.321193	1.591515E-10	0
350.428747	1.588937E-10	0
350.536011	1.55864E-10	0
350.643581	1.581201E-10	0
350.75236	1.581846E-10	0
350.859393	1.569598E-10	0
350.968756	1.587647E-10	0
351.07703	1.573466E-10	0
351.184194	1.55155E-10	0
351.292906	1.589581E-10	0
351.401127	1.579268E-10	0
351.509132	1.576689E-10	0
351.616356	1.556062E-10	0
351.724046	1.56702E-10	0
351.832389	1.566375E-10	0
351.939609	1.565731E-10	0
352.047395	1.581201E-10	0
352.15467	1.561219E-10	0
352.26092	1.598606E-10	0
352.368125	1.606985E-10	0
352.476417	1.557996E-10	0
352.582669	1.56702E-10	0
352.691895	1.572822E-10	0
352.799121	1.583135E-10	0
352.907392	1.577978E-10	0
353.012624	1.554773E-10	0
353.119852	1.567665E-10	0
353.226213	1.585069E-10	0
353.334145	1.554128E-10	0
353.44116	1.594738E-10	0
353.550548	1.574111E-10	0
353.660357	1.589581E-10	0
353.768581	1.601829E-10	0
353.874812	1.586358E-10	0
353.981042	1.59925E-10	0
354.088271	1.593449E-10	0
354.196496	1.55155E-10	0
354.304789	1.562508E-10	0
354.413088	1.556062E-10	0
354.52019	1.590226E-10	0
354.628652	1.554128E-10	0
354.737359	1.583135E-10	0
354.845876	1.564442E-10	0
354.95456	1.577334E-10	0
355.062426	1.570888E-10	0
355.170193	1.594093E-10	0
355.278662	1.583135E-10	0
355.387448	1.581846E-10	0
355.49497	1.595383E-10	0
355.603071	1.588292E-10	0
355.712882	1.581846E-10	0
355.820022	1.592804E-10	0
355.92859	1.549616E-10	0
356.036288	1.572177E-10	0
356.145025	1.597961E-10	0
356.252332	1.587003E-10	0
356.361246	1.565731E-10	0
356.469744	1.578623E-10	0
356.578803	1.583135E-10	0
356.687679	1.573466E-10	0
356.796797	1.58378E-10	0
356.9044	1.573466E-10	0
357.012488	1.571532E-10	0
357.12032	1.579268E-10	0
357.228775	1.568954E-10	0
357.336948	1.544459E-10	0
357.446034	1.610208E-10	0
357.554649	1.59216E-10	0
357.660881	1.576689E-10	0
357.768179	1.581201E-10	0
357.875454	1.590226E-10	0
357.982772	1.556062E-10	0
358.091176	1.569598E-10	0
358.199197	1.583135E-10	0
358.307213	1.581846E-10	0
358.415149	1.590226E-10	0
358.52393	1.578623E-10	0
358.633564	1.56702E-10	0
358.741544	1.561219E-10	0
358.848821	1.586358E-10	0
358.957253	1.581846E-10	0
359.064164	1.584424E-10	0
359.170597	1.568954E-10	0
359.277371	1.581846E-10	0
359.38489	1.573466E-10	0
359.492383	1.579912E-10	0
359.601047	1.594093E-10	0
359.710211	1.595383E-10	0
359.81883	1.563152E-10	0
359.927123	1.600539E-10	0
360.034519	1.576689E-10	0
