Time,s	TEY,A	Shutter
0	1.514163E-10	0
0.106715	1.611498E-10	0
0.214428	1.625034E-10	0
0.321143	1.610208E-10	0
0.428885	1.576689E-10	0
0.535615	1.548971E-10	0
0.642287	1.505783E-10	0
0.749009	1.542525E-10	0
0.856716	1.609564E-10	0
0.964429	1.618588E-10	0
1.072141	1.614721E-10	0
1.179408	1.55155E-10	0
1.286928	1.547037E-10	0
1.395346	1.543814E-10	0
1.510253	1.529633E-10	0
1.620226	1.585714E-10	0
1.728141	1.585069E-10	0
1.835845	1.61601E-10	0
1.94316	1.590226E-10	0
2.05078	1.576689E-10	0
2.157818	1.541881E-10	0
2.265917	1.547037E-10	0
2.373163	1.570888E-10	0
2.481741	1.589581E-10	0
2.589488	1.589581E-10	0
2.698814	1.595383E-10	0
2.805411	1.599895E-10	0
2.912486	1.547037E-10	0
3.021835	1.556062E-10	0
3.13001	1.539947E-10	0
3.236685	1.546393E-10	0
3.343069	1.588937E-10	0
3.451489	1.605052E-10	0
3.560102	1.559285E-10	0
3.66766	1.5754E-10	0
3.777055	1.543814E-10	0
3.884254	1.560574E-10	0
3.993179	1.530278E-10	0
4.102167	1.540591E-10	0
4.209735	1.572822E-10	0
4.31874	1.577978E-10	0
4.425392	1.576689E-10	0
4.533157	1.565086E-10	0
4.641513	1.583135E-10	0
4.749026	1.556706E-10	0
4.856554	1.588937E-10	0
4.964577	1.583135E-10	0
5.073056	1.586358E-10	0
5.18177	1.568954E-10	0
5.290833	1.55155E-10	0
5.399671	1.543814E-10	0
5.5077	1.562508E-10	0
5.615168	1.567665E-10	0
5.723194	1.557351E-10	0
5.832281	1.554773E-10	0
5.939291	1.585714E-10	0
6.047003	1.585069E-10	0
6.156564	1.559929E-10	0
6.264197	1.571532E-10	0
6.3742	1.541881E-10	0
6.481919	1.570888E-10	0
6.589814	1.580557E-10	0
6.696602	1.56702E-10	0
6.803203	1.570888E-10	0
6.91253	1.604407E-10	0
7.019923	1.576689E-10	0
7.128663	1.568309E-10	0
7.236935	1.593449E-10	0
7.344686	1.579912E-10	0
7.452015	1.561863E-10	0
7.560614	1.577978E-10	0
7.668798	1.604407E-10	0
7.776469	1.59087E-10	0
7.883213	1.585069E-10	0
7.992581	1.569598E-10	0
8.0999	1.54317E-10	0
8.209037	1.579912E-10	0
8.317057	1.5754E-10	0
8.423948	1.564442E-10	0
8.533215	1.565086E-10	0
8.641602	1.539302E-10	0
8.748689	1.56702E-10	0
8.857558	1.609564E-10	0
8.965085	1.545748E-10	0
9.071721	1.552194E-10	0
9.181846	1.568309E-10	0
9.289298	1.576045E-10	0
9.398498	1.601184E-10	0
9.506562	1.570888E-10	0
9.614614	1.561863E-10	0
9.722916	1.619233E-10	0
9.831116	1.59216E-10	0
9.938762	1.597961E-10	0
10.047597	1.568954E-10	0
10.159102	1.581846E-10	0
10.266479	1.590226E-10	0
10.375328	1.577334E-10	0
10.483042	1.59925E-10	0
10.592095	1.594738E-10	0
10.700071	1.579268E-10	0
10.807505	1.561219E-10	0
10.915631	1.598606E-10	0
11.023919	1.56702E-10	0
11.132559	1.594093E-10	0
11.241289	1.541881E-10	0
11.348957	1.585714E-10	0
11.456592	1.619877E-10	0
11.564126	1.571532E-10	0
11.671748	1.570888E-10	0
11.780302	1.547682E-10	0
11.889388	1.554128E-10	0
11.997904	1.571532E-10	0
12.107773	1.56702E-10	0
12.216043	1.588937E-10	0
12.324186	1.576045E-10	0
12.432138	1.584424E-10	0
12.541143	1.579268E-10	0
12.650476	1.552194E-10	0
12.760318	1.568309E-10	0
12.868004	1.562508E-10	0
12.976389	1.565731E-10	0
13.084647	1.555417E-10	0
13.192163	1.580557E-10	0
13.300546	1.578623E-10	0
13.407951	1.566375E-10	0
13.516501	1.598606E-10	0
13.624145	1.537368E-10	0
13.733246	1.572177E-10	0
13.841236	1.586358E-10	0
13.95038	1.547037E-10	0
14.058463	1.595383E-10	0
14.166392	1.579268E-10	0
14.27424	1.574755E-10	0
14.382344	1.550905E-10	0
14.490201	1.595383E-10	0
14.598787	1.570243E-10	0
14.706005	1.601184E-10	0
14.813964	1.564442E-10	0
14.922661	1.571532E-10	0
15.031631	1.56702E-10	0
15.141147	1.562508E-10	0
15.249249	1.552194E-10	0
15.356617	1.576689E-10	0
15.465705	1.577334E-10	0
15.573279	1.597316E-10	0
15.681447	1.563797E-10	0
15.788851	1.573466E-10	0
15.897511	1.584424E-10	0
16.006443	1.572822E-10	0
16.11552	1.587647E-10	0
16.223308	1.567665E-10	0
16.331085	1.554128E-10	0
16.438233	1.548971E-10	0
16.546227	1.587647E-10	0
16.655463	1.554128E-10	0
16.763289	1.580557E-10	0
16.87156	1.596672E-10	0
16.979425	1.567665E-10	0
17.088448	1.581846E-10	0
17.198027	1.571532E-10	0
17.306974	1.597961E-10	0
17.414686	1.580557E-10	0
17.524298	1.577334E-10	0
17.634882	1.562508E-10	0
17.74147	1.557351E-10	0
17.850576	1.579268E-10	0
17.958524	1.56702E-10	0
18.067652	1.553483E-10	0
18.176322	1.540591E-10	0
18.284303	1.561863E-10	0
18.391733	1.589581E-10	0
18.499625	1.604407E-10	0
18.607581	1.572822E-10	0
18.71698	1.597961E-10	0
18.82432	1.58378E-10	0
18.93332	1.5754E-10	0
19.041538	1.568954E-10	0
19.149124	1.561863E-10	0
19.256972	1.585069E-10	0
19.364701	1.579268E-10	0
19.473313	1.559929E-10	0
19.581008	1.554773E-10	0
19.689469	1.552839E-10	0
19.796471	1.556706E-10	0
19.904282	1.566375E-10	0
20.01215	1.580557E-10	0
20.121017	1.601184E-10	0
20.228934	1.573466E-10	0
20.337414	1.561863E-10	0
20.445667	1.577334E-10	0
20.554813	1.539947E-10	0
20.66305	1.571532E-10	0
20.771533	1.572822E-10	0
20.879893	1.584424E-10	0
20.988843	1.55026E-10	0
21.095603	1.561219E-10	0
21.203327	1.567665E-10	0
21.311618	1.561863E-10	0
21.419678	1.596672E-10	0
21.526826	1.598606E-10	0
21.634286	1.563152E-10	0
21.741765	1.582491E-10	0
21.850561	1.580557E-10	0
21.958755	1.594093E-10	0
22.065702	1.565731E-10	0
22.176155	1.55155E-10	0
22.283593	1.55155E-10	0
22.393158	1.554773E-10	0
22.499962	1.571532E-10	0
22.607905	1.55155E-10	0
22.71529	1.557351E-10	0
22.823472	1.570243E-10	0
22.931592	1.574111E-10	0
23.040096	1.571532E-10	0
23.147835	1.534145E-10	0
23.25633	1.557351E-10	0
23.363199	1.568954E-10	0
23.470596	1.567665E-10	0
23.578581	1.568309E-10	0
23.685181	1.570888E-10	0
23.794373	1.541236E-10	0
23.902379	1.553483E-10	0
24.011159	1.576689E-10	0
24.118587	1.56702E-10	0
24.226911	1.559285E-10	0
24.333355	1.547682E-10	0
24.441636	1.554128E-10	0
24.549989	1.572177E-10	0
24.656709	1.555417E-10	0
24.765369	1.549616E-10	0
24.873811	1.538013E-10	0
24.982641	1.586358E-10	0
25.091696	1.582491E-10	0
25.198614	1.564442E-10	0
25.307097	1.570243E-10	0
25.413368	1.55864E-10	0
25.521204	1.554128E-10	0
25.628985	1.524476E-10	0
25.735718	1.53479E-10	0
25.844368	1.546393E-10	0
25.952708	1.557351E-10	0
26.062601	1.577978E-10	0
26.172606	1.544459E-10	0
26.280447	1.55026E-10	0
26.389439	1.553483E-10	0
26.497293	1.54317E-10	0
26.607088	1.543814E-10	0
26.714375	1.563152E-10	0
26.823377	1.563152E-10	0
26.93059	1.549616E-10	0
27.039364	1.563797E-10	0
27.148376	1.55864E-10	0
27.256481	1.55864E-10	0
27.365812	1.554773E-10	0
27.473592	1.539302E-10	0
27.582545	1.554128E-10	0
27.69065	1.519964E-10	0
27.79905	1.554128E-10	0
27.906372	1.553483E-10	0
28.015925	1.556706E-10	0
28.125022	1.5754E-10	0
28.234538	1.594093E-10	0
28.344388	1.563797E-10	0
28.453874	1.55155E-10	0
28.561358	1.58378E-10	0
28.670197	1.55026E-10	0
28.777077	1.563797E-10	0
28.884919	1.538013E-10	0
28.992671	1.572822E-10	0
29.100591	1.588937E-10	0
29.208543	1.538658E-10	0
29.317054	1.533501E-10	0
29.425251	1.546393E-10	0
29.535401	1.556062E-10	0
29.645274	1.566375E-10	0
29.754047	1.584424E-10	0
29.861666	1.542525E-10	0
29.96987	1.541236E-10	0
30.077473	1.565731E-10	0
30.186345	1.565086E-10	0
30.294793	1.545104E-10	0
30.403085	1.527699E-10	0
30.511904	1.536079E-10	0
30.621041	1.539947E-10	0
30.728878	1.58378E-10	0
30.837189	1.574111E-10	0
30.944802	1.565731E-10	0
31.053392	1.55864E-10	0
31.161106	1.565086E-10	0
31.269333	1.528344E-10	0
31.377306	1.552194E-10	0
31.484369	1.547682E-10	0
31.593163	1.546393E-10	0
31.701663	1.561219E-10	0
31.808861	1.52641E-10	0
31.91656	1.581201E-10	0
32.025003	1.554128E-10	0
32.133306	1.560574E-10	0
32.241495	1.556062E-10	0
32.349088	1.53479E-10	0
32.457606	1.55155E-10	0
32.566904	1.559285E-10	0
32.674737	1.557996E-10	0
32.781205	1.556062E-10	0
32.888378	1.552839E-10	0
32.99654	1.561219E-10	0
33.106534	1.58378E-10	0
33.216474	1.542525E-10	0
33.324187	1.529633E-10	0
33.435221	1.545748E-10	0
33.543805	1.570888E-10	0
33.651744	1.550905E-10	0
33.759203	1.54317E-10	0
33.867825	1.548327E-10	0
33.97582	1.527699E-10	0
34.084447	1.566375E-10	0
34.192771	1.557351E-10	0
34.301357	1.557351E-10	0
34.410476	1.54317E-10	0
34.51867	1.542525E-10	0
34.62762	1.562508E-10	0
34.735291	1.541881E-10	0
34.843621	1.555417E-10	0
34.95121	1.559929E-10	0
35.060038	1.538658E-10	0
35.168874	1.539302E-10	0
35.276773	1.562508E-10	0
35.385279	1.509006E-10	0
35.493335	1.552194E-10	0
35.602958	1.545748E-10	0
35.711954	1.5754E-10	0
35.820065	1.580557E-10	0
35.929373	1.5754E-10	0
36.037296	1.559929E-10	0
36.144983	1.599895E-10	0
36.253457	1.566375E-10	0
36.36115	1.552839E-10	0
36.469101	1.579912E-10	0
36.578941	1.547682E-10	0
36.686745	1.549616E-10	0
36.79379	1.567665E-10	0
36.903463	1.542525E-10	0
37.011509	1.553483E-10	0
37.120189	1.560574E-10	0
37.229194	1.552194E-10	0
37.337836	1.548327E-10	0
37.445859	1.554128E-10	0
37.555138	1.518675E-10	0
37.664442	1.521898E-10	0
37.772656	1.537368E-10	0
37.880682	1.546393E-10	0
37.990368	1.561863E-10	0
38.096953	1.530278E-10	0
38.204264	1.549616E-10	0
38.313475	1.548327E-10	0
38.421576	1.546393E-10	0
38.530744	1.538013E-10	0
38.638584	1.537368E-10	0
38.746959	1.550905E-10	0
38.85587	1.55026E-10	0
38.963712	1.554128E-10	0
39.071837	1.527699E-10	0
39.179992	1.571532E-10	0
39.287823	1.505138E-10	0
39.395897	1.525121E-10	0
39.505474	1.544459E-10	0
39.612983	1.537368E-10	0
39.722094	1.538013E-10	0
39.830342	1.536724E-10	0
39.939935	1.532212E-10	0
40.046818	1.523832E-10	0
40.155933	1.559285E-10	0
40.263092	1.550905E-10	0
40.372065	1.539947E-10	0
40.481584	1.553483E-10	0
40.588813	1.528989E-10	0
40.696828	1.534145E-10	0
40.806606	1.546393E-10	0
40.914499	1.568954E-10	0
41.021752	1.506428E-10	0
41.129956	1.527055E-10	0
41.237803	1.516097E-10	0
41.345906	1.547037E-10	0
41.453506	1.554128E-10	0
41.563177	1.548327E-10	0
41.670812	1.565086E-10	0
41.778865	1.585069E-10	0
41.8856	1.521898E-10	0
41.99451	1.538658E-10	0
42.102787	1.541881E-10	0
42.210729	1.547682E-10	0
42.3204	1.553483E-10	0
42.429224	1.553483E-10	0
42.539865	1.572822E-10	0
42.648695	1.5754E-10	0
42.75782	1.561219E-10	0
42.866358	1.545104E-10	0
42.976762	1.530278E-10	0
43.085957	1.536079E-10	0
43.1928	1.550905E-10	0
43.301683	1.544459E-10	0
43.410033	1.556062E-10	0
43.519873	1.572822E-10	0
43.6268	1.538658E-10	0
43.735769	1.554128E-10	0
43.845209	1.576689E-10	0
43.954549	1.546393E-10	0
44.063058	1.53479E-10	0
44.17188	1.561219E-10	0
44.278836	1.561863E-10	0
44.38755	1.539947E-10	0
44.494919	1.550905E-10	0
44.603531	1.557351E-10	0
44.710817	1.54317E-10	0
44.818523	1.561863E-10	0
44.925381	1.546393E-10	0
45.035496	1.512874E-10	0
45.144001	1.554128E-10	0
45.253272	1.581201E-10	0
45.362184	1.554128E-10	0
45.470347	1.515452E-10	0
45.579795	1.555417E-10	0
45.687874	1.559929E-10	0
45.794764	1.532212E-10	0
45.90262	1.541881E-10	0
46.010895	1.549616E-10	0
46.118913	1.556706E-10	0
46.226901	1.554773E-10	0
46.334413	1.581201E-10	0
46.446113	1.547682E-10	0
46.552745	1.557996E-10	0
46.662017	1.54317E-10	0
46.770329	1.53479E-10	0
46.878677	1.565731E-10	0
46.987634	1.534145E-10	0
47.0961	1.542525E-10	0
47.203553	1.55155E-10	0
47.312084	1.536079E-10	0
47.419905	1.564442E-10	0
47.528459	1.582491E-10	0
47.637509	1.53479E-10	0
47.746105	1.55026E-10	0
47.85456	1.56702E-10	0
47.962786	1.583135E-10	0
48.069694	1.560574E-10	0
48.177769	1.539302E-10	0
48.286218	1.552194E-10	0
48.39395	1.594093E-10	0
48.501367	1.55026E-10	0
48.609222	1.560574E-10	0
48.718319	1.555417E-10	0
48.824958	1.56702E-10	0
48.933053	1.548327E-10	0
49.041594	1.555417E-10	0
49.15117	1.567665E-10	0
49.260225	1.585714E-10	0
49.368136	1.580557E-10	0
49.47631	1.556062E-10	0
49.58513	1.545104E-10	0
49.691986	1.564442E-10	0
49.800164	1.556062E-10	0
49.90898	1.536724E-10	0
50.016773	1.52641E-10	0
50.126316	1.571532E-10	0
50.234585	1.583135E-10	0
50.343725	1.556706E-10	0
50.451475	1.549616E-10	0
50.559605	1.544459E-10	0
50.668459	1.559285E-10	0
50.776943	1.561219E-10	0
50.884977	1.523832E-10	0
50.992491	1.548327E-10	0
51.099951	1.536079E-10	0
51.20871	1.556062E-10	0
51.315872	1.569598E-10	0
51.424595	1.528989E-10	0
51.532452	1.568954E-10	0
51.640984	1.556062E-10	0
51.749819	1.538013E-10	0
51.857785	1.554773E-10	0
51.966138	1.55026E-10	0
52.074522	1.536079E-10	0
52.183068	1.541881E-10	0
52.292504	1.559285E-10	0
52.403156	1.547037E-10	0
52.512526	1.572177E-10	0
52.620521	1.550905E-10	0
52.727681	1.586358E-10	0
52.834775	1.55864E-10	0
52.941952	1.549616E-10	0
53.049953	1.584424E-10	0
53.158119	1.530922E-10	0
53.266001	1.530278E-10	0
53.372764	1.568954E-10	0
53.487242	1.542525E-10	0
53.595001	1.548971E-10	0
53.704584	1.566375E-10	0
53.812312	1.499982E-10	0
53.921858	1.554128E-10	0
54.029344	1.565731E-10	0
54.139313	1.55864E-10	0
54.246673	1.548971E-10	0
54.356328	1.569598E-10	0
54.464883	1.540591E-10	0
54.572609	1.571532E-10	0
54.681211	1.552194E-10	0
54.788887	1.552194E-10	0
54.896809	1.561863E-10	0
55.006345	1.588292E-10	0
55.114984	1.604407E-10	0
55.223568	1.566375E-10	0
55.332298	1.538658E-10	0
55.440756	1.56702E-10	0
55.549586	1.593449E-10	0
55.656478	1.563152E-10	0
55.764746	1.562508E-10	0
55.873398	1.547037E-10	0
55.980066	1.56702E-10	0
56.087648	1.567665E-10	0
56.194879	1.559285E-10	0
56.302407	1.571532E-10	0
56.411877	1.554773E-10	0
56.518933	1.538658E-10	0
56.626914	1.59087E-10	0
56.736002	1.570888E-10	0
56.845036	1.569598E-10	0
56.954233	1.59216E-10	0
57.063118	1.555417E-10	0
57.170985	1.547682E-10	0
57.280407	1.568309E-10	0
57.389467	1.563152E-10	0
57.498436	1.552194E-10	0
57.605514	1.572177E-10	0
57.714486	1.547682E-10	0
57.82271	1.563152E-10	0
57.930528	1.547682E-10	0
58.039743	1.532856E-10	0
58.148921	1.547037E-10	0
58.257701	1.554128E-10	0
58.36465	1.552839E-10	0
58.472901	1.562508E-10	0
58.580986	1.561219E-10	0
58.689932	1.583135E-10	0
58.798945	1.55026E-10	0
58.905843	1.55026E-10	0
59.014594	1.547682E-10	0
59.122826	1.55026E-10	0
59.231797	1.554128E-10	0
59.340373	1.561219E-10	0
59.448882	1.552194E-10	0
59.555914	1.579912E-10	0
59.665052	1.563797E-10	0
59.772974	1.557996E-10	0
59.8819	1.563152E-10	0
59.990027	1.576689E-10	0
60.099226	4.941779E-8	0
60.207244	6.303414E-8	1
60.316251	6.155736E-8	1
60.423665	6.015136E-8	1
60.531957	5.907088E-8	1
60.640027	5.819854E-8	1
60.748512	5.751236E-8	1
60.856877	5.694363E-8	1
60.966576	5.647314E-8	1
61.076014	5.605743E-8	1
61.185583	5.572785E-8	1
61.294677	5.542134E-8	1
61.402576	5.515789E-8	1
61.512606	5.493048E-8	1
61.620601	5.471892E-8	1
61.729815	5.452425E-8	1
61.839229	5.434273E-8	1
61.948884	5.417423E-8	1
62.058271	5.401057E-8	1
62.167101	5.387217E-8	1
62.27585	5.374738E-8	1
62.383429	5.361233E-8	1
62.49362	5.349018E-8	1
62.601198	5.337725E-8	1
62.711305	5.326612E-8	1
62.820233	5.315009E-8	1
62.927508	5.305591E-8	1
63.035688	5.295381E-8	1
63.1451	5.284565E-8	1
63.255307	5.275153E-8	1
63.362025	5.266019E-8	1
63.46922	5.258091E-8	1
63.577598	5.248693E-8	1
63.685404	5.240964E-8	1
63.7938	5.232068E-8	1
63.901107	5.223817E-8	1
64.009585	5.215096E-8	1
64.119088	5.207374E-8	1
64.228116	5.199851E-8	1
64.337945	5.193218E-8	1
64.44547	5.185464E-8	1
64.555393	5.177542E-8	1
64.665683	5.170122E-8	1
64.773427	5.162323E-8	1
64.880929	5.156089E-8	1
64.99011	5.148928E-8	1
65.099715	5.141863E-8	1
65.20877	5.134689E-8	1
65.319404	5.127727E-8	1
65.427643	5.122022E-8	1
65.536959	5.116375E-8	1
65.646055	5.110194E-8	1
65.753426	5.103309E-8	1
65.862298	5.096502E-8	1
65.972248	5.090707E-8	1
66.079821	5.084113E-8	1
66.188514	5.078441E-8	1
66.297314	5.073116E-8	1
66.404728	5.067109E-8	1
66.512154	5.061133E-8	1
66.619506	5.055474E-8	1
66.72733	5.050613E-8	1
66.836452	5.045263E-8	1
66.945173	5.040145E-8	1
67.052998	5.033892E-8	1
67.161242	5.029387E-8	1
67.268619	5.02374E-8	1
67.376949	5.019434E-8	1
67.486325	5.014748E-8	1
67.594069	5.008527E-8	1
67.703729	5.004911E-8	1
67.812485	4.998813E-8	1
67.920996	4.99434E-8	1
68.028919	4.989582E-8	1
68.138446	4.985689E-8	1
68.248114	4.981602E-8	1
68.357019	4.976961E-8	1
68.464892	4.972127E-8	1
68.573739	4.967408E-8	1
68.682364	4.962438E-8	1
68.791677	4.957958E-8	1
68.899652	4.954245E-8	1
69.008914	4.949405E-8	1
69.117769	4.945447E-8	1
69.226671	4.941076E-8	1
69.336425	4.936848E-8	1
69.444751	4.932922E-8	1
69.552951	4.92861E-8	1
69.663629	4.924536E-8	1
69.772801	4.920862E-8	1
69.881995	4.917826E-8	1
69.990283	4.912927E-8	1
70.097569	4.909291E-8	1
70.207112	4.904714E-8	1
70.315825	4.90173E-8	1
70.423755	4.897907E-8	1
70.531924	4.892989E-8	1
70.639891	4.889753E-8	1
70.749318	4.884048E-8	1
70.859376	4.881837E-8	1
70.967325	4.879594E-8	1
71.07596	4.875508E-8	1
71.184932	4.871691E-8	1
71.293025	4.868597E-8	1
71.402824	4.864272E-8	1
71.510699	4.861713E-8	1
71.619406	4.858123E-8	1
71.728027	4.855138E-8	1
71.836146	4.852547E-8	1
71.943401	4.849433E-8	1
72.052075	4.846275E-8	1
72.161411	4.843361E-8	1
72.269138	4.84039E-8	1
72.37715	4.836877E-8	1
72.484925	4.834401E-8	1
72.595055	4.831333E-8	1
72.704862	4.827691E-8	1
72.81375	4.824591E-8	1
72.922181	4.82169E-8	1
73.033941	4.819479E-8	1
73.141521	4.816643E-8	1
73.250337	4.812762E-8	1
73.359529	4.81039E-8	1
73.46754	4.807128E-8	1
73.57619	4.80502E-8	1
73.684783	4.801559E-8	1
73.793194	4.799483E-8	1
73.901466	4.79626E-8	1
74.011365	4.794397E-8	1
74.119023	4.791239E-8	1
74.229097	4.78915E-8	1
74.341705	4.786153E-8	1
74.448968	4.784206E-8	1
74.557155	4.781493E-8	1
74.666545	4.778792E-8	1
74.774531	4.776117E-8	1
74.882622	4.774086E-8	1
74.991275	4.771566E-8	1
75.099713	4.769703E-8	1
75.207995	4.767356E-8	1
75.315881	4.764965E-8	1
75.423069	4.763205E-8	1
75.531891	4.759918E-8	1
75.639621	4.75877E-8	1
75.74712	4.756263E-8	1
75.856693	4.75402E-8	1
75.964804	4.75206E-8	1
76.07484	4.749862E-8	1
76.183366	4.746523E-8	1
76.293056	4.745517E-8	1
76.399642	4.743977E-8	1
76.507018	4.741721E-8	1
76.616014	4.738981E-8	1
76.72607	4.737054E-8	1
76.835588	4.73474E-8	1
76.943062	4.733438E-8	1
77.05241	4.730853E-8	1
77.160388	4.729286E-8	1
77.271719	4.725851E-8	1
77.381496	4.724291E-8	1
77.489813	4.723891E-8	1
77.597408	4.720861E-8	1
77.706782	4.719314E-8	1
77.81621	4.717864E-8	1
77.923818	4.715344E-8	1
78.032931	4.713706E-8	1
78.142462	4.711785E-8	1
78.251204	4.710219E-8	1
78.360398	4.708556E-8	1
78.47065	4.706474E-8	1
78.578606	4.703857E-8	1
78.687694	4.702761E-8	1
78.796475	4.700254E-8	1
78.905744	4.643612E-8	1
79.01483	4.700975E-8	1
79.12383	4.704082E-8	1
79.232374	4.702832E-8	1
79.34021	4.700505E-8	1
79.450379	4.699493E-8	1
79.558092	4.697527E-8	1
79.667391	4.695168E-8	1
79.774736	4.69382E-8	1
79.885334	4.691294E-8	1
79.993838	4.690159E-8	1
80.101938	4.689418E-8	1
80.212293	4.686936E-8	1
80.320585	4.686201E-8	1
80.427301	4.684093E-8	1
80.534861	4.683829E-8	1
80.643718	4.682037E-8	1
80.754849	4.679439E-8	1
80.863024	4.678279E-8	1
80.972766	4.676513E-8	1
81.081817	4.674515E-8	1
81.190504	4.673844E-8	1
81.298218	4.671891E-8	1
81.406276	4.670666E-8	1
81.514589	4.669525E-8	1
81.623251	4.667643E-8	1
81.732618	4.665961E-8	1
81.840578	4.664768E-8	1
81.948368	4.663595E-8	1
82.057207	4.66228E-8	1
82.166245	4.66103E-8	1
82.27386	4.658219E-8	1
82.3824	4.657452E-8	1
82.495271	4.65586E-8	1
82.603277	4.65401E-8	1
82.712909	4.653417E-8	1
82.821756	4.651315E-8	1
82.93006	4.649233E-8	1
83.039713	4.648892E-8	1
83.147751	4.647996E-8	1
83.257415	4.647203E-8	1
83.36633	4.645978E-8	1
83.473053	4.644283E-8	1
83.580763	4.642156E-8	1
83.688038	4.640525E-8	1
83.796762	4.639481E-8	1
83.906935	4.638037E-8	1
84.014873	4.636941E-8	1
84.124902	4.635046E-8	1
84.233876	4.63413E-8	1
84.341452	4.633241E-8	1
84.449275	4.631745E-8	1
84.557281	4.630656E-8	1
84.667083	4.629457E-8	1
84.777035	4.628116E-8	1
84.884883	4.627265E-8	1
84.993659	4.625338E-8	1
85.102145	4.62539E-8	1
85.211539	4.62401E-8	1
85.320704	4.623108E-8	1
85.429057	4.621374E-8	1
85.537401	4.619724E-8	1
85.64468	4.618357E-8	1
85.754909	4.616417E-8	1
85.863838	4.616301E-8	1
85.973671	4.615811E-8	1
86.082952	4.614412E-8	1
86.192675	4.613735E-8	1
86.303104	4.613103E-8	1
86.411646	4.610938E-8	1
86.521361	4.609629E-8	1
86.63003	4.608901E-8	1
86.737332	4.607405E-8	1
86.845289	4.606838E-8	1
86.953425	4.606019E-8	1
87.063342	4.605065E-8	1
87.176414	4.603376E-8	1
87.284224	4.602822E-8	1
87.393903	4.601997E-8	1
87.503633	4.601011E-8	1
87.61259	4.600076E-8	1
87.720771	4.598845E-8	1
87.829238	4.598187E-8	1
87.93708	4.597053E-8	1
88.045079	4.596666E-8	1
88.153633	4.595661E-8	1
88.261971	4.59374E-8	1
88.370273	4.592457E-8	1
88.477779	4.591574E-8	1
88.587838	4.591303E-8	1
88.695881	4.590594E-8	1
88.804915	4.59024E-8	1
88.912702	4.588821E-8	1
89.020632	4.587758E-8	1
89.129179	4.586211E-8	1
89.239581	4.585766E-8	1
89.347998	4.584432E-8	1
89.458111	4.583478E-8	1
89.567203	4.582092E-8	1
89.675889	4.580893E-8	1
89.784923	4.580506E-8	1
89.894076	4.579668E-8	1
90.002245	4.578662E-8	1
90.111685	4.579133E-8	1
90.220602	4.577522E-8	1
90.329223	4.577231E-8	1
90.437581	4.576374E-8	1
90.546243	4.575581E-8	1
90.654077	4.57466E-8	1
90.762312	4.573892E-8	1
90.871501	4.572481E-8	1
90.979549	4.571759E-8	1
91.089964	4.571269E-8	1
91.198092	4.570792E-8	1
91.306328	4.570031E-8	1
91.416695	4.568626E-8	1
91.526098	4.568027E-8	1
91.63322	4.566815E-8	1
91.741501	4.566267E-8	1
91.849521	4.565442E-8	1
91.957875	4.564907E-8	1
92.064945	4.563779E-8	1
92.173945	4.562096E-8	1
92.283341	4.56122E-8	1
92.391973	4.5618E-8	1
92.501564	4.559956E-8	1
92.612224	4.559292E-8	1
92.723078	4.558744E-8	1
92.831182	4.559041E-8	1
92.938878	4.557384E-8	1
93.047462	4.557043E-8	1
93.157791	4.556649E-8	1
93.267069	4.556185E-8	1
93.374743	4.554999E-8	1
93.482891	4.553542E-8	1
93.591002	4.552453E-8	1
93.700131	4.553562E-8	1
93.808075	4.551776E-8	1
93.916504	4.551054E-8	1
94.024984	4.550332E-8	1
94.13412	4.549971E-8	1
94.242712	4.548714E-8	1
94.352665	4.549043E-8	1
94.461295	4.547509E-8	1
94.57013	4.547019E-8	1
94.679306	4.54542E-8	1
94.787393	4.544763E-8	1
94.89536	4.545678E-8	1
95.00309	4.543255E-8	1
95.112302	4.543854E-8	1
95.220208	4.54301E-8	1
95.330334	4.541624E-8	1
95.438714	4.541475E-8	1
95.547833	4.541714E-8	1
95.657138	4.541856E-8	1
95.765941	4.54027E-8	1
95.873977	4.539754E-8	1
95.982805	4.539419E-8	1
96.090143	4.537814E-8	1
96.19777	4.537066E-8	1
96.307142	4.537492E-8	1
96.416318	4.536222E-8	1
96.52466	4.534494E-8	1
96.634047	4.533901E-8	1
96.742048	4.533044E-8	1
96.850789	4.53316E-8	1
96.959393	4.533979E-8	1
97.067226	4.531433E-8	1
97.17691	4.531239E-8	1
97.285941	4.530266E-8	1
97.394611	4.529815E-8	1
97.502886	4.528364E-8	1
97.612562	4.528422E-8	1
97.721816	4.52743E-8	1
97.829998	4.526224E-8	1
97.938	4.525058E-8	1
98.047155	4.525296E-8	1
98.157069	4.523723E-8	1
98.264873	4.52402E-8	1
98.374708	4.522511E-8	1
98.48234	4.521757E-8	1
98.591812	4.522389E-8	1
98.700843	4.521171E-8	1
98.808637	4.520242E-8	1
98.916629	4.520017E-8	1
99.026741	4.519069E-8	1
99.136366	4.519108E-8	1
99.245347	4.517606E-8	1
99.355587	4.516749E-8	1
99.462861	4.516529E-8	1
99.572253	4.516065E-8	1
99.679687	4.515807E-8	1
99.788491	4.515427E-8	1
99.897094	4.514286E-8	1
100.005336	4.514499E-8	1
100.114377	4.514254E-8	1
100.223763	4.513184E-8	1
100.334905	4.511875E-8	1
100.443676	4.51163E-8	1
100.552823	4.511295E-8	1
100.661452	4.511179E-8	1
100.77051	4.510354E-8	1
100.880536	4.509561E-8	1
100.987198	4.509948E-8	1
101.096409	4.50949E-8	1
101.204024	4.507705E-8	1
101.313871	4.507563E-8	1
101.421821	4.506377E-8	1
101.532397	4.505526E-8	1
101.639387	4.505397E-8	1
101.748678	4.50454E-8	1
101.858156	4.504875E-8	1
101.967106	4.504656E-8	1
102.075696	4.504585E-8	1
102.185078	4.503077E-8	1
102.294021	4.502613E-8	1
102.401403	4.50209E-8	1
102.509626	4.501865E-8	1
102.618187	4.501588E-8	1
102.726762	4.499518E-8	1
102.835735	4.500273E-8	1
102.942909	4.498345E-8	1
103.050195	4.498913E-8	1
103.159056	4.499267E-8	1
103.267746	4.498919E-8	1
103.375569	4.497527E-8	1
103.483909	4.49761E-8	1
103.592107	4.497127E-8	1
103.700721	4.496495E-8	1
103.808816	4.495915E-8	1
103.918267	4.495013E-8	1
104.027437	4.495367E-8	1
104.13507	4.494903E-8	1
104.244367	4.494555E-8	1
104.353073	4.493034E-8	1
104.461386	4.49335E-8	1
104.569637	4.494549E-8	1
104.677368	4.492608E-8	1
104.786584	4.491558E-8	1
104.895055	4.491912E-8	1
105.005056	4.491977E-8	1
105.11357	4.491461E-8	1
105.223039	4.48983E-8	1
105.331326	4.490223E-8	1
105.439713	4.490004E-8	1
105.548259	4.488657E-8	1
105.657976	4.488057E-8	1
105.766452	4.488244E-8	1
105.875685	4.487342E-8	1
105.985065	4.486884E-8	1
106.094643	4.486704E-8	1
106.202889	4.486852E-8	1
106.311984	4.485679E-8	1
106.420943	4.485827E-8	1
106.529486	4.485092E-8	1
106.638458	4.48439E-8	1
106.747878	4.483732E-8	1
106.857074	4.482849E-8	1
106.967232	4.48225E-8	1
107.075448	4.482972E-8	1
107.183529	4.480284E-8	1
107.293684	4.481947E-8	1
107.402904	4.480051E-8	1
107.512872	4.480554E-8	1
107.621529	4.478227E-8	1
107.730002	4.478279E-8	1
107.838801	4.478608E-8	1
107.946472	4.478401E-8	1
108.056228	4.47824E-8	1
108.163374	4.478227E-8	1
108.271934	4.477538E-8	1
108.380263	4.477344E-8	1
108.488504	4.476648E-8	1
108.597537	4.474888E-8	1
108.706226	4.475281E-8	1
108.814917	4.475436E-8	1
108.923725	4.475281E-8	1
109.032231	4.474321E-8	1
109.141905	4.473148E-8	1
109.25215	4.474708E-8	1
109.363292	4.473747E-8	1
109.471256	4.473154E-8	1
109.580818	4.473154E-8	1
109.690136	4.471923E-8	1
109.798884	4.471646E-8	1
109.907174	4.471891E-8	1
110.015034	4.471272E-8	1
110.125109	4.471594E-8	1
110.233988	4.470814E-8	1
110.343354	4.470202E-8	1
110.452747	4.471001E-8	1
110.56095	4.470537E-8	1
110.66945	4.469416E-8	1
110.777454	4.468958E-8	1
110.887468	4.46859E-8	1
110.995112	4.467836E-8	1
111.102997	4.467997E-8	1
111.211045	4.467636E-8	1
111.318948	4.467914E-8	1
111.427476	4.466966E-8	1
111.536083	4.466154E-8	1
111.64463	4.465851E-8	1
111.75633	4.465922E-8	1
111.86195	4.465232E-8	1
111.972364	4.465077E-8	1
112.080565	4.465058E-8	1
112.191338	4.464542E-8	1
112.300653	4.464317E-8	1
112.40955	4.463331E-8	1
112.519021	4.463556E-8	1
112.627459	4.463331E-8	1
112.737374	4.462415E-8	1
112.846039	4.461248E-8	1
112.955127	4.462093E-8	1
113.063537	4.461784E-8	1
113.171263	4.461609E-8	1
113.280331	4.46092E-8	1
113.389567	4.460617E-8	1
113.499321	4.460236E-8	1
113.608018	4.460462E-8	1
113.717179	4.459992E-8	1
113.827363	4.459411E-8	1
113.937174	4.45887E-8	1
114.047174	4.458438E-8	1
114.155136	4.458296E-8	1
114.264291	4.458457E-8	1
114.37116	4.458457E-8	1
114.480237	4.457142E-8	1
114.588031	4.456943E-8	1
114.697529	4.457052E-8	1
114.807506	4.456169E-8	1
114.917212	4.456008E-8	1
115.02498	4.454906E-8	1
115.134145	4.455196E-8	1
115.242587	4.456201E-8	1
115.351665	4.455634E-8	1
115.460282	4.454171E-8	1
115.570401	4.454023E-8	1
115.67843	4.453243E-8	1
115.788424	4.452308E-8	1
115.896544	4.452256E-8	1
116.006718	4.452031E-8	1
116.115152	4.451431E-8	1
116.223574	4.45078E-8	1
116.332434	4.450729E-8	1
116.441905	4.450271E-8	1
116.55017	4.448724E-8	1
116.659556	4.450316E-8	1
116.767166	4.449066E-8	1
116.877544	4.448543E-8	1
116.986125	4.448402E-8	1
117.09516	4.447776E-8	1
117.203288	4.447564E-8	1
117.312782	4.44728E-8	1
117.421569	4.447261E-8	1
117.531452	4.44699E-8	1
117.640568	4.44572E-8	1
117.749493	4.445565E-8	1
117.857597	4.444992E-8	1
117.968675	4.445172E-8	1
118.078538	4.44476E-8	1
118.186801	4.444334E-8	1
118.296313	4.443619E-8	1
118.406563	4.443367E-8	1
118.515565	4.443806E-8	1
118.623789	4.442968E-8	1
118.735555	4.442516E-8	1
118.846043	4.443006E-8	1
118.954174	4.442329E-8	1
119.064177	4.44153E-8	1
119.174614	4.442265E-8	1
119.284176	4.441446E-8	1
119.393656	4.441247E-8	1
119.502164	4.440273E-8	1
119.611499	4.441459E-8	1
119.720705	4.440299E-8	1
119.829652	4.439422E-8	1
119.938698	4.439674E-8	1
120.047788	4.440151E-8	1
120.156775	4.438668E-8	1
120.265869	4.439596E-8	1
120.374979	4.438758E-8	1
120.484583	4.437824E-8	1
120.592778	4.437746E-8	1
120.700549	4.437953E-8	1
120.81014	4.437559E-8	1
120.918262	4.437115E-8	1
121.027191	4.43676E-8	1
121.138237	4.436296E-8	1
121.246948	4.436103E-8	1
121.356569	4.436476E-8	1
121.465205	4.435548E-8	1
121.575189	4.434601E-8	1
121.683339	4.434981E-8	1
121.792284	4.434478E-8	1
121.903225	4.434884E-8	1
122.011953	4.433563E-8	1
122.120554	4.433157E-8	1
122.229463	4.432725E-8	1
122.337684	4.433183E-8	1
122.447234	4.433157E-8	1
122.557191	4.433125E-8	1
122.66521	4.378321E-8	1
122.77229	4.437785E-8	1
122.880399	4.440318E-8	1
122.989972	4.439603E-8	1
123.099487	4.4391E-8	1
123.207789	4.439641E-8	1
123.316138	4.438185E-8	1
123.426649	4.438533E-8	1
123.53402	4.43783E-8	1
123.641733	4.437611E-8	1
123.750442	4.437804E-8	1
123.858156	4.437746E-8	1
123.966666	4.437153E-8	1
124.076507	4.436741E-8	1
124.185703	4.436941E-8	1
124.294881	4.436496E-8	1
124.404737	4.435813E-8	1
124.513522	4.436367E-8	1
124.623866	4.436322E-8	1
124.731887	4.434859E-8	1
124.841105	4.434478E-8	1
124.95041	4.434665E-8	1
125.061257	4.433963E-8	1
125.169968	4.434027E-8	1
125.279023	4.433067E-8	1
125.38801	4.433221E-8	1
125.496724	4.432609E-8	1
125.605262	4.431552E-8	1
125.716101	4.432022E-8	1
125.825256	4.431294E-8	1
125.933551	4.4319E-8	1
126.042511	4.431152E-8	1
126.151762	4.431603E-8	1
126.260631	4.430649E-8	1
126.37026	4.431004E-8	1
126.479806	4.430011E-8	1
126.588076	4.43003E-8	1
126.696747	4.430501E-8	1
126.80547	4.430275E-8	1
126.916637	4.429637E-8	1
127.024954	4.429399E-8	1
127.133092	4.429753E-8	1
127.24331	4.428683E-8	1
127.353496	4.427961E-8	1
127.461938	4.428722E-8	1
127.569728	4.427439E-8	1
127.681104	4.427903E-8	1
127.790728	4.427633E-8	1
127.900916	4.427014E-8	1
128.010319	4.427046E-8	1
128.119183	4.427156E-8	1
128.229046	4.426924E-8	1
128.337636	4.426311E-8	1
128.446479	4.426563E-8	1
128.555958	4.42626E-8	1
128.663021	4.425202E-8	1
128.771374	4.426086E-8	1
128.879496	4.424719E-8	1
128.989648	4.423945E-8	1
129.097578	4.425563E-8	1
129.20646	4.423991E-8	1
129.315269	4.423855E-8	1
129.426174	4.423726E-8	1
129.5348	4.423694E-8	1
129.648346	4.42343E-8	1
129.758588	4.422882E-8	1
129.866827	4.422708E-8	1
129.976262	4.42234E-8	1
130.086173	4.42236E-8	1
130.195312	4.423262E-8	1
130.302993	4.421631E-8	1
130.411408	4.421799E-8	1
130.521692	4.421496E-8	1
130.631112	4.420909E-8	1
130.741057	4.420858E-8	1
130.850409	4.421E-8	1
130.957631	4.421283E-8	1
131.066127	4.4204E-8	1
131.175923	4.420361E-8	1
131.28497	4.420284E-8	1
131.393438	4.420033E-8	1
131.502037	4.41953E-8	1
131.609537	4.419362E-8	1
131.718572	4.419633E-8	1
131.827918	4.418447E-8	1
131.936626	4.419208E-8	1
132.043593	4.418988E-8	1
132.152029	4.418183E-8	1
132.259385	4.41953E-8	1
132.370791	4.418363E-8	1
132.478817	4.418054E-8	1
132.588574	4.41837E-8	1
132.697683	4.418808E-8	1
132.804977	4.417828E-8	1
132.914071	4.418292E-8	1
133.024393	4.418363E-8	1
133.133747	4.417377E-8	1
133.24474	4.41574E-8	1
133.35317	4.4165E-8	1
133.464225	4.415952E-8	1
133.573559	4.415166E-8	1
133.683023	4.415456E-8	1
133.792027	4.415579E-8	1
133.900727	4.416172E-8	1
134.009807	4.415037E-8	1
134.117293	4.414786E-8	1
134.226257	4.413509E-8	1
134.335026	4.414264E-8	1
134.442967	4.4136E-8	1
134.553328	4.412375E-8	1
134.661353	4.413522E-8	1
134.770624	4.412994E-8	1
134.878658	4.412594E-8	1
134.987678	4.41262E-8	1
135.096665	4.41146E-8	1
135.205204	4.412826E-8	1
135.312782	4.411266E-8	1
135.422734	4.410518E-8	1
135.533136	4.410377E-8	1
135.640619	4.410441E-8	1
135.749807	4.409371E-8	1
135.859543	4.410138E-8	1
135.967288	4.409867E-8	1
136.07755	4.409938E-8	1
136.187552	4.40881E-8	1
136.297451	4.409706E-8	1
136.406327	4.409249E-8	1
136.515161	4.408643E-8	1
136.624445	4.408817E-8	1
136.734986	4.40912E-8	1
136.84289	4.408488E-8	1
136.952492	4.407914E-8	1
137.061434	4.407734E-8	1
137.170873	4.407727E-8	1
137.279454	4.407025E-8	1
137.387361	4.40678E-8	1
137.49768	4.407154E-8	1
137.606986	4.406496E-8	1
137.716494	4.406393E-8	1
137.825342	4.406651E-8	1
137.93394	4.407328E-8	1
138.043833	4.407154E-8	1
138.150967	4.405445E-8	1
138.259909	4.405819E-8	1
138.368754	4.40589E-8	1
138.477698	4.404923E-8	1
138.587906	4.404749E-8	1
138.696647	4.405207E-8	1
138.80745	4.405149E-8	1
138.916538	4.405433E-8	1
139.025527	4.404208E-8	1
139.133091	4.403931E-8	1
139.243326	4.404195E-8	1
139.352182	4.40384E-8	1
139.46125	4.403757E-8	1
139.570095	4.403383E-8	1
139.680515	4.403447E-8	1
139.789189	4.403048E-8	1
139.898776	4.403628E-8	1
140.008329	4.403009E-8	1
140.117764	4.403015E-8	1
140.226212	4.402564E-8	1
140.334184	4.402545E-8	1
140.442335	4.402048E-8	1
140.551402	4.402132E-8	1
140.659925	4.402119E-8	1
140.768046	4.402512E-8	1
140.877252	4.40094E-8	1
140.985761	4.402467E-8	1
141.09334	4.401455E-8	1
141.201887	4.401707E-8	1
141.311834	4.401655E-8	1
141.420487	4.400302E-8	1
141.527417	4.400534E-8	1
141.63674	4.400978E-8	1
141.746684	4.400385E-8	1
141.855486	4.400733E-8	1
141.964376	4.39987E-8	1
142.072852	4.40045E-8	1
142.18212	4.399708E-8	1
142.290868	4.399115E-8	1
142.398486	4.400488E-8	1
142.507638	4.398696E-8	1
142.615626	4.398155E-8	1
142.723057	4.398677E-8	1
142.831892	4.397962E-8	1
142.939961	4.39802E-8	1
143.048958	4.397497E-8	1
143.155598	4.397388E-8	1
143.264175	4.397523E-8	1
143.372681	4.396195E-8	1
143.48179	4.396369E-8	1
143.589171	4.397381E-8	1
143.698452	4.39702E-8	1
143.806069	4.397311E-8	1
143.914389	4.396453E-8	1
144.023474	4.396447E-8	1
144.131805	4.39655E-8	1
144.240085	4.395235E-8	1
144.347141	4.395912E-8	1
144.454396	4.395609E-8	1
144.56246	4.396157E-8	1
144.670874	4.395473E-8	1
144.778646	4.395338E-8	1
144.886796	4.39488E-8	1
144.993885	4.394236E-8	1
145.102487	4.395725E-8	1
145.211095	4.395538E-8	1
145.318512	4.394919E-8	1
145.428872	4.395551E-8	1
145.536803	4.394423E-8	1
145.643991	4.393991E-8	1
145.75309	4.393797E-8	1
145.860502	4.394397E-8	1
145.968048	4.3945E-8	1
146.076485	4.394287E-8	1
146.184414	4.393765E-8	1
146.291965	4.3941E-8	1
146.399086	4.393308E-8	1
146.507908	4.393914E-8	1
146.616308	4.392715E-8	1
146.723867	4.392489E-8	1
146.832037	4.392979E-8	1
146.941119	4.392727E-8	1
147.048221	4.391851E-8	1
147.155422	4.392038E-8	1
147.263371	4.392715E-8	1
147.371208	4.39167E-8	1
147.478878	4.392231E-8	1
147.586819	4.391838E-8	1
147.69555	4.391793E-8	1
147.803855	4.391432E-8	1
147.913337	4.390942E-8	1
148.021232	4.390478E-8	1
148.12932	4.390549E-8	1
148.238575	4.390194E-8	1
148.347342	4.389569E-8	1
148.456828	4.389272E-8	1
148.565221	4.390607E-8	1
148.674436	4.389691E-8	1
148.782823	4.390645E-8	1
148.891006	4.389459E-8	1
148.998871	4.388673E-8	1
149.108493	4.389002E-8	1
149.216648	4.388821E-8	1
149.324483	4.388679E-8	1
149.432106	4.388041E-8	1
149.540437	4.388454E-8	1
149.648173	4.387964E-8	1
149.75615	4.387538E-8	1
149.865111	4.387957E-8	1
149.972579	4.388299E-8	1
150.080439	4.388138E-8	1
150.188473	4.388228E-8	1
150.297378	4.388473E-8	1
150.406022	4.387938E-8	1
150.514644	4.388467E-8	1
150.622844	4.388177E-8	1
150.731849	4.387777E-8	1
150.841754	4.386965E-8	1
150.950747	4.386952E-8	1
151.058849	4.386849E-8	1
151.166854	4.387255E-8	1
151.275455	4.386507E-8	1
151.383029	4.386939E-8	1
151.490981	4.386726E-8	1
151.599967	4.38663E-8	1
151.708023	4.386223E-8	1
151.816761	4.385637E-8	1
151.926173	4.385373E-8	1
152.033259	4.385566E-8	1
152.143475	4.38565E-8	1
152.253122	4.384296E-8	1
152.359785	4.384077E-8	1
152.467459	4.384225E-8	1
152.577242	4.383929E-8	1
152.686527	4.383374E-8	1
152.794471	4.383284E-8	1
152.902568	4.383104E-8	1
153.011148	4.382104E-8	1
153.119662	4.38331E-8	1
153.228778	4.383239E-8	1
153.337426	4.38271E-8	1
153.446095	4.381795E-8	1
153.554476	4.381872E-8	1
153.663734	4.381183E-8	1
153.772226	4.381183E-8	1
153.882115	4.381711E-8	1
153.989736	4.380428E-8	1
154.097774	4.380532E-8	1
154.204865	4.380635E-8	1
154.313561	4.381279E-8	1
154.421927	4.380628E-8	1
154.530989	4.380789E-8	1
154.640176	4.379893E-8	1
154.746851	4.380061E-8	1
154.855373	4.379964E-8	1
154.963041	4.379642E-8	1
155.071997	4.38048E-8	1
155.179693	4.379159E-8	1
155.287591	4.379017E-8	1
155.395887	4.378398E-8	1
155.503932	4.379294E-8	1
155.611125	4.378224E-8	1
155.718944	4.378114E-8	1
155.826456	4.37823E-8	1
155.933609	4.379068E-8	1
156.041918	4.378372E-8	1
156.149602	4.377966E-8	1
156.257871	4.377695E-8	1
156.365503	4.377734E-8	1
156.474208	4.377263E-8	1
156.583479	4.377405E-8	1
156.691951	4.377373E-8	1
156.798919	4.377064E-8	1
156.90537	4.376451E-8	1
157.013983	4.376348E-8	1
157.122478	4.376561E-8	1
157.231087	4.376954E-8	1
157.340328	4.376774E-8	1
157.451045	4.376658E-8	1
157.557575	4.376857E-8	1
157.66692	4.376928E-8	1
157.774514	4.37553E-8	1
157.883351	4.375562E-8	1
157.990825	4.375794E-8	1
158.100716	4.375375E-8	1
158.209285	4.375742E-8	1
158.316908	4.375401E-8	1
158.424307	4.375439E-8	1
158.53401	4.375774E-8	1
158.642435	4.375575E-8	1
158.750769	4.374588E-8	1
158.860245	4.374505E-8	1
158.968223	4.373963E-8	1
159.075998	4.37484E-8	1
159.185532	4.374866E-8	1
159.294528	4.374021E-8	1
159.40355	4.37404E-8	1
159.511703	4.328783E-8	1
159.620485	4.371649E-8	1
159.729122	4.382717E-8	1
159.837886	4.381995E-8	1
159.945873	4.382362E-8	1
160.05433	4.383E-8	1
160.162762	4.382227E-8	1
160.269398	4.381073E-8	1
160.379369	4.382685E-8	1
160.487823	4.381679E-8	1
160.595511	4.380996E-8	1
160.703224	4.382014E-8	1
160.81174	4.381898E-8	1
160.919285	4.381653E-8	1
161.026829	4.38135E-8	1
161.136757	4.382117E-8	1
161.244968	4.379971E-8	1
161.354005	4.380938E-8	1
161.463536	4.381344E-8	1
161.571669	4.380164E-8	1
161.680706	4.379861E-8	1
161.788059	4.380312E-8	1
161.895942	4.380661E-8	1
162.00455	4.379881E-8	1
162.112607	4.380106E-8	1
162.221926	4.378843E-8	1
162.330653	4.378759E-8	1
162.43896	4.378546E-8	1
162.546843	4.378566E-8	1
162.65606	4.379797E-8	1
162.764555	4.37874E-8	1
162.871795	4.377631E-8	1
162.979509	4.377341E-8	1
163.088772	4.379139E-8	1
163.196489	4.377476E-8	1
163.306013	4.377882E-8	1
163.414566	4.378237E-8	1
163.523146	4.37738E-8	1
163.632642	4.378527E-8	1
163.740486	4.377418E-8	1
163.84956	4.378127E-8	1
163.957297	4.376677E-8	1
164.06613	4.376716E-8	1
164.17314	4.377244E-8	1
164.281841	4.376103E-8	1
164.390355	4.376484E-8	1
164.497656	4.377057E-8	1
164.605239	4.376103E-8	1
164.713601	4.375742E-8	1
164.821655	4.375787E-8	1
164.929377	4.37689E-8	1
165.038123	4.3756E-8	1
165.146198	4.376168E-8	1
165.254409	4.37736E-8	1
165.362403	4.376077E-8	1
165.470211	4.376367E-8	1
165.578664	4.376645E-8	1
165.686988	4.374324E-8	1
165.795615	4.376065E-8	1
165.904588	4.374878E-8	1
166.012977	4.375304E-8	1
166.122327	4.375723E-8	1
166.228978	4.374627E-8	1
166.337518	4.374833E-8	1
166.445665	4.375517E-8	1
166.55337	4.374885E-8	1
166.660297	4.375517E-8	1
166.767886	4.375033E-8	1
166.876983	4.374982E-8	1
166.987711	4.37542E-8	1
167.095143	4.374698E-8	1
167.203687	4.374524E-8	1
167.311534	4.37426E-8	1
167.419329	4.374679E-8	1
167.526928	4.374363E-8	1
167.635334	4.374086E-8	1
167.743718	4.373538E-8	1
167.850846	4.374202E-8	1
167.958693	4.374517E-8	1
168.067001	4.373776E-8	1
168.175997	4.374511E-8	1
168.285833	4.373202E-8	1
168.394544	4.373828E-8	1
168.50461	4.373957E-8	1
168.612638	4.375723E-8	1
168.720798	4.374247E-8	1
168.829357	4.373505E-8	1
168.938602	4.373744E-8	1
169.045564	4.37328E-8	1
169.153418	4.372074E-8	1
169.261767	4.373905E-8	1
169.370277	4.372629E-8	1
169.479051	4.373596E-8	1
169.58821	4.372661E-8	1
169.694871	4.371585E-8	1
169.804621	4.372326E-8	1
169.913251	4.372532E-8	1
170.022594	4.371797E-8	1
170.130217	4.37212E-8	1
170.237541	4.371539E-8	1
170.34711	4.371333E-8	1
170.455848	4.371746E-8	1
170.564629	4.371726E-8	1
170.673478	4.371204E-8	1
170.783335	4.370192E-8	1
170.890553	4.369328E-8	1
170.99947	4.369631E-8	1
171.108376	4.369457E-8	1
171.217496	4.368858E-8	1
171.326941	4.368768E-8	1
171.436027	4.368742E-8	1
171.545279	4.368149E-8	1
171.65238	4.367846E-8	1
171.761405	4.368091E-8	1
171.869169	4.368632E-8	1
171.977691	4.368246E-8	1
172.086757	4.36791E-8	1
172.19528	4.368258E-8	1
172.304173	4.367743E-8	1
172.411055	4.368697E-8	1
172.518853	4.367872E-8	1
172.628279	4.36715E-8	1
172.737067	4.366931E-8	1
172.845634	4.367311E-8	1
172.95545	4.366763E-8	1
173.064652	4.366202E-8	1
173.172552	4.367511E-8	1
173.281235	4.366602E-8	1
173.389114	4.366499E-8	1
173.495948	4.367137E-8	1
173.60543	4.366795E-8	1
173.713415	4.366086E-8	1
173.821875	4.366582E-8	1
173.930472	4.366183E-8	1
174.039075	4.365203E-8	1
174.148006	4.365983E-8	1
174.256048	4.3655E-8	1
174.363806	4.366054E-8	1
174.473051	4.365319E-8	1
174.580479	4.365242E-8	1
174.687719	4.364771E-8	1
174.796715	4.364462E-8	1
174.904683	4.363952E-8	1
175.014666	4.365313E-8	1
175.122631	4.364919E-8	1
175.230834	4.364442E-8	1
175.338824	4.363798E-8	1
175.444977	4.363327E-8	1
175.553498	4.363379E-8	1
175.663908	4.364565E-8	1
175.772691	4.363533E-8	1
175.879493	4.364417E-8	1
175.987525	4.363598E-8	1
176.095378	4.363817E-8	1
176.203082	4.363695E-8	1
176.310933	4.364371E-8	1
176.42079	4.363733E-8	1
176.530465	4.363327E-8	1
176.640716	4.36325E-8	1
176.748163	4.363005E-8	1
176.855536	4.362148E-8	1
176.964681	4.362895E-8	1
177.073797	4.363179E-8	1
177.183424	4.362857E-8	1
177.290796	4.362908E-8	1
177.398332	4.362915E-8	1
177.505484	4.363056E-8	1
177.614887	4.36276E-8	1
177.723851	4.364848E-8	1
177.832579	4.361864E-8	1
177.941558	4.36218E-8	1
178.050739	4.361613E-8	1
178.158915	4.361671E-8	1
178.267078	4.361741E-8	1
178.375694	4.362296E-8	1
178.483879	4.36227E-8	1
178.591793	4.36187E-8	1
178.700979	4.361696E-8	1
178.808703	4.360401E-8	1
178.917759	4.361651E-8	1
179.024704	4.361026E-8	1
179.134823	4.361213E-8	1
179.243175	4.360897E-8	1
179.350561	4.360891E-8	1
179.457823	4.361316E-8	1
179.564147	4.360375E-8	1
179.674117	4.360117E-8	1
179.781455	4.360014E-8	1
179.889692	4.360201E-8	1
179.997099	4.359756E-8	1
180.105583	4.358731E-8	1
180.214711	4.358125E-8	1
180.323457	4.359756E-8	1
180.4334	4.35955E-8	1
180.541358	4.359453E-8	1
180.648668	4.359402E-8	1
180.757107	4.359208E-8	1
180.867523	4.358151E-8	1
180.975398	4.358918E-8	1
181.083361	4.358963E-8	1
181.191436	4.359086E-8	1
181.298578	4.359015E-8	1
181.40637	4.35828E-8	1
181.5147	4.358847E-8	1
181.624125	4.358499E-8	1
181.732909	4.358693E-8	1
181.84243	4.357861E-8	1
181.949785	4.358796E-8	1
182.05775	4.358093E-8	1
182.166695	4.357726E-8	1
182.275517	4.357481E-8	1
182.383533	4.357887E-8	1
182.491873	4.358228E-8	1
182.600014	4.357165E-8	1
182.709149	4.357597E-8	1
182.816304	4.3571E-8	1
182.925582	4.356933E-8	1
183.034443	4.35759E-8	1
183.14274	4.357062E-8	1
183.250403	4.357571E-8	1
183.357693	4.357307E-8	1
183.465588	4.356404E-8	1
183.573845	4.356804E-8	1
183.682816	4.356359E-8	1
183.792224	4.356017E-8	1
183.901349	4.35576E-8	1
184.009702	4.356488E-8	1
184.118096	4.355734E-8	1
184.225093	4.356417E-8	1
184.334026	4.355334E-8	1
184.442417	4.356424E-8	1
184.55018	4.356301E-8	1
184.658211	4.356901E-8	1
184.767145	4.355231E-8	1
184.876884	4.356088E-8	1
184.985906	4.355805E-8	1
185.094134	4.354928E-8	1
185.201402	4.356159E-8	1
185.310116	4.355753E-8	1
185.41713	4.355328E-8	1
185.524776	4.355192E-8	1
185.632209	4.355186E-8	1
185.73961	4.354818E-8	1
185.849008	4.354799E-8	1
185.958964	4.355141E-8	1
186.069255	4.354432E-8	1
186.177554	4.354593E-8	1
186.284762	4.354793E-8	1
186.393145	4.354857E-8	1
186.502878	4.354541E-8	1
186.611257	4.353658E-8	1
186.718481	4.354445E-8	1
186.826431	4.35418E-8	1
186.934454	4.353955E-8	1
187.042988	4.35469E-8	1
187.150858	4.354773E-8	1
187.258953	4.355083E-8	1
187.369096	4.353819E-8	1
187.476199	4.354077E-8	1
187.585795	4.354806E-8	1
187.694013	4.355747E-8	1
187.803792	4.354735E-8	1
187.911433	4.353452E-8	1
188.020056	4.353317E-8	1
188.12836	4.353271E-8	1
188.23562	4.353136E-8	1
188.34424	4.353259E-8	1
188.451269	4.353046E-8	1
188.560299	4.353194E-8	1
188.668314	4.352118E-8	1
188.776758	4.352511E-8	1
188.88478	4.351776E-8	1
188.992042	4.352659E-8	1
189.100566	4.351467E-8	1
189.209122	4.351692E-8	1
189.316182	4.351589E-8	1
189.426182	4.351118E-8	1
189.53579	4.350725E-8	1
189.643862	4.351673E-8	1
189.752782	4.35108E-8	1
189.861866	4.351686E-8	1
189.970851	4.351209E-8	1
190.079764	4.351202E-8	1
190.188561	4.350822E-8	1
190.296855	4.350409E-8	1
190.404402	4.350538E-8	1
190.512227	4.350203E-8	1
190.620413	4.349275E-8	1
190.72912	4.349326E-8	1
190.83726	4.349707E-8	1
190.945705	4.349488E-8	1
191.05302	4.349288E-8	1
191.161745	4.348779E-8	1
191.269049	4.34921E-8	1
191.376091	4.348682E-8	1
191.484807	4.349062E-8	1
191.592352	4.348907E-8	1
191.70128	4.348443E-8	1
191.808806	4.348888E-8	1
191.916062	4.348521E-8	1
192.024815	4.348953E-8	1
192.133493	4.348244E-8	1
192.242465	4.347973E-8	1
192.351085	4.348211E-8	1
192.458462	4.348443E-8	1
192.568056	4.348559E-8	1
192.675653	4.348372E-8	1
192.785515	4.347721E-8	1
192.893587	4.347128E-8	1
193.00349	4.34836E-8	1
193.11215	4.347973E-8	1
193.221602	4.34843E-8	1
193.330464	4.347728E-8	1
193.438136	4.347373E-8	1
193.545907	4.346484E-8	1
193.652959	4.347128E-8	1
193.761884	4.34865E-8	1
193.870775	4.347012E-8	1
193.977986	4.347315E-8	1
194.085764	4.347431E-8	1
194.193442	4.347354E-8	1
194.303262	4.346787E-8	1
194.411687	4.347257E-8	1
194.51974	4.347238E-8	1
194.62889	4.345987E-8	1
194.735796	4.346806E-8	1
194.845328	4.3462E-8	1
194.954057	4.346961E-8	1
195.062809	4.346303E-8	1
195.169954	4.346632E-8	1
195.276925	4.347116E-8	1
195.386605	4.346632E-8	1
195.494388	4.346419E-8	1
195.602769	4.346406E-8	1
195.711298	4.347025E-8	1
195.818951	4.345704E-8	1
195.9258	4.347406E-8	1
196.035035	4.346394E-8	1
196.144045	4.346226E-8	1
196.252898	4.3468E-8	1
196.36156	4.34602E-8	1
196.470001	4.346245E-8	1
196.578563	4.346297E-8	1
196.685948	4.345839E-8	1
196.792947	4.346303E-8	1
196.901331	4.345768E-8	1
197.011111	4.346065E-8	1
197.117834	4.346187E-8	1
197.226937	4.345626E-8	1
197.335472	4.345659E-8	1
197.444861	4.344737E-8	1
197.553217	4.345259E-8	1
197.66308	4.346091E-8	1
197.772353	4.34611E-8	1
197.88137	4.345556E-8	1
197.989829	4.345046E-8	1
198.098951	4.344576E-8	1
198.207997	4.345137E-8	1
198.316957	4.344602E-8	1
198.426269	4.344724E-8	1
198.53439	4.344079E-8	1
198.642792	4.342397E-8	1
198.750721	4.343951E-8	1
198.858649	4.343544E-8	1
198.967818	4.343557E-8	1
199.074872	4.34417E-8	1
199.182378	4.343138E-8	1
199.290807	4.343712E-8	1
199.398705	4.343145E-8	1
199.507041	4.343951E-8	1
199.614881	4.34281E-8	1
199.722343	4.343357E-8	1
199.831572	4.343976E-8	1
199.940186	4.34281E-8	1
200.047295	4.343241E-8	1
200.153603	4.342539E-8	1
200.261806	4.342571E-8	1
200.370515	4.343809E-8	1
200.480556	4.343177E-8	1
200.588843	4.343203E-8	1
200.69582	4.342681E-8	1
200.803913	4.343254E-8	1
200.913401	4.343486E-8	1
201.021543	4.342868E-8	1
201.129303	4.342694E-8	1
201.236824	4.342803E-8	1
201.34587	4.343267E-8	1
201.453815	4.342242E-8	1
201.563568	4.342539E-8	1
201.672013	4.342526E-8	1
201.77966	4.34183E-8	1
201.887591	4.342403E-8	1
201.995905	4.342275E-8	1
202.104898	4.342197E-8	1
202.213375	4.343061E-8	1
202.322445	4.342681E-8	1
202.431038	4.342229E-8	1
202.538578	4.342455E-8	1
202.646662	4.341759E-8	1
202.753536	4.342068E-8	1
202.862077	4.341404E-8	1
202.971426	4.342236E-8	1
203.078746	4.341159E-8	1
203.186791	4.341914E-8	1
203.29467	4.287567E-8	1
203.403193	4.346316E-8	1
203.511045	4.34843E-8	1
203.620601	4.348082E-8	1
203.72868	4.348044E-8	1
203.836566	4.348521E-8	1
203.944356	4.347818E-8	1
204.052886	4.347496E-8	1
204.161474	4.347232E-8	1
204.270576	4.346755E-8	1
204.377981	4.347193E-8	1
204.485873	4.347741E-8	1
204.59376	4.346684E-8	1
204.700603	4.347573E-8	1
204.810104	4.347483E-8	1
204.917313	4.34747E-8	1
205.025032	4.346845E-8	1
205.135928	4.347934E-8	1
205.243009	4.34796E-8	1
205.349728	4.347174E-8	1
205.458689	4.347599E-8	1
205.566339	4.346265E-8	1
205.674933	4.346935E-8	1
205.783126	4.348276E-8	1
205.892461	4.347547E-8	1
206.000038	4.346871E-8	1
206.108418	4.346516E-8	1
206.217217	4.346361E-8	1
206.326089	4.346838E-8	1
206.434941	4.346E-8	1
206.543175	4.346651E-8	1
206.653353	4.345865E-8	1
206.76148	4.345878E-8	1
206.869359	4.345723E-8	1
206.979089	4.344975E-8	1
207.085916	4.344685E-8	1
207.192932	4.344821E-8	1
207.301207	4.344995E-8	1
207.410477	4.344183E-8	1
207.518105	4.344144E-8	1
207.626415	4.344853E-8	1
207.734686	4.343686E-8	1
207.841944	4.343718E-8	1
207.949996	4.344834E-8	1
208.059029	4.343757E-8	1
208.168036	4.343564E-8	1
208.277744	4.34377E-8	1
208.38596	4.342913E-8	1
208.494956	4.342681E-8	1
208.604226	4.343164E-8	1
208.712781	4.343415E-8	1
208.820162	4.342681E-8	1
208.928912	4.343138E-8	1
209.036961	4.342461E-8	1
209.145082	4.342706E-8	1
209.252638	4.342797E-8	1
209.359385	4.343035E-8	1
209.467357	4.342365E-8	1
209.576358	4.342081E-8	1
209.68379	4.341952E-8	1
209.792677	4.342062E-8	1
209.901466	4.341707E-8	1
210.011174	4.342023E-8	1
210.120107	4.342326E-8	1
210.226429	4.342249E-8	1
210.335472	4.340914E-8	1
210.444525	4.342391E-8	1
210.554355	4.341475E-8	1
210.662693	4.34172E-8	1
210.771053	4.341914E-8	1
210.879298	4.340856E-8	1
210.988203	4.341379E-8	1
211.097668	4.341346E-8	1
211.204188	4.340586E-8	1
211.312885	4.340051E-8	1
211.422748	4.340367E-8	1
211.530889	4.340154E-8	1
211.639459	4.339793E-8	1
211.747901	4.341269E-8	1
211.855984	4.340844E-8	1
211.964074	4.339754E-8	1
212.073527	4.339419E-8	1
212.183749	4.339322E-8	1
212.291853	4.339554E-8	1
212.398572	4.339883E-8	1
212.507141	4.340109E-8	1
212.61499	4.339883E-8	1
212.723014	4.339367E-8	1
212.832318	4.339206E-8	1
212.940316	4.339052E-8	1
213.04796	4.339413E-8	1
213.155944	4.339793E-8	1
213.263568	4.339535E-8	1
213.373908	4.338832E-8	1
213.482627	4.339935E-8	1
213.590372	4.339148E-8	1
213.699227	4.339483E-8	1
213.808043	4.338697E-8	1
213.916783	4.339451E-8	1
214.025234	4.339329E-8	1
214.134668	4.338897E-8	1
214.244384	4.338716E-8	1
214.355007	4.339516E-8	1
214.463947	4.338723E-8	1
214.571617	4.33929E-8	1
214.682555	4.338961E-8	1
214.788929	4.337911E-8	1
214.897405	4.338536E-8	1
215.003697	4.337924E-8	1
215.113506	4.338994E-8	1
215.221987	4.338323E-8	1
215.329187	4.338587E-8	1
215.436273	4.338265E-8	1
215.546072	4.337962E-8	1
215.653496	4.338413E-8	1
215.76222	4.338845E-8	1
215.871131	4.338439E-8	1
215.977421	4.338665E-8	1
216.085021	4.338214E-8	1
216.193503	4.336409E-8	1
216.301233	4.337227E-8	1
216.408591	4.33793E-8	1
216.517002	4.337234E-8	1
216.625996	4.337994E-8	1
216.734232	4.33733E-8	1
216.842746	4.337363E-8	1
216.950956	4.337324E-8	1
217.057742	4.337898E-8	1
217.166358	4.337749E-8	1
217.274264	4.33637E-8	1
217.384527	4.337285E-8	1
217.492257	4.336879E-8	1
217.599082	4.336718E-8	1
217.706955	4.337234E-8	1
217.814529	4.336725E-8	1
217.922144	4.336918E-8	1
218.029754	4.337679E-8	1
218.137187	4.336802E-8	1
218.246871	4.336235E-8	1
218.356536	4.33686E-8	1
218.464564	4.337601E-8	1
218.572282	4.336892E-8	1
218.68088	4.337156E-8	1
218.789166	4.33793E-8	1
218.897342	4.335822E-8	1
219.006598	4.335983E-8	1
219.11563	4.33648E-8	1
219.225049	4.336009E-8	1
219.33344	4.336647E-8	1
219.44096	4.33588E-8	1
219.54929	4.334926E-8	1
219.6567	4.336151E-8	1
219.764566	4.336196E-8	1
219.872497	4.336557E-8	1
219.981198	4.336067E-8	1
220.090487	4.335938E-8	1
220.199049	4.336486E-8	1
220.306986	4.335809E-8	1
220.415063	4.335796E-8	1
220.522882	4.335899E-8	1
220.629766	4.335603E-8	1
220.738255	4.335397E-8	1
220.847032	4.335074E-8	1
220.955065	4.334926E-8	1
221.06309	4.335036E-8	1
221.171089	4.334462E-8	1
221.278849	4.335345E-8	1
221.387138	4.334997E-8	1
221.495067	4.335236E-8	1
221.60311	4.334926E-8	1
221.711012	4.334829E-8	1
221.819078	4.33461E-8	1
221.927582	4.334862E-8	1
222.035072	4.334746E-8	1
222.145017	4.335236E-8	1
222.254301	4.335119E-8	1
222.362777	4.333695E-8	1
222.470503	4.334655E-8	1
222.577425	4.334978E-8	1
222.686631	4.335429E-8	1
222.795078	4.334945E-8	1
222.905081	4.334797E-8	1
223.013173	4.33481E-8	1
223.121565	4.334784E-8	1
223.23101	4.3349E-8	1
223.339001	4.333882E-8	1
223.447268	4.335223E-8	1
223.553676	4.334933E-8	1
223.662014	4.335087E-8	1
223.773171	4.334688E-8	1
223.882154	4.335126E-8	1
223.990133	4.334784E-8	1
224.097015	4.334572E-8	1
224.205091	4.333953E-8	1
224.313704	4.33412E-8	1
224.422163	4.333424E-8	1
224.529779	4.334307E-8	1
224.636854	4.332999E-8	1
224.745097	4.333579E-8	1
224.855181	4.333734E-8	1
224.962618	4.332986E-8	1
225.07135	4.332876E-8	1
225.178761	4.333366E-8	1
225.287219	4.332902E-8	1
225.3951	4.333192E-8	1
225.504385	4.332225E-8	1
225.612236	4.332122E-8	1
225.721279	4.332013E-8	1
225.829497	4.331329E-8	1
225.938213	4.331606E-8	1
226.04511	4.331523E-8	1
226.154022	4.331265E-8	1
226.262378	4.331142E-8	1
226.371156	4.330201E-8	1
226.479829	4.330143E-8	1
226.588592	4.330414E-8	1
226.697596	4.330491E-8	1
226.805082	4.330427E-8	1
226.915371	4.33042E-8	1
227.02418	4.330311E-8	1
227.13732	4.33062E-8	1
227.244798	4.329602E-8	1
227.352462	4.330569E-8	1
227.461266	4.330369E-8	1
227.569468	4.330046E-8	1
227.678989	4.330279E-8	1
227.786269	4.329415E-8	1
227.894729	4.329286E-8	1
228.003198	4.330117E-8	1
228.11152	4.330343E-8	1
228.218989	4.330691E-8	1
228.328277	4.330343E-8	1
228.436453	4.330588E-8	1
228.544569	4.33053E-8	1
228.653777	4.33044E-8	1
228.762704	4.330382E-8	1
228.871783	4.330768E-8	1
228.979844	4.329099E-8	1
229.089162	4.330272E-8	1
229.197079	4.329376E-8	1
229.305459	4.330685E-8	1
229.413269	4.329421E-8	1
229.521698	4.330395E-8	1
229.629393	4.329621E-8	1
229.738702	4.330775E-8	1
229.84719	4.329872E-8	1
229.955145	4.330188E-8	1
230.065145	4.329544E-8	1
230.174163	4.330472E-8	1
230.282187	4.329234E-8	1
230.38995	4.329331E-8	1
230.498384	4.328661E-8	1
230.606147	4.329163E-8	1
230.713871	4.329453E-8	1
230.822741	4.328899E-8	1
230.929949	4.329679E-8	1
231.038624	4.330208E-8	1
231.147146	4.329976E-8	1
231.255963	4.329273E-8	1
231.364213	4.328873E-8	1
231.473113	4.329138E-8	1
231.581527	4.328744E-8	1
231.689243	4.329576E-8	1
231.798462	4.328177E-8	1
231.907128	4.329234E-8	1
232.015124	4.328712E-8	1
232.122828	4.328577E-8	1
232.2322	4.329292E-8	1
232.340193	4.328661E-8	1
232.448005	4.329267E-8	1
232.558848	4.329408E-8	1
232.66625	4.328848E-8	1
232.773432	4.32857E-8	1
232.88086	4.328918E-8	1
232.988529	4.328738E-8	1
233.095172	4.329041E-8	1
233.203526	4.329202E-8	1
233.310957	4.328957E-8	1
233.419378	4.328757E-8	1
233.528001	4.32801E-8	1
233.636409	4.328306E-8	1
233.744944	4.329544E-8	1
233.852556	4.328177E-8	1
233.96054	4.32723E-8	1
234.068256	4.328332E-8	1
234.176567	4.329363E-8	1
234.285102	4.328403E-8	1
234.394785	4.328235E-8	1
234.502899	4.328989E-8	1
234.610641	4.328525E-8	1
234.718884	4.27387E-8	1
234.828077	4.33013E-8	1
234.936818	4.33227E-8	1
235.045186	4.333727E-8	1
235.153278	4.333095E-8	1
235.261357	4.331774E-8	1
235.369974	4.332148E-8	1
235.47662	4.332199E-8	1
235.586198	4.332E-8	1
235.694717	4.331742E-8	1
235.803364	4.332399E-8	1
235.912004	4.332309E-8	1
236.020133	4.332071E-8	1
236.12941	4.332477E-8	1
236.238419	4.332141E-8	1
236.347485	4.332077E-8	1
236.455196	4.331703E-8	1
236.563487	4.331381E-8	1
236.670697	4.330762E-8	1
236.778463	4.330395E-8	1
236.888444	4.330465E-8	1
236.996275	4.331361E-8	1
237.104489	4.330646E-8	1
237.212191	4.331187E-8	1
237.319915	4.331613E-8	1
237.428567	4.330001E-8	1
237.536936	4.330453E-8	1
237.644938	4.330975E-8	1
237.753765	4.330801E-8	1
237.861685	4.330917E-8	1
237.971009	4.330201E-8	1
238.079462	4.331065E-8	1
238.186948	4.329918E-8	1
238.294724	4.33033E-8	1
238.40378	4.329982E-8	1
238.511171	4.329969E-8	1
238.618439	4.330543E-8	1
238.726609	4.330433E-8	1
238.835238	4.329344E-8	1
238.944544	4.329486E-8	1
239.053237	4.330021E-8	1
239.162148	4.330285E-8	1
239.26998	4.330079E-8	1
239.378376	4.329769E-8	1
239.4871	4.330137E-8	1
239.593837	4.328725E-8	1
239.702148	4.33064E-8	1
239.810855	4.328673E-8	1
239.919302	4.330291E-8	1
240.026618	4.328867E-8	1
240.135009	4.329602E-8	1
240.242991	4.329305E-8	1
240.351351	4.329608E-8	1
240.459708	4.329479E-8	1
240.566852	4.329337E-8	1
240.675235	4.329827E-8	1
240.784212	4.329814E-8	1
240.89102	4.328996E-8	1
240.999733	4.32908E-8	1
241.107599	4.328351E-8	1
241.21626	4.329479E-8	1
241.324269	4.328996E-8	1
241.43326	4.329176E-8	1
241.542225	4.329441E-8	1
241.65022	4.329988E-8	1
241.759302	4.329537E-8	1
241.865886	4.329189E-8	1
241.974293	4.329963E-8	1
242.082016	4.32908E-8	1
242.191164	4.329376E-8	1
242.298115	4.329357E-8	1
242.405688	4.328235E-8	1
242.515287	4.328074E-8	1
242.624573	4.328493E-8	1
242.734905	4.328345E-8	1
242.842889	4.328628E-8	1
242.951558	4.32779E-8	1
243.061199	4.328325E-8	1
243.170403	4.328042E-8	1
243.278264	4.328622E-8	1
243.38765	4.32879E-8	1
243.496262	4.328229E-8	1
243.604305	4.326869E-8	1
243.712182	4.327391E-8	1
243.820253	4.32703E-8	1
243.928052	4.327384E-8	1
244.036234	4.326359E-8	1
244.144376	4.32712E-8	1
244.253383	4.32614E-8	1
244.362167	4.32614E-8	1
244.470385	4.326218E-8	1
244.577971	4.325863E-8	1
244.685274	4.326611E-8	1
244.793436	4.325541E-8	1
244.903659	4.325508E-8	1
245.011948	4.325173E-8	1
245.120895	4.325347E-8	1
245.22888	4.32498E-8	1
245.33822	4.325418E-8	1
245.450199	4.325728E-8	1
245.557316	4.324638E-8	1
245.664864	4.325154E-8	1
245.771717	4.324484E-8	1
245.879442	4.32545E-8	1
245.987519	4.324909E-8	1
246.096681	4.324832E-8	1
246.204302	4.325521E-8	1
246.31255	4.323684E-8	1
246.419991	4.326456E-8	1
246.527184	4.324148E-8	1
246.635289	4.325663E-8	1
246.744717	4.324361E-8	1
246.852827	4.325528E-8	1
246.9603	4.324077E-8	1
247.069666	4.324922E-8	1
247.178047	4.325637E-8	1
247.284599	4.32478E-8	1
247.392303	4.324593E-8	1
247.499935	4.325141E-8	1
247.608771	4.32429E-8	1
247.717857	4.324664E-8	1
247.826402	4.324613E-8	1
247.934978	4.325347E-8	1
248.041386	4.324052E-8	1
248.149792	4.324464E-8	1
248.25848	4.324496E-8	1
248.368582	4.269899E-8	1
248.476173	4.321931E-8	1
248.583532	4.325251E-8	1
248.692903	4.326024E-8	1
248.799882	4.325637E-8	1
248.90877	4.32547E-8	1
249.016407	4.324426E-8	1
249.124342	4.324935E-8	1
249.232116	4.325721E-8	1
249.341316	4.324973E-8	1
249.448272	4.325109E-8	1
249.556237	4.324613E-8	1
249.665312	4.325051E-8	1
249.774678	4.324832E-8	1
249.881938	4.325476E-8	1
249.989282	4.323768E-8	1
250.097672	4.324542E-8	1
250.20499	4.32391E-8	1
250.312413	4.323897E-8	1
250.421698	4.322814E-8	1
250.530794	4.324129E-8	1
250.639021	4.323994E-8	1
250.748305	4.323936E-8	1
250.856611	4.323929E-8	1
250.96381	4.324019E-8	1
251.072242	4.324097E-8	1
251.180387	4.324322E-8	1
251.289212	4.324348E-8	1
251.39772	4.324477E-8	1
251.504377	4.324387E-8	1
251.614124	4.325206E-8	1
251.719878	4.323755E-8	1
251.827073	4.323465E-8	1
251.936748	4.3236E-8	1
252.044755	4.324129E-8	1
252.153003	4.323491E-8	1
252.261714	4.323542E-8	1
252.368926	4.324239E-8	1
252.478575	4.322924E-8	1
252.586287	4.323555E-8	1
252.694573	4.323923E-8	1
252.802575	4.323923E-8	1
252.909441	4.323974E-8	1
253.017698	4.323252E-8	1
253.125969	4.322157E-8	1
253.234888	4.322505E-8	1
253.343003	4.323671E-8	1
253.450088	4.322537E-8	1
253.5568	4.322634E-8	1
253.665769	4.321074E-8	1
253.774461	4.321705E-8	1
253.883664	4.322382E-8	1
253.99342	4.322543E-8	1
254.101386	4.32253E-8	1
254.209255	4.322124E-8	1
254.318438	4.323259E-8	1
254.425353	4.322079E-8	1
254.534845	4.322163E-8	1
254.643097	4.321602E-8	1
254.751825	4.322756E-8	1
254.861624	4.322285E-8	1
254.970606	4.321183E-8	1
255.078662	4.322853E-8	1
255.186322	4.321538E-8	1
255.296821	4.321815E-8	1
255.406118	4.322595E-8	1
255.515118	4.321493E-8	1
255.621748	4.321937E-8	1
255.730977	4.322453E-8	1
255.839418	4.321654E-8	1
255.947294	4.321609E-8	1
256.054998	4.321544E-8	1
256.16398	4.32177E-8	1
256.271161	4.320932E-8	1
256.379683	4.322131E-8	1
256.48767	4.321357E-8	1
256.596138	4.321828E-8	1
256.705572	4.321041E-8	1
256.813709	4.321957E-8	1
256.921573	4.322995E-8	1
257.030537	4.321512E-8	1
257.140315	4.322041E-8	1
257.247771	4.321228E-8	1
257.356539	4.321551E-8	1
257.465381	4.321712E-8	1
257.57376	4.322131E-8	1
257.6815	4.320448E-8	1
257.789412	4.321261E-8	1
257.897315	4.322285E-8	1
258.003513	4.321338E-8	1
258.113293	4.320455E-8	1
258.220858	4.32255E-8	1
258.328855	4.321357E-8	1
258.437796	4.32012E-8	1
258.546781	4.321222E-8	1
258.655044	4.321654E-8	1
258.761228	4.320532E-8	1
258.869329	4.322369E-8	1
258.978406	4.321622E-8	1
259.088816	4.31983E-8	1
259.197794	4.320687E-8	1
259.305628	4.321377E-8	1
259.415908	4.322066E-8	1
259.524403	4.321615E-8	1
259.633664	4.321448E-8	1
259.742453	4.321196E-8	1
259.850168	4.32148E-8	1
259.957229	4.321725E-8	1
260.066341	4.320519E-8	1
260.174458	4.321512E-8	1
260.281827	4.320893E-8	1
260.390227	4.320951E-8	1
260.503514	4.320893E-8	1
260.610746	4.321389E-8	1
260.719301	4.320397E-8	1
260.826138	4.320861E-8	1
260.935357	4.321029E-8	1
261.044487	4.320835E-8	1
261.154416	4.321912E-8	1
261.263626	4.32061E-8	1
261.37148	4.321222E-8	1
261.479535	4.319875E-8	1
261.589369	4.31983E-8	1
261.697812	4.320597E-8	1
261.804943	4.31903E-8	1
261.913305	4.319179E-8	1
262.022793	4.269222E-8	1
262.131308	4.319398E-8	1
262.23847	4.324135E-8	1
262.346817	4.324619E-8	1
262.454393	4.323897E-8	1
262.563335	4.323472E-8	1
262.671077	4.323536E-8	1
262.779116	4.323903E-8	1
262.885973	4.322943E-8	1
262.993447	4.323607E-8	1
263.100776	4.323001E-8	1
263.210795	4.322879E-8	1
263.318457	4.32273E-8	1
263.426238	4.322414E-8	1
263.532835	4.32331E-8	1
263.640581	4.323175E-8	1
263.748287	4.32353E-8	1
263.85676	4.323717E-8	1
263.963718	4.323381E-8	1
264.07461	4.323961E-8	1
264.181743	4.323156E-8	1
264.288895	4.322073E-8	1
264.396867	4.322827E-8	1
264.505445	4.321821E-8	1
264.612559	4.321976E-8	1
264.720305	4.322202E-8	1
264.828398	4.321692E-8	1
264.938748	4.322859E-8	1
265.045446	4.322163E-8	1
265.155031	4.323123E-8	1
265.264344	4.321473E-8	1
265.37419	4.32146E-8	1
265.481447	4.322524E-8	1
265.591392	4.323001E-8	1
265.697282	4.321325E-8	1
265.804433	4.321976E-8	1
265.912312	4.321925E-8	1
266.021283	4.321344E-8	1
266.128981	4.321976E-8	1
266.238736	4.322234E-8	1
266.345987	4.321783E-8	1
266.454078	4.321989E-8	1
266.563122	4.322157E-8	1
266.67107	4.32246E-8	1
266.779649	4.321029E-8	1
266.887951	4.322833E-8	1
266.99547	4.321564E-8	1
267.103611	4.321654E-8	1
267.210357	4.321867E-8	1
267.319339	4.321054E-8	1
267.426738	4.321622E-8	1
267.534564	4.322137E-8	1
267.643603	4.322137E-8	1
267.751082	4.321899E-8	1
267.859331	4.321383E-8	1
267.967152	4.321364E-8	1
268.075541	4.321377E-8	1
268.183257	4.321435E-8	1
268.293039	4.32177E-8	1
268.401659	4.321628E-8	1
268.509552	4.320983E-8	1
268.618596	4.321215E-8	1
268.727872	4.321918E-8	1
268.835481	4.321673E-8	1
268.943925	4.321383E-8	1
269.052019	4.322176E-8	1
269.159911	4.321699E-8	1
269.267434	4.321873E-8	1
269.376455	4.322105E-8	1
269.485692	4.321886E-8	1
269.594468	4.321731E-8	1
269.703807	4.321628E-8	1
269.81149	4.321003E-8	1
269.919121	4.321983E-8	1
270.027881	4.320893E-8	1
270.136883	4.321473E-8	1
270.245218	4.32197E-8	1
270.353336	4.32117E-8	1
270.460845	4.321886E-8	1
270.568814	4.321325E-8	1
270.676499	4.320835E-8	1
270.784568	4.321995E-8	1
270.893954	4.321396E-8	1
271.00344	4.320771E-8	1
271.112452	4.321725E-8	1
271.221049	4.321016E-8	1
271.329154	4.320023E-8	1
271.436363	4.32175E-8	1
271.544727	4.320635E-8	1
271.654033	4.319514E-8	1
271.76086	4.319346E-8	1
271.867857	4.320423E-8	1
271.975967	4.31972E-8	1
272.085509	4.320229E-8	1
272.194418	4.319971E-8	1
272.303239	4.320191E-8	1
272.414087	4.319675E-8	1
272.522845	4.319739E-8	1
272.630437	4.320255E-8	1
272.73797	4.320158E-8	1
272.848242	4.320158E-8	1
272.957332	4.320178E-8	1
273.066204	4.319971E-8	1
273.175519	4.319926E-8	1
273.282725	4.320087E-8	1
273.39256	4.320068E-8	1
273.501587	4.320629E-8	1
273.608631	4.320249E-8	1
273.716479	4.319095E-8	1
273.825275	4.31923E-8	1
273.934669	4.319372E-8	1
274.043604	4.319514E-8	1
274.15309	4.318972E-8	1
274.2623	4.319784E-8	1
274.370486	4.319462E-8	1
274.477835	4.319095E-8	1
274.585495	4.320126E-8	1
274.692505	4.320036E-8	1
274.799691	4.319939E-8	1
274.908628	4.319062E-8	1
275.017129	4.319353E-8	1
275.124572	4.318921E-8	1
275.231535	4.319385E-8	1
275.339233	4.319591E-8	1
275.450063	4.319179E-8	1
275.556932	4.318682E-8	1
275.664311	4.31856E-8	1
275.772326	4.318179E-8	1
275.88024	4.319275E-8	1
275.989381	4.318225E-8	1
276.098196	4.318785E-8	1
276.205545	4.318637E-8	1
276.31354	4.318437E-8	1
276.423148	4.318205E-8	1
276.531109	4.317889E-8	1
276.639618	4.318399E-8	1
276.748632	4.318334E-8	1
276.857634	4.31874E-8	1
276.964842	4.318682E-8	1
277.072655	4.318295E-8	1
277.181629	4.318618E-8	1
277.292209	4.318121E-8	1
277.399926	4.319056E-8	1
277.507536	4.319011E-8	1
277.616247	4.318888E-8	1
277.723605	4.318992E-8	1
277.833038	4.318347E-8	1
277.942156	4.317992E-8	1
278.050019	4.318444E-8	1
278.159482	4.318643E-8	1
278.268899	4.317754E-8	1
278.377451	4.317986E-8	1
278.486161	4.318618E-8	1
278.594256	4.317689E-8	1
278.703143	4.318166E-8	1
278.810363	4.318605E-8	1
278.918923	4.31827E-8	1
279.026962	4.318115E-8	1
279.135089	4.317715E-8	1
279.242075	4.317722E-8	1
279.352469	4.318186E-8	1
279.46034	4.317928E-8	1
279.569201	4.317606E-8	1
279.676547	4.317412E-8	1
279.784566	4.317032E-8	1
279.892463	4.317503E-8	1
280.001174	4.316826E-8	1
280.108886	4.317399E-8	1
280.216598	4.317689E-8	1
280.325308	4.316561E-8	1
280.432685	4.316587E-8	1
280.54215	4.315607E-8	1
280.651746	4.316149E-8	1
280.760068	4.316832E-8	1
280.868314	4.316497E-8	1
280.976591	4.316658E-8	1
281.083792	4.315027E-8	1
281.192483	4.316162E-8	1
281.299466	4.315769E-8	1
281.407542	4.315691E-8	1
281.51532	4.315762E-8	1
281.623922	4.31651E-8	1
281.73246	4.316362E-8	1
281.840552	4.316258E-8	1
281.948567	4.315208E-8	1
282.057988	4.317503E-8	1
282.166653	4.31622E-8	1
282.274071	4.31533E-8	1
282.381324	4.31591E-8	1
282.489906	4.315852E-8	1
282.599543	4.316136E-8	1
282.706835	4.31562E-8	1
282.815605	4.316188E-8	1
282.924617	4.316291E-8	1
283.031415	4.315723E-8	1
283.139181	4.315627E-8	1
283.245866	4.315214E-8	1
283.353352	4.315008E-8	1
283.461898	4.315762E-8	1
283.571092	4.315814E-8	1
283.681782	4.314898E-8	1
283.790735	4.315008E-8	1
283.899204	4.314866E-8	1
284.008496	4.314757E-8	1
284.117523	4.315246E-8	1
284.225616	4.315266E-8	1
284.335883	4.314486E-8	1
284.443347	4.313944E-8	1
284.551692	4.31428E-8	1
284.659186	4.31437E-8	1
284.768934	4.314292E-8	1
284.876857	4.314557E-8	1
284.98562	4.314357E-8	1
285.095047	4.313635E-8	1
285.202606	4.314273E-8	1
285.310713	4.314047E-8	1
285.418564	4.314692E-8	1
285.525488	4.313712E-8	1
285.632161	4.313893E-8	1
285.740536	4.315118E-8	1
285.848345	4.312449E-8	1
285.956901	4.314022E-8	1
286.064579	4.314189E-8	1
286.17352	4.312649E-8	1
286.282027	4.314666E-8	1
286.390168	4.313364E-8	1
286.497896	4.313674E-8	1
286.607401	4.264465E-8	1
286.7147	4.3127E-8	1
286.823079	4.320236E-8	1
286.930612	4.320919E-8	1
287.037986	4.320055E-8	1
287.148033	4.319024E-8	1
287.257444	4.319307E-8	1
287.36422	4.31963E-8	1
287.472589	4.319978E-8	1
287.580174	4.318444E-8	1
287.688385	4.319565E-8	1
287.797745	4.320287E-8	1
287.905644	4.318663E-8	1
288.013669	4.319488E-8	1
288.122908	4.31854E-8	1
288.230875	4.319598E-8	1
288.339636	4.319823E-8	1
288.447066	4.31883E-8	1
288.555002	4.31932E-8	1
288.664643	4.318882E-8	1
288.774842	4.318779E-8	1
288.882724	4.319527E-8	1
288.992246	4.319166E-8	1
289.09966	4.318527E-8	1
289.206372	4.318631E-8	1
289.314331	4.317999E-8	1
289.423592	4.318856E-8	1
289.531737	4.319204E-8	1
289.639651	4.318624E-8	1
289.748598	4.318276E-8	1
289.856825	4.318708E-8	1
289.966628	4.318005E-8	1
290.074492	4.318953E-8	1
290.182179	4.31854E-8	1
290.289801	4.318592E-8	1
290.397397	4.318431E-8	1
290.505404	4.317999E-8	1
290.613705	4.318457E-8	1
290.7234	4.31825E-8	1
290.830653	4.318044E-8	1
290.941605	4.318044E-8	1
291.049796	4.318063E-8	1
291.157602	4.318463E-8	1
291.266678	4.316884E-8	1
291.374732	4.317625E-8	1
291.482793	4.318843E-8	1
291.591046	4.31825E-8	1
291.699138	4.317606E-8	1
291.80682	4.317773E-8	1
291.915956	4.317251E-8	1
292.025165	4.317773E-8	1
292.133364	4.317947E-8	1
292.240249	4.317973E-8	1
292.347961	4.318888E-8	1
292.456317	4.318515E-8	1
292.56442	4.317851E-8	1
292.673225	4.317941E-8	1
292.782275	4.317812E-8	1
292.891135	4.317715E-8	1
292.998946	4.317528E-8	1
293.107949	4.317071E-8	1
293.215694	4.316716E-8	1
293.324818	4.317748E-8	1
293.434334	4.317934E-8	1
293.542763	4.317335E-8	1
293.650397	4.31718E-8	1
293.759086	4.318225E-8	1
293.8667	4.317329E-8	1
293.974773	4.317058E-8	1
294.083308	4.317567E-8	1
294.191096	4.318018E-8	1
294.299039	4.317406E-8	1
294.406709	4.317702E-8	1
294.515707	4.318192E-8	1
294.624514	4.316987E-8	1
294.732806	4.317464E-8	1
294.84078	4.317928E-8	1
294.948621	4.317387E-8	1
295.056513	4.318192E-8	1
295.163531	4.316987E-8	1
295.271947	4.317103E-8	1
295.381001	4.317283E-8	1
295.489041	4.316961E-8	1
295.598046	4.316426E-8	1
295.706634	4.316387E-8	1
295.815713	4.316755E-8	1
295.923968	4.316471E-8	1
296.033431	4.31698E-8	1
296.141624	4.316677E-8	1
296.250698	4.31747E-8	1
296.358008	4.316619E-8	1
296.468092	4.316761E-8	1
296.576685	4.317438E-8	1
296.684788	4.31727E-8	1
296.79293	4.316961E-8	1
296.900478	4.316935E-8	1
297.009337	4.316375E-8	1
297.119689	4.316581E-8	1
297.227952	4.316658E-8	1
297.335552	4.3164E-8	1
297.444077	4.316987E-8	1
297.552576	4.31807E-8	1
297.660693	4.316826E-8	1
297.7697	4.315897E-8	1
297.87846	4.317142E-8	1
297.986644	4.317006E-8	1
298.094858	4.316291E-8	1
298.202421	4.316271E-8	1
298.31041	4.315949E-8	1
298.418709	4.316078E-8	1
298.527131	4.315285E-8	1
298.637197	4.315897E-8	1
298.747637	4.314795E-8	1
298.856745	4.315375E-8	1
298.965127	4.316304E-8	1
299.07297	4.314918E-8	1
299.182987	4.315897E-8	1
299.291427	4.316465E-8	1
299.400159	4.316033E-8	1
299.50944	4.316052E-8	1
299.616672	4.314918E-8	1
299.725768	4.314956E-8	1
299.832862	4.313113E-8	1
299.940846	4.315021E-8	1
300.048904	1.578221E-8	1
300.156756	1.982787E-10	0
300.26413	1.822282E-10	0
300.373189	1.639215E-10	0
300.482031	1.549616E-10	0
300.590034	1.498048E-10	0
300.697085	1.494825E-10	0
300.805761	1.577978E-10	0
300.914005	1.632125E-10	0
301.021434	1.670156E-10	0
301.137859	1.614076E-10	0
301.246763	1.58378E-10	0
301.354257	1.517386E-10	0
301.461298	1.509006E-10	0
301.569613	1.541236E-10	0
301.676732	1.602473E-10	0
301.784811	1.614721E-10	0
301.893224	1.596672E-10	0
302.00073	1.563797E-10	0
302.109132	1.514807E-10	0
302.217761	1.499337E-10	0
302.326471	1.553483E-10	0
302.434626	1.601184E-10	0
302.543613	1.608275E-10	0
302.653136	1.597961E-10	0
302.760694	1.58378E-10	0
302.867536	1.547682E-10	0
302.977702	1.525766E-10	0
303.084938	1.535435E-10	0
303.193425	1.561863E-10	0
303.30177	1.591515E-10	0
303.408839	1.602473E-10	0
303.515787	1.589581E-10	0
303.623459	1.554128E-10	0
303.732668	1.503849E-10	0
303.840456	1.522543E-10	0
303.949709	1.55864E-10	0
304.058742	1.568954E-10	0
304.167583	1.557996E-10	0
304.275013	1.56702E-10	0
304.38379	1.568954E-10	0
304.491882	1.548327E-10	0
304.599483	1.511584E-10	0
304.707377	1.542525E-10	0
304.815962	1.572822E-10	0
304.92387	1.597961E-10	0
305.032139	1.595383E-10	0
305.140364	1.581201E-10	0
305.2468	1.568309E-10	0
305.353507	1.56702E-10	0
305.46303	1.587003E-10	0
305.570458	1.561863E-10	0
305.679329	1.587647E-10	0
305.786827	1.572822E-10	0
305.895802	1.563797E-10	0
306.004647	1.534145E-10	0
306.113767	1.514807E-10	0
306.2221	1.546393E-10	0
306.329941	1.582491E-10	0
306.438755	1.587003E-10	0
306.546682	1.56702E-10	0
306.654346	1.572177E-10	0
306.762776	1.528989E-10	0
306.870155	1.554773E-10	0
306.979166	1.563797E-10	0
307.087987	1.559929E-10	0
307.195967	1.574755E-10	0
307.305279	1.579268E-10	0
307.414558	1.581846E-10	0
307.524229	1.552194E-10	0
307.63225	1.559929E-10	0
307.741869	1.549616E-10	0
307.849798	1.536079E-10	0
307.957788	1.589581E-10	0
308.066512	1.574111E-10	0
308.17569	1.5754E-10	0
308.283842	1.579912E-10	0
308.391594	1.556706E-10	0
308.499587	1.567665E-10	0
308.608761	1.539302E-10	0
308.718222	1.545104E-10	0
308.825832	1.585069E-10	0
308.934057	1.556062E-10	0
309.041798	1.576689E-10	0
309.149254	1.537368E-10	0
309.256787	1.538013E-10	0
309.366179	1.561863E-10	0
309.475363	1.55864E-10	0
309.585127	1.568309E-10	0
309.693127	1.58378E-10	0
309.801971	1.588937E-10	0
309.911155	1.565086E-10	0
310.018107	1.599895E-10	0
310.126842	1.570243E-10	0
310.234908	1.53479E-10	0
310.343544	1.614721E-10	0
310.452191	1.536079E-10	0
310.55931	1.577334E-10	0
310.66726	1.577334E-10	0
310.774372	1.547037E-10	0
310.883062	1.573466E-10	0
310.992572	1.588292E-10	0
311.100788	1.568309E-10	0
311.208068	1.5754E-10	0
311.317265	1.568309E-10	0
311.426875	1.569598E-10	0
311.535267	1.589581E-10	0
311.642484	1.55026E-10	0
311.751353	1.601829E-10	0
311.860005	1.55864E-10	0
311.969638	1.576689E-10	0
312.076856	1.568309E-10	0
312.184495	1.565731E-10	0
312.29382	1.570888E-10	0
312.403015	1.560574E-10	0
312.510298	1.55026E-10	0
312.619228	1.581201E-10	0
312.728275	1.577978E-10	0
312.836865	1.565086E-10	0
312.944897	1.565086E-10	0
313.053964	1.579268E-10	0
313.161941	1.564442E-10	0
313.270702	1.593449E-10	0
313.377206	1.600539E-10	0
313.485199	1.568309E-10	0
313.594199	1.603762E-10	0
313.703318	1.588937E-10	0
313.810458	1.563152E-10	0
313.919206	1.55155E-10	0
314.027925	1.574111E-10	0
314.136796	1.576689E-10	0
314.246737	1.569598E-10	0
314.357433	1.574111E-10	0
314.465261	1.565731E-10	0
314.574146	1.574755E-10	0
314.681302	1.560574E-10	0
314.789966	1.567665E-10	0
314.899383	1.569598E-10	0
315.006662	1.553483E-10	0
315.117972	1.570243E-10	0
315.225737	1.528989E-10	0
315.333418	1.544459E-10	0
315.440656	1.577978E-10	0
315.549042	1.543814E-10	0
315.657635	1.569598E-10	0
315.765888	1.570888E-10	0
315.875127	1.555417E-10	0
315.98347	1.525766E-10	0
316.09216	1.559285E-10	0
316.19846	1.56702E-10	0
316.306517	1.547682E-10	0
316.414376	1.54317E-10	0
316.522974	1.559929E-10	0
316.63099	1.567665E-10	0
316.739333	1.563797E-10	0
316.845902	1.554128E-10	0
316.953732	1.532856E-10	0
317.060848	1.576045E-10	0
317.170573	1.545104E-10	0
317.278296	1.583135E-10	0
317.387921	1.576689E-10	0
317.495442	1.579268E-10	0
317.604473	1.552839E-10	0
317.712759	1.556706E-10	0
317.820618	1.543814E-10	0
317.929005	1.585069E-10	0
318.036517	1.561863E-10	0
318.145309	1.547037E-10	0
318.25245	1.561219E-10	0
318.360162	1.585714E-10	0
318.46751	1.62439E-10	0
318.575913	1.59925E-10	0
318.684389	1.583135E-10	0
318.793626	1.543814E-10	0
318.903101	1.611498E-10	0
319.010957	1.554773E-10	0
319.119535	1.597316E-10	0
319.226778	1.561219E-10	0
319.335941	1.593449E-10	0
319.444237	1.573466E-10	0
319.551461	1.563797E-10	0
319.659302	1.587647E-10	0
319.766859	1.561219E-10	0
319.874935	1.547037E-10	0
319.9831	1.557996E-10	0
320.089641	1.545104E-10	0
320.198339	1.574755E-10	0
320.308322	1.568309E-10	0
320.415949	1.556706E-10	0
320.523276	1.547037E-10	0
320.632067	1.568954E-10	0
320.740498	1.572822E-10	0
320.849872	1.587647E-10	0
320.959293	1.587003E-10	0
321.066978	1.556706E-10	0
321.17542	1.560574E-10	0
321.283767	1.550905E-10	0
321.392159	1.563797E-10	0
321.510811	1.549616E-10	0
321.618666	1.525766E-10	0
321.725939	1.549616E-10	0
321.833246	1.561863E-10	0
321.941144	1.579268E-10	0
322.04822	1.549616E-10	0
322.156947	1.597316E-10	0
322.266994	1.577978E-10	0
322.376056	1.564442E-10	0
322.483115	1.587647E-10	0
322.591985	1.562508E-10	0
322.701457	1.579912E-10	0
322.809656	1.555417E-10	0
322.919436	1.597961E-10	0
323.027548	1.59925E-10	0
323.136841	1.530278E-10	0
323.246956	1.547682E-10	0
323.354075	1.600539E-10	0
323.461501	1.559285E-10	0
323.570564	1.573466E-10	0
323.67744	1.577334E-10	0
323.784936	1.566375E-10	0
323.892885	1.572822E-10	0
324.002225	1.55155E-10	0
324.111401	1.576689E-10	0
324.219018	1.570243E-10	0
324.326964	1.581846E-10	0
324.435428	1.561863E-10	0
324.543332	1.556706E-10	0
324.652399	1.569598E-10	0
324.760814	1.542525E-10	0
324.868457	1.568309E-10	0
324.976511	1.552839E-10	0
325.085971	1.570243E-10	0
325.195189	1.565086E-10	0
325.30498	1.579912E-10	0
325.412409	1.573466E-10	0
325.520816	1.536079E-10	0
325.62984	1.543814E-10	0
325.737647	1.556062E-10	0
325.845824	1.583135E-10	0
325.955393	1.556062E-10	0
326.062096	1.538658E-10	0
326.169263	1.5754E-10	0
326.276976	1.556706E-10	0
326.38479	1.567665E-10	0
326.494107	1.5754E-10	0
326.603337	1.563152E-10	0
326.711838	1.549616E-10	0
326.820981	1.562508E-10	0
326.929209	1.527699E-10	0
327.037379	1.550905E-10	0
327.144886	1.571532E-10	0
327.253059	1.545104E-10	0
327.361391	1.574111E-10	0
327.469639	1.549616E-10	0
327.57841	1.542525E-10	0
327.686659	1.545748E-10	0
327.800945	1.54317E-10	0
327.911651	1.561863E-10	0
328.019365	1.559285E-10	0
328.138057	1.570243E-10	0
328.251743	1.568309E-10	0
328.358583	1.588937E-10	0
328.467004	1.597316E-10	0
328.5744	1.559285E-10	0
328.683566	1.562508E-10	0
328.791876	1.552194E-10	0
328.899992	1.560574E-10	0
329.008394	1.570888E-10	0
329.116927	1.597316E-10	0
329.226007	1.591515E-10	0
329.333743	1.553483E-10	0
329.442965	1.580557E-10	0
329.551261	1.55864E-10	0
329.659232	1.538658E-10	0
329.768105	1.573466E-10	0
329.876014	1.567665E-10	0
329.984197	1.568954E-10	0
330.093145	1.584424E-10	0
330.20262	1.561863E-10	0
330.308622	1.606341E-10	0
330.41586	1.554773E-10	0
330.523925	1.550905E-10	0
330.633306	1.581846E-10	0
330.742648	1.592804E-10	0
330.85135	1.593449E-10	0
330.959711	1.557351E-10	0
331.066681	1.564442E-10	0
331.174221	1.586358E-10	0
331.281977	1.559929E-10	0
331.389694	1.561219E-10	0
331.497422	1.566375E-10	0
331.607452	1.579912E-10	0
331.714318	1.599895E-10	0
331.821676	1.561863E-10	0
331.93007	1.571532E-10	0
332.038962	1.586358E-10	0
332.147342	1.562508E-10	0
332.254401	1.561219E-10	0
332.362977	1.543814E-10	0
332.471381	1.538013E-10	0
332.578815	1.537368E-10	0
332.68736	1.60763E-10	0
332.794977	1.593449E-10	0
332.903019	1.58378E-10	0
333.010742	1.596672E-10	0
333.11903	1.588937E-10	0
333.22774	1.535435E-10	0
333.336065	1.567665E-10	0
333.445275	1.563152E-10	0
333.553643	1.570243E-10	0
333.661355	1.559929E-10	0
333.76907	1.570888E-10	0
333.877055	1.563797E-10	0
333.986049	1.567665E-10	0
334.093752	1.574111E-10	0
334.201967	1.576045E-10	0
334.311461	1.557996E-10	0
334.418296	1.559929E-10	0
334.526051	1.530922E-10	0
334.635521	1.587647E-10	0
334.743976	1.55864E-10	0
334.853226	1.55155E-10	0
334.961611	1.557996E-10	0
335.070845	1.572177E-10	0
335.18011	1.58378E-10	0
335.287823	1.576045E-10	0
335.396063	1.584424E-10	0
335.503974	1.565731E-10	0
335.612114	1.544459E-10	0
335.720308	1.583135E-10	0
335.829448	1.569598E-10	0
335.938459	1.584424E-10	0
336.046064	1.568309E-10	0
336.15397	1.58378E-10	0
336.262941	1.5754E-10	0
336.371186	1.562508E-10	0
336.479442	1.556062E-10	0
336.587801	1.571532E-10	0
336.695173	1.570888E-10	0
336.802357	1.577978E-10	0
336.910674	1.577978E-10	0
337.01951	1.568309E-10	0
337.127069	1.595383E-10	0
337.235486	1.556062E-10	0
337.343599	1.556062E-10	0
337.45037	1.581201E-10	0
337.559259	1.559285E-10	0
337.666789	1.583135E-10	0
337.775535	1.55864E-10	0
337.883569	1.588292E-10	0
337.990748	1.549616E-10	0
338.097394	1.530278E-10	0
338.206082	1.574111E-10	0
338.313684	1.576045E-10	0
338.421659	1.581201E-10	0
338.529606	1.548327E-10	0
338.637089	1.552839E-10	0
338.745018	1.577334E-10	0
338.854369	1.546393E-10	0
338.962104	1.554128E-10	0
339.071118	1.539947E-10	0
339.178454	1.559929E-10	0
339.286093	1.574755E-10	0
339.394256	1.590226E-10	0
339.502111	1.547682E-10	0
339.610688	1.573466E-10	0
339.719699	1.55864E-10	0
339.828514	1.545748E-10	0
339.937123	1.556062E-10	0
340.045082	1.572177E-10	0
340.153465	1.578623E-10	0
340.263205	1.590226E-10	0
340.371237	1.563797E-10	0
340.480037	1.573466E-10	0
340.590082	1.547037E-10	0
340.697819	1.568309E-10	0
340.807907	1.584424E-10	0
340.915816	1.577978E-10	0
341.024367	1.557996E-10	0
341.131855	1.5754E-10	0
341.239723	1.596027E-10	0
341.347688	1.567665E-10	0
341.456114	1.581201E-10	0
341.564272	1.553483E-10	0
341.67194	1.545104E-10	0
341.779894	1.572822E-10	0
341.888914	1.543814E-10	0
341.997118	1.579912E-10	0
342.105224	1.554773E-10	0
342.213267	1.562508E-10	0
342.322254	1.596027E-10	0
342.431026	1.578623E-10	0
342.540335	1.573466E-10	0
342.649601	1.563797E-10	0
342.758517	1.594738E-10	0
342.867381	1.556706E-10	0
342.976129	1.567665E-10	0
343.084238	1.557996E-10	0
343.19189	1.59216E-10	0
343.300051	1.572822E-10	0
343.408407	1.572822E-10	0
343.517803	1.587003E-10	0
343.626548	1.565731E-10	0
343.734298	1.553483E-10	0
343.843953	1.565731E-10	0
343.951884	1.578623E-10	0
344.060202	1.594738E-10	0
344.170064	1.577978E-10	0
344.277361	1.586358E-10	0
344.384091	1.540591E-10	0
344.49283	1.596027E-10	0
344.602537	1.579912E-10	0
344.710574	1.561219E-10	0
344.818074	1.566375E-10	0
344.927166	1.568309E-10	0
345.036141	1.565731E-10	0
345.145114	1.585714E-10	0
345.253184	1.555417E-10	0
345.361991	1.544459E-10	0
345.469205	1.565086E-10	0
345.578	1.553483E-10	0
345.687997	1.566375E-10	0
345.796989	1.572177E-10	0
345.905229	1.568954E-10	0
346.013622	1.579268E-10	0
346.122686	1.568309E-10	0
346.230319	1.585714E-10	0
346.338924	1.570888E-10	0
346.445805	1.576045E-10	0
346.554193	1.572822E-10	0
346.662162	1.565731E-10	0
346.769858	1.554773E-10	0
346.878131	1.601184E-10	0
346.987269	1.588292E-10	0
347.095126	1.585069E-10	0
347.20552	1.576045E-10	0
347.312668	1.540591E-10	0
347.420399	1.580557E-10	0
347.528269	1.577978E-10	0
347.634798	1.576045E-10	0
347.743609	1.580557E-10	0
347.850628	1.538658E-10	0
347.958105	1.579912E-10	0
348.066173	1.556706E-10	0
348.175936	1.523832E-10	0
348.283168	1.592804E-10	0
348.390672	1.576689E-10	0
348.498525	1.579268E-10	0
348.607685	1.570888E-10	0
348.717171	1.532856E-10	0
348.82483	1.576689E-10	0
348.933119	1.577334E-10	0
349.042058	1.569598E-10	0
349.149213	1.564442E-10	0
349.257613	1.561219E-10	0
349.366179	1.561863E-10	0
349.474402	1.557996E-10	0
349.580981	1.563152E-10	0
349.689818	1.53479E-10	0
349.798579	1.544459E-10	0
349.907026	1.559285E-10	0
350.013741	1.581846E-10	0
350.121361	1.538013E-10	0
350.229419	1.577334E-10	0
350.338542	1.564442E-10	0
350.448004	1.546393E-10	0
350.556595	1.561219E-10	0
350.665396	1.542525E-10	0
350.773564	1.583135E-10	0
350.882627	1.587647E-10	0
350.990602	1.55026E-10	0
351.097174	1.556062E-10	0
351.206196	1.563152E-10	0
351.315185	1.572822E-10	0
351.424316	1.585714E-10	0
351.532962	1.557351E-10	0
351.640448	1.554773E-10	0
351.747862	1.584424E-10	0
351.856501	1.579912E-10	0
351.96542	1.561219E-10	0
352.074089	1.565731E-10	0
352.182348	1.555417E-10	0
352.290889	1.55026E-10	0
352.398582	1.548971E-10	0
352.509658	1.56702E-10	0
352.617914	1.561219E-10	0
352.727776	1.561219E-10	0
352.837943	1.593449E-10	0
352.946161	1.570888E-10	0
353.055707	1.597316E-10	0
353.163307	1.570243E-10	0
353.271534	1.544459E-10	0
353.378395	1.576045E-10	0
353.487219	1.579268E-10	0
353.595562	1.588937E-10	0
353.702213	1.564442E-10	0
353.811038	1.556062E-10	0
353.918159	1.578623E-10	0
354.026222	1.560574E-10	0
354.134123	1.592804E-10	0
354.242128	1.55864E-10	0
354.349625	1.559929E-10	0
354.457083	1.568309E-10	0
354.566229	1.544459E-10	0
354.674169	1.588292E-10	0
354.78167	1.559929E-10	0
354.88951	1.577334E-10	0
354.997262	1.564442E-10	0
355.106979	1.564442E-10	0
355.214852	1.596027E-10	0
355.323527	1.589581E-10	0
355.431576	1.572177E-10	0
355.5404	1.539302E-10	0
355.648178	1.566375E-10	0
355.75724	1.596027E-10	0
355.866146	1.594738E-10	0
355.974163	1.58378E-10	0
356.082847	1.548327E-10	0
356.189871	1.587647E-10	0
356.296979	1.562508E-10	0
356.405206	1.536079E-10	0
356.512762	1.561219E-10	0
356.620184	1.581846E-10	0
356.728476	1.584424E-10	0
356.836249	1.567665E-10	0
356.943264	1.578623E-10	0
357.051183	1.602473E-10	0
357.158618	1.539947E-10	0
357.267565	1.563797E-10	0
357.376163	1.603118E-10	0
357.484334	1.585714E-10	0
357.592206	1.573466E-10	0
357.70044	1.570243E-10	0
357.806254	1.563152E-10	0
357.915249	1.578623E-10	0
358.023744	1.581201E-10	0
358.131461	1.579268E-10	0
358.23846	1.577978E-10	0
358.346418	1.565731E-10	0
358.455939	1.563797E-10	0
358.56384	1.573466E-10	0
358.671767	1.565086E-10	0
358.780108	1.58378E-10	0
358.889302	1.572822E-10	0
358.997053	1.571532E-10	0
359.104737	1.572822E-10	0
359.212654	1.568309E-10	0
359.319793	1.587647E-10	0
359.426655	1.583135E-10	0
359.535191	1.53479E-10	0
359.643502	1.565086E-10	0
359.752878	1.548971E-10	0
359.861759	1.571532E-10	0
359.968621	1.573466E-10	0
360.076732	1.570888E-10	0
