Time,s	TEY,A	Shutter
0	1.587647E-10	0
0.107712	1.577334E-10	0
0.216422	1.542525E-10	0
0.323139	1.543814E-10	0
0.429852	1.554128E-10	0
0.540557	1.574111E-10	0
0.645279	1.552839E-10	0
0.751994	1.572177E-10	0
0.859708	1.564442E-10	0
0.966422	1.560574E-10	0
1.07214	1.561863E-10	0
1.179852	1.538013E-10	0
1.287566	1.55026E-10	0
1.394281	1.568954E-10	0
1.501996	1.509651E-10	0
1.608223	1.55155E-10	0
1.71671	1.539947E-10	0
1.825187	1.555417E-10	0
1.933404	1.560574E-10	0
2.039793	1.559929E-10	0
2.148431	1.55155E-10	0
2.2569	1.570888E-10	0
2.365083	1.554773E-10	0
2.472218	1.547682E-10	0
2.579528	1.527055E-10	0
2.687446	1.553483E-10	0
2.795956	1.553483E-10	0
2.904031	1.587003E-10	0
3.011203	1.555417E-10	0
3.118995	1.546393E-10	0
3.228072	1.587003E-10	0
3.33617	1.550905E-10	0
3.445245	1.570243E-10	0
3.553791	1.539302E-10	0
3.663072	1.562508E-10	0
3.771627	1.536079E-10	0
3.879857	1.542525E-10	0
3.986536	1.528989E-10	0
4.094841	1.534145E-10	0
4.203648	1.560574E-10	0
4.310466	1.574111E-10	0
4.416627	1.568954E-10	0
4.525316	1.567665E-10	0
4.633156	1.585069E-10	0
4.741841	1.574755E-10	0
4.848748	1.559285E-10	0
4.957613	1.549616E-10	0
5.066243	1.547682E-10	0
5.174273	1.532856E-10	0
5.282529	1.561863E-10	0
5.39123	1.553483E-10	0
5.498909	1.585069E-10	0
5.606689	1.587647E-10	0
5.714363	1.59925E-10	0
5.823444	1.576045E-10	0
5.931446	1.568954E-10	0
6.039451	1.554773E-10	0
6.146675	1.588292E-10	0
6.254458	1.547037E-10	0
6.362248	1.564442E-10	0
6.470722	1.58378E-10	0
6.579216	1.581201E-10	0
6.686166	1.588937E-10	0
6.793174	1.570243E-10	0
6.900829	1.541881E-10	0
7.009592	1.564442E-10	0
7.118341	1.539302E-10	0
7.224795	1.549616E-10	0
7.332942	1.557351E-10	0
7.441116	1.587003E-10	0
7.549383	1.596027E-10	0
7.657226	1.555417E-10	0
7.764657	1.550905E-10	0
7.872293	1.577978E-10	0
7.979725	1.565731E-10	0
8.087109	1.54317E-10	0
8.196252	1.554773E-10	0
8.304811	1.547682E-10	0
8.41321	1.564442E-10	0
8.521687	1.54317E-10	0
8.629754	1.565731E-10	0
8.737192	1.546393E-10	0
8.84534	1.58378E-10	0
8.952238	1.55864E-10	0
9.059884	1.542525E-10	0
9.167187	1.531567E-10	0
9.275798	1.556062E-10	0
9.383342	1.568309E-10	0
9.492597	1.559285E-10	0
9.601553	1.534145E-10	0
9.709352	1.530922E-10	0
9.817667	1.531567E-10	0
9.925903	1.581201E-10	0
10.034801	1.568954E-10	0
10.143553	1.549616E-10	0
10.251768	1.567665E-10	0
10.359526	1.569598E-10	0
10.46705	1.581201E-10	0
10.57515	1.556062E-10	0
10.683141	1.579912E-10	0
10.792951	1.590226E-10	0
10.902559	1.55864E-10	0
11.009531	1.569598E-10	0
11.118139	1.593449E-10	0
11.227904	1.547037E-10	0
11.336382	1.581846E-10	0
11.445253	1.555417E-10	0
11.554739	1.560574E-10	0
11.662735	1.579268E-10	0
11.771388	1.578623E-10	0
11.880536	1.571532E-10	0
11.988145	1.559929E-10	0
12.096329	1.582491E-10	0
12.205582	1.540591E-10	0
12.314339	1.589581E-10	0
12.42145	1.550905E-10	0
12.529179	1.553483E-10	0
12.637158	1.586358E-10	0
12.744464	1.599895E-10	0
12.853589	1.561219E-10	0
12.96173	1.569598E-10	0
13.06912	1.588937E-10	0
13.177642	1.568309E-10	0
13.286201	1.568309E-10	0
13.394951	1.578623E-10	0
13.503266	1.565731E-10	0
13.610552	1.543814E-10	0
13.718158	1.514807E-10	0
13.827203	1.550905E-10	0
13.936292	1.559285E-10	0
14.043871	1.556062E-10	0
14.152337	1.559285E-10	0
14.261031	1.570243E-10	0
14.369334	1.576045E-10	0
14.478496	1.571532E-10	0
14.585524	1.549616E-10	0
14.694706	1.559285E-10	0
14.803885	1.539302E-10	0
14.911785	1.547682E-10	0
15.020319	1.541881E-10	0
15.126826	1.574755E-10	0
15.234952	1.581846E-10	0
15.343095	1.561863E-10	0
15.45252	1.566375E-10	0
15.560043	1.561863E-10	0
15.669033	1.536724E-10	0
15.777007	1.557996E-10	0
15.884342	1.552839E-10	0
15.993385	1.556706E-10	0
16.102362	1.545104E-10	0
16.210816	1.583135E-10	0
16.318184	1.541236E-10	0
16.426947	1.557351E-10	0
16.53584	1.556706E-10	0
16.646167	1.570888E-10	0
16.754702	1.560574E-10	0
16.862424	1.559929E-10	0
16.970589	1.591515E-10	0
17.07819	1.585069E-10	0
17.186413	1.576689E-10	0
17.294522	1.561219E-10	0
17.403396	1.527699E-10	0
17.511543	1.567665E-10	0
17.618043	1.546393E-10	0
17.72613	1.569598E-10	0
17.834705	1.570243E-10	0
17.942669	1.571532E-10	0
18.049909	1.584424E-10	0
18.156619	1.59087E-10	0
18.265929	1.556062E-10	0
18.373836	1.570888E-10	0
18.482547	1.54317E-10	0
18.591166	1.587003E-10	0
18.699891	1.535435E-10	0
18.809597	1.5754E-10	0
18.919346	1.54317E-10	0
19.026778	1.539302E-10	0
19.135421	1.543814E-10	0
19.245858	1.55864E-10	0
19.352147	1.591515E-10	0
19.460505	1.561219E-10	0
19.569211	1.567665E-10	0
19.677307	1.557996E-10	0
19.78472	1.578623E-10	0
19.893935	1.566375E-10	0
20.00177	1.547682E-10	0
20.110343	1.566375E-10	0
20.218215	1.603762E-10	0
20.325998	1.563152E-10	0
20.434319	1.573466E-10	0
20.543246	1.556706E-10	0
20.650912	1.548327E-10	0
20.75921	1.577334E-10	0
20.866711	1.574111E-10	0
20.975201	1.577334E-10	0
21.086317	1.56702E-10	0
21.1924	1.541236E-10	0
21.301372	1.548971E-10	0
21.408228	1.59087E-10	0
21.51625	1.574111E-10	0
21.624474	1.578623E-10	0
21.731952	1.566375E-10	0
21.839611	1.572177E-10	0
21.949236	1.560574E-10	0
22.056713	1.556062E-10	0
22.16619	1.55155E-10	0
22.272783	1.559929E-10	0
22.379255	1.556062E-10	0
22.487047	1.556062E-10	0
22.596651	1.56702E-10	0
22.70359	1.578623E-10	0
22.812998	1.563797E-10	0
22.921085	1.565731E-10	0
23.029938	1.549616E-10	0
23.139242	1.572177E-10	0
23.24784	1.577978E-10	0
23.354395	1.59087E-10	0
23.463369	1.585069E-10	0
23.572215	1.564442E-10	0
23.68098	1.561863E-10	0
23.788989	1.559929E-10	0
23.896782	1.567665E-10	0
24.004961	1.565086E-10	0
24.113206	1.517386E-10	0
24.220609	1.544459E-10	0
24.328588	1.547037E-10	0
24.436527	1.572177E-10	0
24.544103	1.573466E-10	0
24.652551	1.579912E-10	0
24.760087	1.560574E-10	0
24.868927	1.570243E-10	0
24.97826	1.568309E-10	0
25.086589	1.554773E-10	0
25.194737	1.549616E-10	0
25.302396	1.579912E-10	0
25.411422	1.587647E-10	0
25.519654	1.554773E-10	0
25.627904	1.565731E-10	0
25.735622	1.565086E-10	0
25.842883	1.560574E-10	0
25.949998	1.595383E-10	0
26.057807	1.545104E-10	0
26.165746	1.561863E-10	0
26.274599	1.566375E-10	0
26.382144	1.570888E-10	0
26.491446	1.562508E-10	0
26.599276	1.549616E-10	0
26.70688	1.572177E-10	0
26.81625	1.552194E-10	0
26.924139	1.554128E-10	0
27.03154	1.554128E-10	0
27.139577	1.523187E-10	0
27.248745	1.556062E-10	0
27.357099	1.561219E-10	0
27.46448	1.580557E-10	0
27.573562	1.54317E-10	0
27.683006	1.55864E-10	0
27.791195	1.547682E-10	0
27.898671	1.574755E-10	0
28.005757	1.539947E-10	0
28.114755	1.556062E-10	0
28.223995	1.530922E-10	0
28.331071	1.573466E-10	0
28.438905	1.543814E-10	0
28.545622	1.536724E-10	0
28.653877	1.548971E-10	0
28.76179	1.561863E-10	0
28.870476	1.55155E-10	0
28.978293	1.574755E-10	0
29.086503	1.576045E-10	0
29.194539	1.571532E-10	0
29.303378	1.523187E-10	0
29.410686	1.547682E-10	0
29.519538	1.563152E-10	0
29.627893	1.549616E-10	0
29.735805	1.574111E-10	0
29.845726	1.560574E-10	0
29.953887	1.55155E-10	0
30.061906	1.561863E-10	0
30.171392	1.560574E-10	0
30.281417	1.53479E-10	0
30.390255	1.544459E-10	0
30.498309	1.572822E-10	0
30.607189	1.55864E-10	0
30.7149	1.560574E-10	0
30.823858	1.560574E-10	0
30.931843	1.568954E-10	0
31.039315	1.55864E-10	0
31.148542	1.571532E-10	0
31.258018	1.559285E-10	0
31.367703	1.548327E-10	0
31.475375	1.572177E-10	0
31.585092	1.58378E-10	0
31.691294	1.54317E-10	0
31.80071	1.554128E-10	0
31.909323	1.572822E-10	0
32.017569	1.554128E-10	0
32.126376	1.538658E-10	0
32.235958	1.52641E-10	0
32.345236	1.559929E-10	0
32.452373	1.569598E-10	0
32.560717	1.574755E-10	0
32.668843	1.552839E-10	0
32.777708	1.561863E-10	0
32.885132	1.572177E-10	0
32.992957	1.554773E-10	0
33.099947	1.560574E-10	0
33.20712	1.571532E-10	0
33.31653	1.563152E-10	0
33.424607	1.554128E-10	0
33.53188	1.540591E-10	0
33.641406	1.585069E-10	0
33.749498	1.562508E-10	0
33.858348	1.552839E-10	0
33.966908	1.56702E-10	0
34.074139	1.543814E-10	0
34.18306	1.559285E-10	0
34.292042	1.573466E-10	0
34.400971	1.564442E-10	0
34.508371	1.568309E-10	0
34.617473	1.554773E-10	0
34.726929	1.565731E-10	0
34.836058	1.559929E-10	0
34.943342	1.53479E-10	0
35.052161	1.578623E-10	0
35.159978	1.525121E-10	0
35.268348	1.557351E-10	0
35.377617	1.568309E-10	0
35.485999	1.572177E-10	0
35.594294	1.570888E-10	0
35.702472	1.583135E-10	0
35.810748	1.547682E-10	0
35.91847	1.547682E-10	0
36.027093	1.560574E-10	0
36.135047	1.552194E-10	0
36.244371	1.544459E-10	0
36.353797	1.548971E-10	0
36.461685	1.563797E-10	0
36.570867	1.573466E-10	0
36.677408	1.541881E-10	0
36.785641	1.546393E-10	0
36.893639	1.536724E-10	0
37.002307	1.547037E-10	0
37.111281	1.549616E-10	0
37.222617	1.55026E-10	0
37.329781	1.548327E-10	0
37.438376	1.547037E-10	0
37.546898	1.569598E-10	0
37.654968	1.557996E-10	0
37.763398	1.557996E-10	0
37.873254	1.552839E-10	0
37.982358	1.538013E-10	0
38.091672	1.547037E-10	0
38.201331	1.565731E-10	0
38.30996	1.547037E-10	0
38.418375	1.54317E-10	0
38.528023	1.536724E-10	0
38.637042	1.531567E-10	0
38.743668	1.58378E-10	0
38.8522	1.538013E-10	0
38.960362	1.549616E-10	0
39.069381	1.537368E-10	0
39.176943	1.517386E-10	0
39.284963	1.527055E-10	0
39.393508	1.552194E-10	0
39.501411	1.536079E-10	0
39.609799	1.527055E-10	0
39.719663	1.541881E-10	0
39.827785	1.532212E-10	0
39.93652	1.560574E-10	0
40.04266	1.557996E-10	0
40.151357	1.566375E-10	0
40.25892	1.536724E-10	0
40.36715	1.552839E-10	0
40.475663	1.552194E-10	0
40.58686	1.535435E-10	0
40.692337	1.554128E-10	0
40.80076	1.51932E-10	0
40.909483	1.51094E-10	0
41.019793	1.560574E-10	0
41.127274	1.544459E-10	0
41.237631	1.534145E-10	0
41.346997	1.552839E-10	0
41.454122	1.544459E-10	0
41.561605	1.559285E-10	0
41.669374	1.54317E-10	0
41.777411	1.523832E-10	0
41.885948	1.527055E-10	0
41.99404	1.570243E-10	0
42.103736	1.539947E-10	0
42.212331	1.554773E-10	0
42.321321	1.548327E-10	0
42.429962	1.537368E-10	0
42.537882	1.547037E-10	0
42.645639	1.572177E-10	0
42.753062	1.55026E-10	0
42.861905	1.536079E-10	0
42.97163	1.541881E-10	0
43.078344	1.53479E-10	0
43.185533	1.577334E-10	0
43.294392	1.520609E-10	0
43.402688	1.546393E-10	0
43.510642	1.545104E-10	0
43.617488	1.55026E-10	0
43.725726	1.547037E-10	0
43.833926	1.555417E-10	0
43.942011	1.562508E-10	0
44.049351	1.544459E-10	0
44.159431	1.545748E-10	0
44.267092	1.55155E-10	0
44.376063	1.530922E-10	0
44.485718	1.548327E-10	0
44.594718	1.557996E-10	0
44.701998	1.565086E-10	0
44.809408	1.541236E-10	0
44.917291	1.570888E-10	0
45.025171	1.552839E-10	0
45.133866	1.55864E-10	0
45.241853	1.552839E-10	0
45.350989	1.532212E-10	0
45.458439	1.521898E-10	0
45.567504	1.532856E-10	0
45.675456	1.53479E-10	0
45.782863	1.549616E-10	0
45.890341	1.51932E-10	0
45.997582	1.525766E-10	0
46.10653	1.545748E-10	0
46.214108	1.520609E-10	0
46.321932	1.544459E-10	0
46.430722	1.557996E-10	0
46.539447	1.563152E-10	0
46.648447	1.532212E-10	0
46.757404	1.543814E-10	0
46.866109	1.549616E-10	0
46.975648	1.533501E-10	0
47.083865	1.565086E-10	0
47.192406	1.547682E-10	0
47.301562	1.550905E-10	0
47.410891	1.540591E-10	0
47.518648	1.550905E-10	0
47.626973	1.522543E-10	0
47.735972	1.530922E-10	0
47.843739	1.55155E-10	0
47.952456	1.523832E-10	0
48.061684	1.532212E-10	0
48.170599	1.525121E-10	0
48.279852	1.525766E-10	0
48.388462	1.548971E-10	0
48.497441	1.548327E-10	0
48.605154	1.5754E-10	0
48.713031	1.522543E-10	0
48.820856	1.55155E-10	0
48.92947	1.55026E-10	0
49.037097	1.541236E-10	0
49.146034	1.542525E-10	0
49.255274	1.532856E-10	0
49.362529	1.521898E-10	0
49.472036	1.561219E-10	0
49.579863	1.550905E-10	0
49.688473	1.534145E-10	0
49.796992	1.520609E-10	0
49.905105	1.552194E-10	0
50.012829	1.507717E-10	0
50.120878	1.552194E-10	0
50.229479	1.536724E-10	0
50.337874	1.498048E-10	0
50.446012	1.535435E-10	0
50.554265	1.574111E-10	0
50.662183	1.552194E-10	0
50.770861	1.5754E-10	0
50.877894	1.523187E-10	0
50.985677	1.51094E-10	0
51.093389	1.539947E-10	0
51.201806	1.546393E-10	0
51.309568	1.570888E-10	0
51.419001	1.53479E-10	0
51.529232	1.536079E-10	0
51.638492	1.561863E-10	0
51.748106	1.572177E-10	0
51.858104	1.509651E-10	0
51.967152	1.533501E-10	0
52.074328	1.541236E-10	0
52.183377	1.595383E-10	0
52.291193	1.535435E-10	0
52.399405	1.570243E-10	0
52.507364	1.537368E-10	0
52.615789	1.554773E-10	0
52.723702	1.565731E-10	0
52.83176	1.539947E-10	0
52.941486	1.570888E-10	0
53.051686	1.567665E-10	0
53.161219	1.536724E-10	0
53.271187	1.547037E-10	0
53.378636	1.552194E-10	0
53.487851	1.523187E-10	0
53.599511	1.549616E-10	0
53.707635	1.574755E-10	0
53.816139	1.532212E-10	0
53.924066	1.568309E-10	0
54.034049	1.539947E-10	0
54.140879	1.539302E-10	0
54.24875	1.539302E-10	0
54.357993	1.554773E-10	0
54.46747	1.535435E-10	0
54.574721	1.540591E-10	0
54.684667	1.545748E-10	0
54.793104	1.533501E-10	0
54.901795	1.561219E-10	0
55.010075	1.525766E-10	0
55.11954	1.572177E-10	0
55.227641	1.534145E-10	0
55.336523	1.527055E-10	0
55.444949	1.550905E-10	0
55.551931	1.543814E-10	0
55.660693	1.55026E-10	0
55.768527	1.541881E-10	0
55.875775	1.554128E-10	0
55.982056	1.552839E-10	0
56.0905	1.53479E-10	0
56.199532	1.568309E-10	0
56.307172	1.56702E-10	0
56.415121	1.565086E-10	0
56.523736	1.536079E-10	0
56.630486	1.523832E-10	0
56.746531	1.518675E-10	0
56.85409	1.521898E-10	0
56.962291	1.559929E-10	0
57.070755	1.550905E-10	0
57.179565	1.530922E-10	0
57.288541	1.561863E-10	0
57.396152	1.543814E-10	0
57.503553	1.561863E-10	0
57.612134	1.56702E-10	0
57.721416	1.595383E-10	0
57.829913	1.540591E-10	0
57.938492	1.528989E-10	0
58.046722	1.554773E-10	0
58.155262	1.552839E-10	0
58.265266	1.552194E-10	0
58.373246	1.528344E-10	0
58.481748	1.563152E-10	0
58.590164	1.542525E-10	0
58.698615	1.556062E-10	0
58.806804	1.507717E-10	0
58.916041	1.538658E-10	0
59.025536	1.539302E-10	0
59.133463	1.553483E-10	0
59.242256	1.528989E-10	0
59.349564	1.562508E-10	0
59.458057	1.566375E-10	0
59.566494	1.547682E-10	0
59.676841	1.552194E-10	0
59.783132	1.52641E-10	0
59.892617	1.5754E-10	0
60.000506	4.923956E-8	0
60.109564	6.219867E-8	1
60.219252	6.080015E-8	1
60.327038	5.950024E-8	1
60.434904	5.844413E-8	1
60.54343	5.759416E-8	1
60.652611	5.689606E-8	1
60.759966	5.633223E-8	1
60.869573	5.585509E-8	1
60.978441	5.545976E-8	1
61.086681	5.511528E-8	1
61.195596	5.482012E-8	1
61.304165	5.454443E-8	1
61.41405	5.430882E-8	1
61.522619	5.408915E-8	1
61.632717	5.388178E-8	1
61.740971	5.3702E-8	1
61.84858	5.355484E-8	1
61.955578	5.33855E-8	1
62.065023	5.323982E-8	1
62.173206	5.310536E-8	1
62.28315	5.296928E-8	1
62.391312	5.284307E-8	1
62.500976	5.272846E-8	1
62.610994	5.261668E-8	1
62.719586	5.249692E-8	1
62.826538	5.239874E-8	1
62.934907	5.230057E-8	1
63.044176	5.219795E-8	1
63.153104	5.210906E-8	1
63.262174	5.200141E-8	1
63.372161	5.190434E-8	1
63.481028	5.183092E-8	1
63.5896	5.173996E-8	1
63.696395	5.165326E-8	1
63.804544	5.15694E-8	1
63.914048	5.148257E-8	1
64.023201	5.141418E-8	1
64.131948	5.133109E-8	1
64.241338	5.124414E-8	1
64.350125	5.117555E-8	1
64.459604	5.109878E-8	1
64.567386	5.103374E-8	1
64.677441	5.095233E-8	1
64.786159	5.089528E-8	1
64.895953	5.081606E-8	1
65.003826	5.074502E-8	1
65.111722	5.067998E-8	1
65.220417	5.06152E-8	1
65.328609	5.054449E-8	1
65.437025	5.04828E-8	1
65.544911	5.042001E-8	1
65.654012	5.03504E-8	1
65.762327	5.029193E-8	1
65.871577	5.023469E-8	1
65.981006	5.016991E-8	1
66.089615	5.011196E-8	1
66.196706	5.004776E-8	1
66.304576	4.999413E-8	1
66.41206	4.994295E-8	1
66.521889	4.987455E-8	1
66.6336	4.982047E-8	1
66.743097	4.9764E-8	1
66.851709	4.970857E-8	1
66.959935	4.965442E-8	1
67.069736	4.959164E-8	1
67.178626	4.953549E-8	1
67.288196	4.948567E-8	1
67.397277	4.945169E-8	1
67.504907	4.939381E-8	1
67.614613	4.933689E-8	1
67.722986	4.928378E-8	1
67.831505	4.923085E-8	1
67.94057	4.918425E-8	1
68.04862	4.914764E-8	1
68.157133	4.910696E-8	1
68.265445	4.904759E-8	1
68.374358	4.899912E-8	1
68.48234	4.895406E-8	1
68.591031	4.891081E-8	1
68.700244	4.886556E-8	1
68.809932	4.882192E-8	1
68.91944	4.877628E-8	1
69.029503	4.873342E-8	1
69.136865	4.868829E-8	1
69.244978	4.865142E-8	1
69.353055	4.860707E-8	1
69.461861	4.856904E-8	1
69.571036	4.853249E-8	1
69.679669	4.848125E-8	1
69.789272	4.844219E-8	1
69.898761	4.840938E-8	1
70.006918	4.837128E-8	1
70.115876	4.833589E-8	1
70.224284	4.829676E-8	1
70.332525	4.825712E-8	1
70.439824	4.821922E-8	1
70.550216	4.818725E-8	1
70.658839	4.815972E-8	1
70.767545	4.811576E-8	1
70.875731	4.807773E-8	1
70.982771	4.804344E-8	1
71.091965	4.801114E-8	1
71.201054	4.798207E-8	1
71.310872	4.794236E-8	1
71.420663	4.790884E-8	1
71.529665	4.787513E-8	1
71.637391	4.783839E-8	1
71.74509	4.781473E-8	1
71.854139	4.777941E-8	1
71.962432	4.775943E-8	1
72.071016	4.77203E-8	1
72.18053	4.76822E-8	1
72.288578	4.764817E-8	1
72.3976	4.762748E-8	1
72.50608	4.759035E-8	1
72.613701	4.756392E-8	1
72.722287	4.754812E-8	1
72.831818	4.75137E-8	1
72.939675	4.748837E-8	1
73.048368	4.745833E-8	1
73.156548	4.742501E-8	1
73.264443	4.74018E-8	1
73.37206	4.738285E-8	1
73.481999	4.735107E-8	1
73.591676	4.732426E-8	1
73.70139	4.729022E-8	1
73.811178	4.727282E-8	1
73.918687	4.723491E-8	1
74.027572	4.721209E-8	1
74.136905	4.716904E-8	1
74.24597	4.715518E-8	1
74.354352	4.713764E-8	1
74.463316	4.710535E-8	1
74.571683	4.708092E-8	1
74.679713	4.706029E-8	1
74.78836	4.703012E-8	1
74.897587	4.700382E-8	1
75.005095	4.698784E-8	1
75.114231	4.696238E-8	1
75.222064	4.694156E-8	1
75.331526	4.687639E-8	1
75.441343	4.688773E-8	1
75.550445	4.686214E-8	1
75.6587	4.684628E-8	1
75.766377	4.681786E-8	1
75.874231	4.680329E-8	1
75.983397	4.677667E-8	1
76.091441	4.674656E-8	1
76.199536	4.673735E-8	1
76.307634	4.671408E-8	1
76.415682	4.668887E-8	1
76.523891	4.667198E-8	1
76.63305	4.664079E-8	1
76.741696	4.663073E-8	1
76.849621	4.659689E-8	1
76.959258	4.658064E-8	1
77.068705	4.656543E-8	1
77.176577	4.654145E-8	1
77.287686	4.652643E-8	1
77.396441	4.650033E-8	1
77.505236	4.647686E-8	1
77.613946	4.647216E-8	1
77.722897	4.645159E-8	1
77.831737	4.642929E-8	1
77.940447	4.640589E-8	1
78.048159	4.638591E-8	1
78.155872	4.637695E-8	1
78.263726	4.635136E-8	1
78.371125	4.633969E-8	1
78.478726	4.631687E-8	1
78.588194	4.629386E-8	1
78.696904	4.628555E-8	1
78.805621	4.626846E-8	1
78.914748	4.625177E-8	1
79.022861	4.624042E-8	1
79.132687	4.622998E-8	1
79.241641	4.620207E-8	1
79.35078	4.617925E-8	1
79.459671	4.617461E-8	1
79.568841	4.615044E-8	1
79.67816	4.613078E-8	1
79.787677	4.611518E-8	1
79.896604	4.610016E-8	1
80.004987	4.608598E-8	1
80.113339	4.607231E-8	1
80.222284	4.604859E-8	1
80.331417	4.602674E-8	1
80.441924	4.601688E-8	1
80.549158	4.600611E-8	1
80.658029	4.599013E-8	1
80.768379	4.597253E-8	1
80.877481	4.596009E-8	1
80.987236	4.594726E-8	1
81.095945	4.592515E-8	1
81.203753	4.591535E-8	1
81.311714	4.589679E-8	1
81.420398	4.588744E-8	1
81.528251	4.587191E-8	1
81.63733	4.585631E-8	1
81.746786	4.584741E-8	1
81.855119	4.583813E-8	1
81.962985	4.582891E-8	1
82.071493	4.580674E-8	1
82.179746	4.57903E-8	1
82.289358	4.577154E-8	1
82.398757	4.576555E-8	1
82.507312	4.574892E-8	1
82.616975	4.57426E-8	1
82.727933	4.573125E-8	1
82.835053	4.570541E-8	1
82.943358	4.569915E-8	1
83.052355	4.568845E-8	1
83.160158	4.567853E-8	1
83.270454	4.566808E-8	1
83.379518	4.565996E-8	1
83.488555	4.563817E-8	1
83.597185	4.562876E-8	1
83.704872	4.560852E-8	1
83.813489	4.560543E-8	1
83.920984	4.559279E-8	1
84.029957	4.557964E-8	1
84.138772	4.556082E-8	1
84.246425	4.555373E-8	1
84.354784	4.554593E-8	1
84.463442	4.553542E-8	1
84.571326	4.551899E-8	1
84.681032	4.550771E-8	1
84.790731	4.549294E-8	1
84.900446	4.547444E-8	1
85.007456	4.546471E-8	1
85.115532	4.544905E-8	1
85.223827	4.543512E-8	1
85.33117	4.542081E-8	1
85.441686	4.487045E-8	1
85.549791	4.544054E-8	1
85.659517	4.547857E-8	1
85.768053	4.546581E-8	1
85.875358	4.545575E-8	1
85.98518	4.544595E-8	1
86.093199	4.543035E-8	1
86.201451	4.541843E-8	1
86.310484	4.540405E-8	1
86.419569	4.539522E-8	1
86.52839	4.539194E-8	1
86.639401	4.537189E-8	1
86.748141	4.535925E-8	1
86.856385	4.535345E-8	1
86.965375	4.535262E-8	1
87.07345	4.532986E-8	1
87.182168	4.53365E-8	1
87.289927	4.531607E-8	1
87.397999	4.529808E-8	1
87.509601	4.529164E-8	1
87.618804	4.528609E-8	1
87.728453	4.527778E-8	1
87.836219	4.527036E-8	1
87.945421	4.525689E-8	1
88.053341	4.523504E-8	1
88.163234	4.523266E-8	1
88.271903	4.52293E-8	1
88.380701	4.52137E-8	1
88.488055	4.5211E-8	1
88.596765	4.519972E-8	1
88.704911	4.518521E-8	1
88.814372	4.517625E-8	1
88.922302	4.517367E-8	1
89.03187	4.516078E-8	1
89.140709	4.514866E-8	1
89.250474	4.514641E-8	1
89.358807	4.513074E-8	1
89.467109	4.511972E-8	1
89.575957	4.512049E-8	1
89.685051	4.5098E-8	1
89.796365	4.509497E-8	1
89.905667	4.508872E-8	1
90.0142	4.50746E-8	1
90.120216	4.507202E-8	1
90.229039	4.506422E-8	1
90.339424	4.506351E-8	1
90.447329	4.503934E-8	1
90.555931	4.50309E-8	1
90.663558	4.502671E-8	1
90.77196	4.502052E-8	1
90.881251	4.502065E-8	1
90.988833	4.501343E-8	1
91.098605	4.49975E-8	1
91.205906	4.498481E-8	1
91.314344	4.498887E-8	1
91.423835	4.49763E-8	1
91.532683	4.496663E-8	1
91.641766	4.496018E-8	1
91.74984	4.495528E-8	1
91.858839	4.494207E-8	1
91.966555	4.493285E-8	1
92.074569	4.492305E-8	1
92.182184	4.492318E-8	1
92.290388	4.491081E-8	1
92.399355	4.490733E-8	1
92.507668	4.48963E-8	1
92.617036	4.488683E-8	1
92.725475	4.488406E-8	1
92.833189	4.48751E-8	1
92.941897	4.486317E-8	1
93.049611	4.485879E-8	1
93.157359	4.483932E-8	1
93.264097	4.484138E-8	1
93.373118	4.483378E-8	1
93.481275	4.483165E-8	1
93.589857	4.481644E-8	1
93.698859	4.480277E-8	1
93.806978	4.478711E-8	1
93.916821	4.478498E-8	1
94.025677	4.478872E-8	1
94.134302	4.477795E-8	1
94.241132	4.477383E-8	1
94.351295	4.476377E-8	1
94.459874	4.475823E-8	1
94.569865	4.475049E-8	1
94.678158	4.474701E-8	1
94.788091	4.473535E-8	1
94.897386	4.473515E-8	1
95.00421	4.471839E-8	1
95.113352	4.471955E-8	1
95.223256	4.471124E-8	1
95.332607	4.470324E-8	1
95.440722	4.470376E-8	1
95.549835	4.469532E-8	1
95.660476	4.468803E-8	1
95.769729	4.467482E-8	1
95.87745	4.467211E-8	1
95.984172	4.467327E-8	1
96.093888	4.464684E-8	1
96.202569	4.465593E-8	1
96.311343	4.463711E-8	1
96.418883	4.461642E-8	1
96.527008	4.462589E-8	1
96.634359	4.463008E-8	1
96.740879	4.461307E-8	1
96.849897	4.461042E-8	1
96.959883	4.461023E-8	1
97.06989	4.459179E-8	1
97.178152	4.458702E-8	1
97.287306	4.457916E-8	1
97.396014	4.457497E-8	1
97.505721	4.456536E-8	1
97.612437	4.456723E-8	1
97.722143	4.455202E-8	1
97.833846	4.456059E-8	1
97.940562	4.454828E-8	1
98.048275	4.454815E-8	1
98.156896	4.45332E-8	1
98.266579	4.452824E-8	1
98.374083	4.452869E-8	1
98.482173	4.452076E-8	1
98.59012	4.45205E-8	1
98.698032	4.451747E-8	1
98.80599	4.450155E-8	1
98.915137	4.449865E-8	1
99.024285	4.449697E-8	1
99.134311	4.448601E-8	1
99.243279	4.449117E-8	1
99.351984	4.448569E-8	1
99.461116	4.448092E-8	1
99.569082	4.446977E-8	1
99.677428	4.446307E-8	1
99.784719	4.445843E-8	1
99.89325	4.445488E-8	1
100.002301	4.444147E-8	1
100.111142	4.443509E-8	1
100.221415	4.443541E-8	1
100.329754	4.442781E-8	1
100.438912	4.442922E-8	1
100.547511	4.4426E-8	1
100.655112	4.441266E-8	1
100.763642	4.441085E-8	1
100.872586	4.44046E-8	1
100.980313	4.440209E-8	1
101.088773	4.439197E-8	1
101.199737	4.439048E-8	1
101.307174	4.438926E-8	1
101.41616	4.43783E-8	1
101.527092	4.437418E-8	1
101.635206	4.43638E-8	1
101.744256	4.436425E-8	1
101.851987	4.435858E-8	1
101.959929	4.435058E-8	1
102.069581	4.434124E-8	1
102.178934	4.43422E-8	1
102.288061	4.434517E-8	1
102.395243	4.433511E-8	1
102.503407	4.432641E-8	1
102.616368	4.431474E-8	1
102.722098	4.430391E-8	1
102.831239	4.43052E-8	1
102.93996	4.429631E-8	1
103.048794	4.429618E-8	1
103.158446	4.428122E-8	1
103.267787	4.427091E-8	1
103.377223	4.427168E-8	1
103.486377	4.426717E-8	1
103.595042	4.426827E-8	1
103.70397	4.426659E-8	1
103.81319	4.425583E-8	1
103.922958	4.424003E-8	1
104.032129	4.423868E-8	1
104.141813	4.423417E-8	1
104.252834	4.423223E-8	1
104.360683	4.422469E-8	1
104.467399	4.422276E-8	1
104.576109	4.421083E-8	1
104.683966	4.421741E-8	1
104.793891	4.421257E-8	1
104.903721	4.421212E-8	1
105.013497	4.419601E-8	1
105.123303	4.419395E-8	1
105.232867	4.418279E-8	1
105.338587	4.418782E-8	1
105.4463	4.417899E-8	1
105.553658	4.417551E-8	1
105.662966	4.416758E-8	1
105.773174	4.416455E-8	1
105.882129	4.415346E-8	1
105.993081	4.41612E-8	1
106.099795	4.415701E-8	1
106.207509	4.414927E-8	1
106.315444	4.414689E-8	1
106.424597	4.414592E-8	1
106.533912	4.41271E-8	1
106.641951	4.413458E-8	1
106.752	4.412484E-8	1
106.860687	4.4128E-8	1
106.970659	4.410873E-8	1
107.078976	4.411453E-8	1
107.189476	4.410422E-8	1
107.297334	4.410331E-8	1
107.407775	4.409977E-8	1
107.514086	4.410009E-8	1
107.623246	4.409584E-8	1
107.729943	4.409448E-8	1
107.83847	4.408823E-8	1
107.94761	4.408752E-8	1
108.058105	4.407895E-8	1
108.166146	4.407476E-8	1
108.277169	4.406818E-8	1
108.385618	4.406309E-8	1
108.492922	4.406838E-8	1
108.602375	4.406271E-8	1
108.709989	4.405781E-8	1
108.820258	4.405697E-8	1
108.929823	4.404839E-8	1
109.039246	4.404633E-8	1
109.148576	4.404904E-8	1
109.258408	4.404085E-8	1
109.368948	4.40268E-8	1
109.477946	4.403183E-8	1
109.587075	4.403363E-8	1
109.69498	4.402629E-8	1
109.802798	4.401913E-8	1
109.910865	4.400907E-8	1
110.018953	4.400688E-8	1
110.127078	4.400347E-8	1
110.235153	4.39958E-8	1
110.34293	4.39976E-8	1
110.453941	4.399915E-8	1
110.561729	4.399148E-8	1
110.671624	4.398033E-8	1
110.779228	4.398806E-8	1
110.889215	4.397652E-8	1
110.997645	4.396834E-8	1
111.10729	4.396647E-8	1
111.215459	4.396498E-8	1
111.324623	4.39566E-8	1
111.433734	4.395345E-8	1
111.543521	4.396524E-8	1
111.652747	4.39499E-8	1
111.761459	4.394951E-8	1
111.87078	4.395267E-8	1
111.98043	4.393327E-8	1
112.087844	4.39508E-8	1
112.198195	4.394249E-8	1
112.307147	4.392218E-8	1
112.416455	4.392579E-8	1
112.526325	4.392057E-8	1
112.63561	4.392192E-8	1
112.744011	4.39247E-8	1
112.85382	4.391354E-8	1
112.963163	4.392611E-8	1
113.071358	4.390065E-8	1
113.180996	4.390768E-8	1
113.288909	4.390336E-8	1
113.397146	4.389163E-8	1
113.506638	4.389653E-8	1
113.614933	4.387912E-8	1
113.723077	4.389285E-8	1
113.832386	4.387042E-8	1
113.940421	4.387854E-8	1
114.048505	4.3869E-8	1
114.156855	4.387783E-8	1
114.265777	4.387319E-8	1
114.374678	4.385244E-8	1
114.484107	4.387435E-8	1
114.591771	4.384444E-8	1
114.698486	4.385701E-8	1
114.806199	4.386333E-8	1
114.91391	4.384025E-8	1
115.023618	4.383916E-8	1
115.130333	4.384986E-8	1
115.238326	4.38273E-8	1
115.347144	4.384702E-8	1
115.456171	4.38331E-8	1
115.566292	4.383039E-8	1
115.674338	4.382407E-8	1
115.782221	4.381492E-8	1
115.891016	4.381898E-8	1
116.000075	4.381569E-8	1
116.108006	4.381988E-8	1
116.216974	4.38019E-8	1
116.327153	4.379919E-8	1
116.435215	4.380603E-8	1
116.543953	4.379713E-8	1
116.653445	4.378978E-8	1
116.760954	4.379429E-8	1
116.870927	4.378849E-8	1
116.980062	4.378392E-8	1
117.088218	4.378746E-8	1
117.19772	4.377341E-8	1
117.306716	4.37923E-8	1
117.414673	4.377418E-8	1
117.523633	4.377263E-8	1
117.633678	4.378488E-8	1
117.741392	4.375549E-8	1
117.849105	4.376703E-8	1
117.956954	4.376967E-8	1
118.06452	4.374827E-8	1
118.172409	4.376213E-8	1
118.28132	4.375903E-8	1
118.389898	4.374743E-8	1
118.496772	4.374608E-8	1
118.60816	4.376284E-8	1
118.716461	4.373602E-8	1
118.826054	4.373912E-8	1
118.935763	4.374614E-8	1
119.044568	4.37375E-8	1
119.152294	4.37317E-8	1
119.260906	4.374389E-8	1
119.37008	4.374498E-8	1
119.48008	4.372764E-8	1
119.589739	4.371449E-8	1
119.699617	4.372577E-8	1
119.808932	4.372287E-8	1
119.917734	4.370882E-8	1
120.025471	4.371352E-8	1
120.133662	4.370875E-8	1
120.243021	4.370263E-8	1
120.351774	4.371352E-8	1
120.46103	4.370643E-8	1
120.570096	4.368955E-8	1
120.680209	4.368755E-8	1
120.791292	4.368561E-8	1
120.902841	4.368097E-8	1
121.0101	4.368233E-8	1
121.119536	4.367994E-8	1
121.229517	4.366634E-8	1
121.337586	4.367749E-8	1
121.446342	4.365815E-8	1
121.55477	4.366821E-8	1
121.66521	4.364307E-8	1
121.774592	4.364546E-8	1
121.883578	4.364146E-8	1
121.991417	4.363753E-8	1
122.098471	4.36316E-8	1
122.207392	4.363379E-8	1
122.317404	4.361896E-8	1
122.424267	4.361664E-8	1
122.533825	4.362206E-8	1
122.642495	4.361226E-8	1
122.752398	4.361606E-8	1
122.861714	4.362135E-8	1
122.969973	4.361245E-8	1
123.078447	4.359524E-8	1
123.1875	4.360214E-8	1
123.296995	4.36013E-8	1
123.404665	4.359563E-8	1
123.513158	4.35924E-8	1
123.622169	4.358989E-8	1
123.730854	4.35828E-8	1
123.839116	4.358467E-8	1
123.949102	4.358473E-8	1
124.057348	4.358158E-8	1
124.165818	4.358944E-8	1
124.274222	4.357919E-8	1
124.382254	4.35788E-8	1
124.492035	4.356836E-8	1
124.602334	4.357178E-8	1
124.710835	4.359356E-8	1
124.820343	4.357326E-8	1
124.929296	4.356881E-8	1
125.037901	4.356211E-8	1
125.147496	4.355985E-8	1
125.256102	4.356617E-8	1
125.365153	4.356391E-8	1
125.472612	4.355669E-8	1
125.581746	4.355489E-8	1
125.689588	4.354993E-8	1
125.797313	4.355463E-8	1
125.906802	4.353974E-8	1
126.014096	4.354947E-8	1
126.123456	4.353748E-8	1
126.231022	4.353877E-8	1
126.340065	4.352711E-8	1
126.449981	4.352485E-8	1
126.558676	4.353452E-8	1
126.669213	4.35264E-8	1
126.776589	4.352163E-8	1
126.885776	4.352762E-8	1
126.993108	4.351866E-8	1
127.101541	4.35213E-8	1
127.210814	4.351002E-8	1
127.32015	4.350351E-8	1
127.428096	4.350783E-8	1
127.537708	4.350841E-8	1
127.645694	4.349288E-8	1
127.755143	4.350152E-8	1
127.863987	4.349501E-8	1
127.973171	4.349958E-8	1
128.081536	4.349636E-8	1
128.191548	4.349243E-8	1
128.300159	4.34854E-8	1
128.408017	4.34787E-8	1
128.516791	4.34903E-8	1
128.626005	4.347554E-8	1
128.734162	4.347186E-8	1
128.843525	4.346825E-8	1
128.951552	4.346252E-8	1
129.061563	4.346265E-8	1
129.172016	4.29674E-8	1
129.281098	4.349597E-8	1
129.389632	4.355921E-8	1
129.498299	4.355934E-8	1
129.605015	4.355302E-8	1
129.713724	4.354851E-8	1
129.82247	4.354548E-8	1
129.931662	4.355025E-8	1
130.04085	4.354857E-8	1
130.149358	4.352498E-8	1
130.259818	4.35516E-8	1
130.367522	4.354438E-8	1
130.475234	4.352227E-8	1
130.584058	4.354077E-8	1
130.692296	4.352833E-8	1
130.801572	4.352562E-8	1
130.911497	4.353014E-8	1
131.019648	4.352691E-8	1
131.12643	4.351325E-8	1
131.236045	4.352388E-8	1
131.346283	4.351692E-8	1
131.456118	4.350429E-8	1
131.564204	4.35068E-8	1
131.673536	4.352214E-8	1
131.781579	4.34941E-8	1
131.89019	4.350996E-8	1
131.997958	4.34923E-8	1
132.106286	4.350177E-8	1
132.214101	4.350048E-8	1
132.322256	4.349455E-8	1
132.431581	4.348701E-8	1
132.53935	4.349752E-8	1
132.64817	4.347818E-8	1
132.756669	4.349198E-8	1
132.866376	4.347934E-8	1
132.975563	4.348173E-8	1
133.085187	4.348179E-8	1
133.193055	4.346896E-8	1
133.302929	4.34718E-8	1
133.409064	4.34709E-8	1
133.51717	4.347412E-8	1
133.624463	4.347051E-8	1
133.733352	4.346864E-8	1
133.841154	4.346323E-8	1
133.949871	4.34533E-8	1
134.059062	4.344956E-8	1
134.167662	4.345684E-8	1
134.277386	4.344505E-8	1
134.386265	4.345259E-8	1
134.494721	4.344995E-8	1
134.602671	4.344376E-8	1
134.710699	4.34359E-8	1
134.819212	4.345207E-8	1
134.927001	4.34484E-8	1
135.035592	4.343577E-8	1
135.143306	4.344376E-8	1
135.251564	4.344421E-8	1
135.360442	4.343171E-8	1
135.469583	4.342971E-8	1
135.579572	4.343061E-8	1
135.687809	4.343067E-8	1
135.80042	4.342088E-8	1
135.910225	4.3427E-8	1
136.021862	4.341585E-8	1
136.133879	4.342004E-8	1
136.241224	4.342275E-8	1
136.349625	4.341849E-8	1
136.458092	4.341888E-8	1
136.567638	4.342384E-8	1
136.675187	4.341875E-8	1
136.785417	4.340425E-8	1
136.89256	4.340309E-8	1
137.00318	4.340824E-8	1
137.110278	4.340463E-8	1
137.220282	4.340779E-8	1
137.32741	4.34076E-8	1
137.437643	4.340012E-8	1
137.547866	4.339213E-8	1
137.657595	4.339413E-8	1
137.767092	4.339129E-8	1
137.875718	4.338774E-8	1
137.985128	4.338568E-8	1
138.095479	4.33755E-8	1
138.203708	4.336937E-8	1
138.314381	4.338091E-8	1
138.42314	4.338497E-8	1
138.539255	4.337485E-8	1
138.64697	4.337047E-8	1
138.755914	4.336318E-8	1
138.863139	4.336957E-8	1
138.971277	4.338581E-8	1
139.081504	4.335287E-8	1
139.189988	4.335893E-8	1
139.29787	4.335706E-8	1
139.407651	4.335306E-8	1
139.517424	4.334514E-8	1
139.627829	4.333643E-8	1
139.735973	4.333901E-8	1
139.843686	4.333437E-8	1
139.951401	4.33285E-8	1
140.059114	4.332477E-8	1
140.165828	4.333398E-8	1
140.27354	4.333656E-8	1
140.380613	4.332535E-8	1
140.489891	4.332348E-8	1
140.599267	4.332135E-8	1
140.708103	4.331877E-8	1
140.817943	4.332702E-8	1
140.926537	4.331942E-8	1
141.033834	4.332219E-8	1
141.143379	4.33122E-8	1
141.250635	4.331594E-8	1
141.359207	4.33151E-8	1
141.466604	4.331033E-8	1
141.574307	4.33042E-8	1
141.681919	4.330588E-8	1
141.790278	4.330343E-8	1
141.899274	4.3314E-8	1
142.008208	4.330337E-8	1
142.116414	4.330285E-8	1
142.224593	4.330414E-8	1
142.332306	4.329157E-8	1
142.440671	4.329885E-8	1
142.549284	4.329518E-8	1
142.656452	4.330324E-8	1
142.764423	4.329557E-8	1
142.871431	4.329479E-8	1
142.979072	4.329408E-8	1
143.086695	4.328912E-8	1
143.19511	4.328815E-8	1
143.303411	4.328925E-8	1
143.409779	4.328267E-8	1
143.51861	4.328467E-8	1
143.627641	4.327694E-8	1
143.7355	4.328248E-8	1
143.843026	4.328351E-8	1
143.952228	4.327475E-8	1
144.059313	4.326695E-8	1
144.168276	4.327094E-8	1
144.277007	4.327436E-8	1
144.385845	4.327384E-8	1
144.494646	4.32694E-8	1
144.602008	4.326546E-8	1
144.710901	4.326566E-8	1
144.819434	4.325811E-8	1
144.928693	4.326095E-8	1
145.038398	4.326295E-8	1
145.146446	4.325786E-8	1
145.253152	4.325431E-8	1
145.361252	4.325315E-8	1
145.469306	4.32567E-8	1
145.578777	4.325347E-8	1
145.686847	4.325225E-8	1
145.794807	4.32449E-8	1
145.902654	4.325334E-8	1
146.012977	4.324838E-8	1
146.121315	4.323626E-8	1
146.230194	4.323484E-8	1
146.338066	4.323678E-8	1
146.445809	4.323368E-8	1
146.553826	4.322782E-8	1
146.6629	4.32353E-8	1
146.770659	4.322337E-8	1
146.880086	4.322389E-8	1
146.98932	4.322408E-8	1
147.096791	4.322479E-8	1
147.204865	4.322382E-8	1
147.311821	4.322704E-8	1
147.420327	4.322466E-8	1
147.528734	4.321609E-8	1
147.638751	4.321325E-8	1
147.746238	4.320822E-8	1
147.853623	4.321125E-8	1
147.962144	4.321512E-8	1
148.070937	4.320835E-8	1
148.180741	4.320854E-8	1
148.289638	4.321041E-8	1
148.398695	4.319958E-8	1
148.506311	4.321344E-8	1
148.613024	4.320584E-8	1
148.720734	4.320326E-8	1
148.828497	4.319378E-8	1
148.937353	4.320133E-8	1
149.045198	4.320029E-8	1
149.153941	4.319249E-8	1
149.263486	4.319423E-8	1
149.370638	4.318547E-8	1
149.479343	4.318598E-8	1
149.587437	4.318727E-8	1
149.696669	4.31883E-8	1
149.805882	4.318985E-8	1
149.914033	4.318302E-8	1
150.022795	4.318946E-8	1
150.130836	4.31874E-8	1
150.24034	4.317728E-8	1
150.347522	4.317683E-8	1
150.456127	4.317812E-8	1
150.563952	4.317522E-8	1
150.672705	4.317303E-8	1
150.780714	4.316697E-8	1
150.887379	4.317096E-8	1
150.995466	4.316768E-8	1
151.103938	4.316581E-8	1
151.211448	4.316703E-8	1
151.318619	4.317206E-8	1
151.426603	4.317238E-8	1
151.533781	4.316059E-8	1
151.641752	4.315846E-8	1
151.75075	4.317045E-8	1
151.858816	4.315827E-8	1
151.966613	4.31542E-8	1
152.074409	4.316007E-8	1
152.183672	4.315485E-8	1
152.291288	4.315208E-8	1
152.40087	4.315453E-8	1
152.507762	4.315021E-8	1
152.615562	4.315118E-8	1
152.722918	4.315614E-8	1
152.830797	4.314924E-8	1
152.940251	4.314499E-8	1
153.047889	4.314518E-8	1
153.155712	4.314273E-8	1
153.263345	4.313751E-8	1
153.370194	4.314035E-8	1
153.480511	4.3135E-8	1
153.587525	4.313422E-8	1
153.695788	4.313261E-8	1
153.803469	4.314802E-8	1
153.912935	4.313525E-8	1
154.02287	4.313248E-8	1
154.129385	4.314228E-8	1
154.237645	4.312997E-8	1
154.3466	4.3133E-8	1
154.454816	4.312346E-8	1
154.562133	4.313332E-8	1
154.670131	4.313396E-8	1
154.778888	4.311282E-8	1
154.886397	4.31232E-8	1
154.994398	4.312417E-8	1
155.102117	4.311895E-8	1
155.210977	4.312629E-8	1
155.320044	4.311978E-8	1
155.428203	4.311617E-8	1
155.537568	4.311424E-8	1
155.644452	4.311759E-8	1
155.75245	4.312036E-8	1
155.860836	4.312455E-8	1
155.970746	4.311057E-8	1
156.0804	4.310644E-8	1
156.188422	4.311392E-8	1
156.296746	4.310341E-8	1
156.404458	4.309368E-8	1
156.513168	4.310766E-8	1
156.62034	4.310328E-8	1
156.72851	4.30987E-8	1
156.836281	4.310083E-8	1
156.94292	4.309464E-8	1
157.05278	4.309065E-8	1
157.161489	4.309355E-8	1
157.268205	4.308717E-8	1
157.375816	4.30824E-8	1
157.482845	4.308555E-8	1
157.590854	4.308265E-8	1
157.699673	4.306938E-8	1
157.807919	4.307756E-8	1
157.915919	4.307382E-8	1
158.024339	4.30697E-8	1
158.13115	4.306589E-8	1
158.239419	4.307202E-8	1
158.347891	4.306042E-8	1
158.455952	4.305661E-8	1
158.564144	4.305751E-8	1
158.67331	4.305352E-8	1
158.780451	4.306441E-8	1
158.887539	4.30532E-8	1
158.995889	4.305687E-8	1
159.104598	4.305023E-8	1
159.21287	4.27648E-8	1
159.31982	4.286839E-8	1
159.426682	4.306106E-8	1
159.534561	4.306976E-8	1
159.643395	4.306364E-8	1
159.751179	4.307002E-8	1
159.859438	4.306448E-8	1
159.966869	4.305565E-8	1
160.075969	4.306454E-8	1
160.184926	4.305062E-8	1
160.292321	4.305397E-8	1
160.398948	4.305558E-8	1
160.508137	4.30503E-8	1
160.617518	4.304153E-8	1
160.726821	4.304404E-8	1
160.833675	4.305075E-8	1
160.940836	4.304179E-8	1
161.049246	4.304301E-8	1
161.157371	4.305068E-8	1
161.265356	4.304172E-8	1
161.374221	4.303766E-8	1
161.482352	4.303985E-8	1
161.590727	4.302883E-8	1
161.699075	4.302496E-8	1
161.80709	4.302677E-8	1
161.915666	4.302825E-8	1
162.023891	4.3024E-8	1
162.131655	4.302825E-8	1
162.240455	4.303985E-8	1
162.34903	4.303727E-8	1
162.458334	4.302354E-8	1
162.567276	4.302122E-8	1
162.674798	4.302103E-8	1
162.783552	4.302058E-8	1
162.891583	4.302161E-8	1
163.000459	4.302445E-8	1
163.108362	4.301774E-8	1
163.217439	4.301433E-8	1
163.324855	4.301027E-8	1
163.432281	4.300949E-8	1
163.541101	4.301291E-8	1
163.649466	4.301877E-8	1
163.757551	4.301304E-8	1
163.865612	4.300543E-8	1
163.973589	4.300388E-8	1
164.08285	4.300311E-8	1
164.191556	4.301246E-8	1
164.298273	4.300537E-8	1
164.405599	4.300298E-8	1
164.512971	4.299376E-8	1
164.62116	4.299969E-8	1
164.729476	4.299538E-8	1
164.838355	4.299189E-8	1
164.946076	4.300247E-8	1
165.053788	4.299608E-8	1
165.160504	4.299486E-8	1
165.268374	4.299241E-8	1
165.377533	4.299235E-8	1
165.485506	4.299144E-8	1
165.592796	4.298867E-8	1
165.700949	4.299563E-8	1
165.808689	4.298835E-8	1
165.916936	4.298932E-8	1
166.025134	4.298223E-8	1
166.132847	4.298564E-8	1
166.243857	4.299757E-8	1
166.352227	4.299409E-8	1
166.460559	4.299067E-8	1
166.569511	4.297494E-8	1
166.676929	4.29877E-8	1
166.785918	4.297552E-8	1
166.893947	4.297662E-8	1
167.002514	4.2979E-8	1
167.109494	4.297043E-8	1
167.218664	4.297417E-8	1
167.327565	4.29645E-8	1
167.436307	4.297011E-8	1
167.544429	4.296895E-8	1
167.652844	4.297049E-8	1
167.760479	4.297604E-8	1
167.870472	4.296205E-8	1
167.979479	4.296914E-8	1
168.087059	4.296882E-8	1
168.192919	4.295934E-8	1
168.299717	4.295025E-8	1
168.40821	4.295309E-8	1
168.519509	4.295992E-8	1
168.627147	4.295535E-8	1
168.736154	4.295373E-8	1
168.844657	4.294864E-8	1
168.953615	4.294793E-8	1
169.060371	4.295773E-8	1
169.170334	4.294838E-8	1
169.278032	4.295148E-8	1
169.386856	4.294916E-8	1
169.49511	4.293904E-8	1
169.603726	4.294935E-8	1
169.710463	4.29373E-8	1
169.816343	4.294535E-8	1
169.924642	4.293717E-8	1
170.032107	4.293878E-8	1
170.140526	4.293575E-8	1
170.248981	4.293523E-8	1
170.357046	4.294232E-8	1
170.464763	4.293685E-8	1
170.572173	4.294155E-8	1
170.679968	4.293852E-8	1
170.787849	4.293285E-8	1
170.897328	4.293304E-8	1
171.00489	4.293053E-8	1
171.112718	4.293755E-8	1
171.220562	4.292292E-8	1
171.329198	4.293375E-8	1
171.437973	4.292324E-8	1
171.546048	4.292266E-8	1
171.654383	4.292776E-8	1
171.762993	4.291809E-8	1
171.871277	4.292685E-8	1
171.980134	4.29235E-8	1
172.087719	4.291802E-8	1
172.197725	4.291764E-8	1
172.304977	4.291532E-8	1
172.41198	4.291938E-8	1
172.51988	4.292666E-8	1
172.627801	4.291119E-8	1
172.735959	4.290429E-8	1
172.843887	4.291358E-8	1
172.951204	4.291274E-8	1
173.05955	4.290539E-8	1
173.168904	4.291951E-8	1
173.276314	4.291158E-8	1
173.384018	4.291564E-8	1
173.493363	4.290726E-8	1
173.600319	4.290958E-8	1
173.709555	4.290816E-8	1
173.8171	4.290713E-8	1
173.92479	4.290236E-8	1
174.034122	4.291151E-8	1
174.141464	4.289314E-8	1
174.249022	4.290655E-8	1
174.358126	4.290275E-8	1
174.466154	4.290487E-8	1
174.574726	4.29079E-8	1
174.683477	4.290913E-8	1
174.791164	4.289417E-8	1
174.9006	4.289952E-8	1
175.008482	4.290217E-8	1
175.11744	4.289501E-8	1
175.226177	4.289456E-8	1
175.3369	4.289346E-8	1
175.445569	4.288844E-8	1
175.554507	4.289198E-8	1
175.663388	4.289553E-8	1
175.771523	4.28885E-8	1
175.879237	4.28925E-8	1
175.987208	4.288805E-8	1
176.09664	4.288122E-8	1
176.204845	4.28818E-8	1
176.31308	4.287741E-8	1
176.419768	4.287007E-8	1
176.528619	4.287471E-8	1
176.635379	4.287303E-8	1
176.743969	4.286684E-8	1
176.852963	4.28622E-8	1
176.962614	4.28651E-8	1
177.071975	4.286278E-8	1
177.181006	4.285389E-8	1
177.289608	4.286781E-8	1
177.398196	4.286407E-8	1
177.508749	4.286078E-8	1
177.613492	4.286149E-8	1
177.72128	4.286491E-8	1
177.83046	4.285608E-8	1
177.939095	4.28593E-8	1
178.047378	4.28584E-8	1
178.155105	4.285492E-8	1
178.263971	4.285395E-8	1
178.371683	4.286562E-8	1
178.478397	4.286362E-8	1
178.584471	4.285556E-8	1
178.693325	4.285569E-8	1
178.802547	4.285492E-8	1
178.911575	4.284589E-8	1
179.018774	4.285311E-8	1
179.127493	4.284518E-8	1
179.235633	4.284441E-8	1
179.34431	4.284261E-8	1
179.450911	4.28504E-8	1
179.558665	4.283848E-8	1
179.667294	4.283835E-8	1
179.775009	4.28428E-8	1
179.882816	4.284144E-8	1
179.990526	4.284267E-8	1
180.098573	4.284086E-8	1
180.206737	4.284202E-8	1
180.31559	4.283571E-8	1
180.424629	4.283016E-8	1
180.53272	4.283551E-8	1
180.640162	4.283158E-8	1
180.748594	4.28321E-8	1
180.856169	4.282211E-8	1
180.964159	4.282759E-8	1
181.071359	4.282365E-8	1
181.182053	4.281682E-8	1
181.291065	4.281083E-8	1
181.400413	4.280354E-8	1
181.507415	4.281759E-8	1
181.613801	4.281147E-8	1
181.720769	4.281108E-8	1
181.828574	4.281257E-8	1
181.937985	4.280535E-8	1
182.045371	4.280825E-8	1
182.155012	4.281366E-8	1
182.264528	4.280496E-8	1
182.372947	4.280986E-8	1
182.481409	4.280876E-8	1
182.590114	4.281244E-8	1
182.697845	4.281224E-8	1
182.806113	4.281824E-8	1
182.914112	4.281875E-8	1
183.022573	4.281141E-8	1
183.129652	4.280973E-8	1
183.238912	4.280986E-8	1
183.346484	4.27998E-8	1
183.453937	4.280979E-8	1
183.56294	4.281012E-8	1
183.671793	4.280419E-8	1
183.779777	4.280857E-8	1
183.888488	4.228651E-8	1
183.996202	4.286626E-8	1
184.103915	4.287393E-8	1
184.209631	4.28838E-8	1
184.317346	4.287928E-8	1
184.425704	4.287084E-8	1
184.534969	4.287348E-8	1
184.641911	4.287013E-8	1
184.750071	4.28689E-8	1
184.858345	4.28789E-8	1
184.966759	4.287161E-8	1
185.074931	4.287026E-8	1
185.18314	4.286426E-8	1
185.292039	4.286581E-8	1
185.399652	4.28631E-8	1
185.509655	4.286736E-8	1
185.61735	4.28682E-8	1
185.724994	4.285969E-8	1
185.833973	4.285891E-8	1
185.942956	4.285227E-8	1
186.051538	4.28584E-8	1
186.159635	4.28497E-8	1
186.267993	4.28417E-8	1
186.377019	4.283964E-8	1
186.485199	4.283448E-8	1
186.594797	4.285189E-8	1
186.703069	4.284589E-8	1
186.811306	4.285556E-8	1
186.918697	4.284138E-8	1
187.026079	4.283816E-8	1
187.13446	4.284731E-8	1
187.241871	4.284634E-8	1
187.350677	4.283842E-8	1
187.458095	4.284177E-8	1
187.566365	4.284815E-8	1
187.673581	4.284364E-8	1
187.780634	4.284222E-8	1
187.890966	4.28399E-8	1
187.998851	4.283416E-8	1
188.107668	4.283648E-8	1
188.215267	4.283661E-8	1
188.32265	4.284022E-8	1
188.430549	4.28368E-8	1
188.53892	4.283693E-8	1
188.646954	4.28379E-8	1
188.75635	4.282913E-8	1
188.864616	4.283532E-8	1
188.972417	4.283487E-8	1
189.081268	4.283513E-8	1
189.188746	4.283294E-8	1
189.298132	4.282984E-8	1
189.407249	4.283042E-8	1
189.515753	4.284583E-8	1
189.623766	4.283706E-8	1
189.733016	4.284106E-8	1
189.841317	4.2833E-8	1
189.948314	4.282958E-8	1
190.057857	4.282352E-8	1
190.165523	4.283074E-8	1
190.273354	4.28319E-8	1
190.382042	4.282694E-8	1
190.491046	4.282849E-8	1
190.599128	4.283171E-8	1
190.706838	4.281946E-8	1
190.813902	4.282991E-8	1
190.920932	4.282997E-8	1
191.029416	4.283074E-8	1
191.1382	4.28252E-8	1
191.247164	4.283165E-8	1
191.357861	4.281179E-8	1
191.465347	4.281946E-8	1
191.574729	4.282907E-8	1
191.68271	4.283519E-8	1
191.791872	4.282829E-8	1
191.899712	4.282475E-8	1
192.009716	4.283042E-8	1
192.119266	4.281759E-8	1
192.22804	4.281933E-8	1
192.337498	4.28319E-8	1
192.445596	4.282391E-8	1
192.553106	4.282269E-8	1
192.661164	4.282095E-8	1
192.770528	4.281933E-8	1
192.879717	4.281663E-8	1
192.988329	4.282185E-8	1
193.097613	4.28154E-8	1
193.206507	4.280902E-8	1
193.315764	4.281682E-8	1
193.42281	4.28145E-8	1
193.53073	4.281476E-8	1
193.639193	4.281566E-8	1
193.747318	4.281573E-8	1
193.856366	4.280986E-8	1
193.963853	4.281869E-8	1
194.074504	4.280438E-8	1
194.183456	4.280161E-8	1
194.291509	4.281476E-8	1
194.399732	4.278872E-8	1
194.509016	4.279349E-8	1
194.618015	4.279142E-8	1
194.727242	4.279407E-8	1
194.835778	4.278717E-8	1
194.944545	4.278659E-8	1
195.052726	4.278292E-8	1
195.160861	4.278246E-8	1
195.269059	4.277943E-8	1
195.378335	4.27862E-8	1
195.486874	4.278027E-8	1
195.595466	4.277479E-8	1
195.703149	4.278794E-8	1
195.811113	4.278047E-8	1
195.918938	4.278292E-8	1
196.027038	4.277802E-8	1
196.133965	4.27746E-8	1
196.242466	4.278253E-8	1
196.350021	4.277827E-8	1
196.456882	4.277396E-8	1
196.568284	4.277956E-8	1
196.674421	4.277234E-8	1
196.781913	4.275919E-8	1
196.889753	4.276854E-8	1
196.997081	4.27677E-8	1
197.104817	4.276106E-8	1
197.21253	4.2761E-8	1
197.320243	4.27572E-8	1
197.427958	4.275977E-8	1
197.537024	4.275481E-8	1
197.64359	4.275655E-8	1
197.753081	4.275861E-8	1
197.862154	4.27561E-8	1
197.969762	4.275997E-8	1
198.077894	4.275797E-8	1
198.186348	4.275842E-8	1
198.293166	4.275913E-8	1
198.403358	4.275539E-8	1
198.510599	4.274811E-8	1
198.61849	4.274276E-8	1
198.724834	4.274933E-8	1
198.834346	4.274946E-8	1
198.942842	4.27552E-8	1
199.049797	4.274405E-8	1
199.158448	4.275842E-8	1
199.266231	4.274875E-8	1
199.375271	4.27416E-8	1
199.483651	4.275062E-8	1
199.590941	4.27394E-8	1
199.698842	4.274952E-8	1
199.806109	4.273579E-8	1
199.914718	4.274289E-8	1
200.023013	4.274695E-8	1
200.129784	4.274469E-8	1
200.238103	4.274069E-8	1
200.347167	4.274901E-8	1
200.455061	4.275172E-8	1
200.564026	4.274785E-8	1
200.674783	4.273341E-8	1
200.783031	4.274811E-8	1
200.890834	4.27365E-8	1
201.000105	4.27503E-8	1
201.109194	4.274256E-8	1
201.217842	4.274243E-8	1
201.324726	4.273902E-8	1
201.433691	4.273863E-8	1
201.541214	4.273238E-8	1
201.6491	4.274675E-8	1
201.756169	4.273599E-8	1
201.865159	4.273302E-8	1
201.973497	4.273148E-8	1
202.081388	4.273747E-8	1
202.18951	4.273689E-8	1
202.298175	4.272767E-8	1
202.409824	4.272767E-8	1
202.516471	4.272451E-8	1
202.625175	4.27318E-8	1
202.735057	4.273515E-8	1
202.844134	4.272735E-8	1
202.951539	4.273257E-8	1
203.060865	4.272503E-8	1
203.169958	4.272458E-8	1
203.279253	4.272264E-8	1
203.387367	4.271871E-8	1
203.495287	4.272709E-8	1
203.602176	4.272284E-8	1
203.710829	4.272239E-8	1
203.819733	4.272806E-8	1
203.92709	4.271923E-8	1
204.037045	4.271678E-8	1
204.145514	4.271652E-8	1
204.252633	4.272065E-8	1
204.360189	4.272161E-8	1
204.468459	4.271723E-8	1
204.57528	4.272013E-8	1
204.683897	4.271916E-8	1
204.791584	4.270711E-8	1
204.900582	4.271833E-8	1
205.008631	4.27104E-8	1
205.117284	4.271156E-8	1
205.22561	4.270956E-8	1
205.334736	4.270692E-8	1
205.445702	4.271188E-8	1
205.55437	4.271091E-8	1
205.661743	4.271729E-8	1
205.76983	4.270505E-8	1
205.87883	4.270917E-8	1
205.98697	4.270543E-8	1
206.096748	4.270949E-8	1
206.207066	4.272065E-8	1
206.315611	4.27046E-8	1
206.423649	4.271175E-8	1
206.530844	4.27075E-8	1
206.63886	4.270531E-8	1
206.746284	4.270769E-8	1
206.854513	4.27044E-8	1
206.9635	4.270692E-8	1
207.070802	4.270788E-8	1
207.180845	4.271697E-8	1
207.288779	4.271936E-8	1
207.39608	4.270962E-8	1
207.505079	4.271491E-8	1
207.613625	4.27122E-8	1
207.72124	4.270717E-8	1
207.829691	4.270376E-8	1
207.939872	4.270775E-8	1
208.047211	4.270866E-8	1
208.155717	4.269525E-8	1
208.264886	4.271259E-8	1
208.371832	4.270298E-8	1
208.479178	4.271001E-8	1
208.586891	4.270659E-8	1
208.693906	4.270221E-8	1
208.802471	4.270608E-8	1
208.911659	4.269751E-8	1
209.019586	4.269983E-8	1
209.127721	4.271156E-8	1
209.236153	4.269261E-8	1
209.344758	4.269892E-8	1
209.452538	4.268867E-8	1
209.559864	4.268332E-8	1
209.668643	4.268977E-8	1
209.776488	4.270015E-8	1
209.885372	4.269886E-8	1
209.993484	4.269551E-8	1
210.101818	4.268822E-8	1
210.209304	4.269402E-8	1
210.318636	4.270421E-8	1
210.427016	4.268951E-8	1
210.538312	4.269228E-8	1
210.647609	4.269654E-8	1
210.755616	4.268945E-8	1
210.863433	4.268758E-8	1
210.970794	4.269435E-8	1
211.07898	4.269209E-8	1
211.186722	4.269048E-8	1
211.294695	4.268577E-8	1
211.402269	4.269177E-8	1
211.513323	4.268655E-8	1
211.620592	4.269744E-8	1
211.728497	4.2689E-8	1
211.835778	4.269802E-8	1
211.943885	4.267701E-8	1
212.052277	4.268145E-8	1
212.160699	4.267249E-8	1
212.2699	4.266566E-8	1
212.377815	4.266889E-8	1
212.486614	4.267249E-8	1
212.59535	4.267146E-8	1
212.70366	4.266921E-8	1
212.812291	4.267211E-8	1
212.921284	4.267121E-8	1
213.028825	4.266656E-8	1
213.136691	4.265735E-8	1
213.244786	4.265851E-8	1
213.354599	4.265458E-8	1
213.462263	4.265329E-8	1
213.57172	4.265941E-8	1
213.680905	4.265451E-8	1
213.789338	4.265425E-8	1
213.897191	4.26489E-8	1
214.005305	4.264948E-8	1
214.112958	4.264974E-8	1
214.219905	4.264929E-8	1
214.327906	4.264929E-8	1
214.434747	4.264974E-8	1
214.541668	4.264175E-8	1
214.649846	4.264968E-8	1
214.756917	4.264117E-8	1
214.866041	4.265341E-8	1
214.974944	4.265316E-8	1
215.082273	4.265013E-8	1
215.191305	4.264065E-8	1
215.29879	4.2646E-8	1
215.408062	4.264929E-8	1
215.51554	4.264149E-8	1
215.622264	4.263865E-8	1
215.731451	4.263446E-8	1
215.839921	4.264864E-8	1
215.949922	4.263569E-8	1
216.060137	4.263543E-8	1
216.168488	4.264832E-8	1
216.27681	4.263685E-8	1
216.384542	4.263408E-8	1
216.493464	4.263337E-8	1
216.601913	4.264497E-8	1
216.709013	4.26295E-8	1
216.816983	4.264845E-8	1
216.924903	4.263259E-8	1
217.033304	4.263975E-8	1
217.142334	4.262873E-8	1
217.249934	4.26304E-8	1
217.358354	4.263685E-8	1
217.466263	4.263034E-8	1
217.575472	4.263324E-8	1
217.682362	4.263111E-8	1
217.789936	4.26402E-8	1
217.899224	4.263633E-8	1
218.008186	4.263601E-8	1
218.117821	4.263234E-8	1
218.225233	4.264097E-8	1
218.333353	4.263491E-8	1
218.441474	4.263311E-8	1
218.550845	4.263736E-8	1
218.659233	4.262956E-8	1
218.768288	4.264059E-8	1
218.87815	4.263105E-8	1
218.987304	4.263491E-8	1
219.095026	4.264155E-8	1
219.20377	4.261854E-8	1
219.312073	4.262982E-8	1
219.41995	4.213773E-8	1
219.528386	4.268977E-8	1
219.63871	4.272509E-8	1
219.745869	4.272148E-8	1
219.853544	4.272542E-8	1
219.963241	4.270827E-8	1
220.070749	4.27131E-8	1
220.179153	4.271452E-8	1
220.285709	4.272084E-8	1
220.395505	4.272187E-8	1
220.504076	4.270524E-8	1
220.612711	4.27231E-8	1
220.720968	4.272632E-8	1
220.828463	4.271278E-8	1
220.936476	4.271252E-8	1
221.044166	4.272013E-8	1
221.152696	4.27191E-8	1
221.261361	4.271891E-8	1
221.369973	4.271394E-8	1
221.478871	4.27093E-8	1
221.587441	4.270904E-8	1
221.695406	4.270956E-8	1
221.803772	4.270846E-8	1
221.912391	4.27073E-8	1
222.021523	4.27084E-8	1
222.128935	4.271368E-8	1
222.237311	4.27035E-8	1
222.345866	4.270614E-8	1
222.453048	4.270453E-8	1
222.560715	4.269635E-8	1
222.670979	4.270118E-8	1
222.779466	4.269512E-8	1
222.888365	4.270292E-8	1
222.995673	4.270189E-8	1
223.104371	4.270414E-8	1
223.213511	4.269641E-8	1
223.321136	4.267707E-8	1
223.429234	4.268668E-8	1
223.538218	4.269074E-8	1
223.645743	4.269454E-8	1
223.75405	4.270221E-8	1
223.863008	4.270163E-8	1
223.970788	4.269061E-8	1
224.081106	4.269647E-8	1
224.189326	4.268152E-8	1
224.296927	4.269499E-8	1
224.406018	4.268339E-8	1
224.514063	4.270331E-8	1
224.620959	4.268197E-8	1
224.729695	4.269583E-8	1
224.837411	4.268674E-8	1
224.946712	4.268087E-8	1
225.054132	4.269396E-8	1
225.163106	4.268668E-8	1
225.27264	4.270292E-8	1
225.381035	4.2685E-8	1
225.490002	4.269319E-8	1
225.597863	4.268803E-8	1
225.707089	4.268087E-8	1
225.815629	4.268706E-8	1
225.924183	4.268758E-8	1
226.030956	4.268184E-8	1
226.140008	4.267978E-8	1
226.246541	4.268262E-8	1
226.3538	4.26743E-8	1
226.460928	4.267926E-8	1
226.570012	4.268139E-8	1
226.677974	4.269512E-8	1
226.786257	4.266689E-8	1
226.894425	4.268616E-8	1
227.001496	4.266798E-8	1
227.109559	4.267623E-8	1
227.216821	4.268384E-8	1
227.326397	4.266882E-8	1
227.43418	4.267739E-8	1
227.542126	4.267101E-8	1
227.649064	4.26636E-8	1
227.757078	4.267623E-8	1
227.863621	4.267868E-8	1
227.972406	4.267565E-8	1
228.081186	4.267778E-8	1
228.190318	4.266476E-8	1
228.298605	4.268287E-8	1
228.406448	4.26734E-8	1
228.513846	4.266908E-8	1
228.619715	4.268455E-8	1
228.728766	4.267617E-8	1
228.837311	4.267971E-8	1
228.945387	4.267746E-8	1
229.053545	4.266966E-8	1
229.161661	4.267191E-8	1
229.269616	4.267585E-8	1
229.380034	4.268042E-8	1
229.488008	4.267269E-8	1
229.596832	4.266695E-8	1
229.704957	4.266979E-8	1
229.81496	4.266901E-8	1
229.922777	4.265889E-8	1
230.030044	4.267011E-8	1
230.139098	4.26665E-8	1
230.246509	4.26547E-8	1
230.354464	4.26636E-8	1
230.461934	4.265329E-8	1
230.570048	4.265406E-8	1
230.67804	4.265767E-8	1
230.786478	4.265032E-8	1
230.893281	4.2648E-8	1
231.000911	4.264323E-8	1
231.109041	4.263827E-8	1
231.217643	4.263562E-8	1
231.325429	4.263962E-8	1
231.43366	4.263582E-8	1
231.541752	4.263582E-8	1
231.650517	4.2646E-8	1
231.758523	4.263176E-8	1
231.867526	4.263408E-8	1
231.977323	4.263917E-8	1
232.084342	4.263537E-8	1
232.192984	4.26353E-8	1
232.30181	4.26306E-8	1
232.410062	4.26313E-8	1
232.520066	4.263814E-8	1
232.62868	4.263369E-8	1
232.736648	4.262963E-8	1
232.843458	4.263208E-8	1
232.953035	4.264026E-8	1
233.060734	4.263543E-8	1
233.169448	4.26333E-8	1
233.276392	4.263369E-8	1
233.384468	4.263491E-8	1
233.493166	4.263214E-8	1
233.600074	4.263807E-8	1
233.709123	4.263852E-8	1
233.818458	4.26333E-8	1
233.926859	4.263176E-8	1
234.034571	4.262989E-8	1
234.142095	4.26413E-8	1
234.251307	4.263337E-8	1
234.359124	4.262911E-8	1
234.469071	4.262847E-8	1
234.577426	4.262782E-8	1
234.685521	4.263214E-8	1
234.794032	4.263446E-8	1
234.902629	4.263517E-8	1
235.010327	4.263421E-8	1
235.119372	4.262267E-8	1
235.227922	4.262518E-8	1
235.33663	4.262144E-8	1
235.444411	4.262853E-8	1
235.553512	4.263118E-8	1
235.661097	4.262441E-8	1
235.768173	4.26295E-8	1
235.876153	4.26199E-8	1
235.984057	4.261661E-8	1
236.093567	4.262905E-8	1
236.201085	4.262512E-8	1
236.309426	4.261603E-8	1
236.417082	4.262138E-8	1
236.525627	4.262215E-8	1
236.634449	4.26226E-8	1
236.743814	4.261442E-8	1
236.851058	4.26206E-8	1
236.959547	4.262563E-8	1
237.067578	4.262222E-8	1
237.176257	4.26177E-8	1
237.283969	4.262325E-8	1
237.391684	4.261738E-8	1
237.499505	4.26188E-8	1
237.607384	4.261951E-8	1
237.716786	4.261848E-8	1
237.823942	4.261197E-8	1
237.931471	4.261487E-8	1
238.040915	4.260945E-8	1
238.150353	4.261641E-8	1
238.258681	4.261081E-8	1
238.367346	4.261809E-8	1
238.475895	4.260423E-8	1
238.584681	4.260288E-8	1
238.693626	4.260997E-8	1
238.801154	4.261268E-8	1
238.910118	4.261306E-8	1
239.020919	4.261455E-8	1
239.127855	4.261384E-8	1
239.235463	4.260571E-8	1
239.343932	4.260191E-8	1
239.451137	4.261248E-8	1
239.55951	4.26021E-8	1
239.66781	4.261841E-8	1
239.776059	4.2611E-8	1
239.884758	4.260668E-8	1
239.993332	4.260887E-8	1
240.101171	4.26148E-8	1
240.208726	4.260836E-8	1
240.31713	4.260649E-8	1
240.423934	4.26061E-8	1
240.531091	4.260056E-8	1
240.640073	4.259637E-8	1
240.748601	4.260004E-8	1
240.857991	4.260339E-8	1
240.966681	4.259972E-8	1
241.074696	4.26012E-8	1
241.183284	4.259521E-8	1
241.292518	4.259379E-8	1
241.401289	4.259398E-8	1
241.511145	4.260223E-8	1
241.620826	4.259978E-8	1
241.729669	4.26014E-8	1
241.837328	4.259005E-8	1
241.944228	4.25925E-8	1
242.053408	4.259011E-8	1
242.161059	4.260069E-8	1
242.268772	4.258805E-8	1
242.377234	4.25965E-8	1
242.48546	4.258728E-8	1
242.594413	4.259179E-8	1
242.703306	4.259082E-8	1
242.812027	4.258573E-8	1
242.920157	4.259489E-8	1
243.027729	4.259656E-8	1
243.137533	4.258934E-8	1
243.24518	4.258915E-8	1
243.353261	4.258483E-8	1
243.461584	4.259134E-8	1
243.57072	4.258941E-8	1
243.679069	4.258315E-8	1
243.786684	4.259024E-8	1
243.894726	4.25847E-8	1
244.003981	4.258612E-8	1
244.112132	4.258754E-8	1
244.222432	4.258232E-8	1
244.3285	4.259456E-8	1
244.435862	4.259063E-8	1
244.543941	4.25838E-8	1
244.651147	4.258412E-8	1
244.760171	4.258302E-8	1
244.868552	4.257987E-8	1
244.978415	4.258734E-8	1
245.085145	4.257832E-8	1
245.193151	4.25847E-8	1
245.300178	4.258064E-8	1
245.409821	4.25905E-8	1
245.517943	4.258657E-8	1
245.626301	4.258625E-8	1
245.733943	4.259327E-8	1
245.841849	4.259108E-8	1
245.949669	4.258025E-8	1
246.058223	4.25876E-8	1
246.166446	4.258502E-8	1
246.276031	4.258116E-8	1
246.385102	4.258412E-8	1
246.493225	4.258199E-8	1
246.60249	4.25758E-8	1
246.710965	4.258219E-8	1
246.818253	4.258451E-8	1
246.926965	4.258883E-8	1
247.033602	4.258779E-8	1
247.14352	4.258683E-8	1
247.25071	4.258773E-8	1
247.358683	4.258367E-8	1
247.465985	4.257819E-8	1
247.575081	4.258232E-8	1
247.681904	4.257954E-8	1
247.790607	4.258773E-8	1
247.898007	4.257806E-8	1
248.007167	4.257522E-8	1
248.114626	4.257071E-8	1
248.222355	4.256607E-8	1
248.331204	4.257181E-8	1
248.438107	4.256794E-8	1
248.545739	4.257252E-8	1
248.653248	4.256478E-8	1
248.761192	4.256781E-8	1
248.868905	4.255795E-8	1
248.976439	4.255885E-8	1
249.085123	4.256253E-8	1
249.192601	4.255582E-8	1
249.301469	4.255698E-8	1
249.411829	4.255447E-8	1
249.519392	4.25573E-8	1
249.628024	4.255627E-8	1
249.736945	4.256317E-8	1
249.845832	4.256156E-8	1
249.953594	4.256362E-8	1
250.060833	4.255595E-8	1
250.168983	4.254757E-8	1
250.275789	4.255337E-8	1
250.384734	4.254648E-8	1
250.493489	4.255743E-8	1
250.602333	4.255163E-8	1
250.710739	4.25604E-8	1
250.81882	4.256014E-8	1
250.926712	4.254886E-8	1
251.034858	4.255859E-8	1
251.143239	4.255911E-8	1
251.251556	4.255112E-8	1
251.358937	4.255679E-8	1
251.466061	4.254905E-8	1
251.573539	4.254544E-8	1
251.682142	4.254686E-8	1
251.791242	4.255337E-8	1
251.899227	4.254525E-8	1
252.008704	4.254686E-8	1
252.117623	4.254299E-8	1
252.225605	4.254474E-8	1
252.334971	4.25439E-8	1
252.442597	4.254299E-8	1
252.550918	4.255073E-8	1
252.659122	4.254319E-8	1
252.768031	4.254925E-8	1
252.875937	4.254183E-8	1
252.986364	4.253345E-8	1
253.092082	4.254138E-8	1
253.198798	4.254544E-8	1
253.308687	4.253378E-8	1
253.415736	4.252907E-8	1
253.524286	4.253971E-8	1
253.631201	4.253191E-8	1
253.740729	4.253597E-8	1
253.849034	4.254067E-8	1
253.957524	4.253416E-8	1
254.066584	4.253945E-8	1
254.174641	4.253745E-8	1
254.283635	4.2541E-8	1
254.39264	4.253777E-8	1
254.501985	4.253848E-8	1
254.60937	4.253616E-8	1
254.718894	4.252843E-8	1
254.826749	4.254035E-8	1
254.935812	4.253913E-8	1
255.043975	4.252894E-8	1
255.151845	4.253636E-8	1
255.259665	4.254267E-8	1
255.368819	4.254486E-8	1
255.476638	4.253378E-8	1
255.585406	4.253919E-8	1
255.694487	4.252856E-8	1
255.802193	4.251154E-8	1
255.910266	4.253068E-8	1
256.020812	4.252269E-8	1
256.127099	4.251734E-8	1
256.23415	4.252449E-8	1
256.340272	4.252772E-8	1
256.448858	4.252198E-8	1
256.557777	4.253023E-8	1
256.667099	4.253352E-8	1
256.77571	4.252256E-8	1
256.883981	4.252662E-8	1
256.99119	4.253229E-8	1
257.099297	4.252643E-8	1
257.207845	4.25292E-8	1
257.317086	4.25274E-8	1
257.425044	4.252398E-8	1
257.532287	4.252127E-8	1
257.642565	4.25194E-8	1
257.750253	4.251876E-8	1
257.857193	4.251844E-8	1
257.965579	4.252024E-8	1
258.074307	4.251779E-8	1
258.182522	4.251199E-8	1
258.291211	4.252166E-8	1
258.399773	4.252823E-8	1
258.50912	4.252656E-8	1
258.616106	4.252791E-8	1
258.72568	4.252327E-8	1
258.834829	4.252314E-8	1
258.943535	4.251972E-8	1
259.052687	4.252662E-8	1
259.161117	4.252198E-8	1
259.269702	4.252205E-8	1
259.378179	4.252211E-8	1
259.486412	4.252134E-8	1
259.594416	4.252076E-8	1
259.701251	4.251831E-8	1
259.809309	4.251611E-8	1
259.919909	4.251947E-8	1
260.027912	4.251489E-8	1
260.13587	4.251676E-8	1
260.244961	4.251302E-8	1
260.352911	4.251367E-8	1
260.461308	4.251695E-8	1
260.568486	4.251592E-8	1
260.676523	4.251798E-8	1
260.783725	4.250761E-8	1
260.891354	4.250251E-8	1
260.999391	4.250844E-8	1
261.107745	4.249858E-8	1
261.216757	4.250741E-8	1
261.326085	4.250993E-8	1
261.43564	4.251747E-8	1
261.543665	4.250883E-8	1
261.651322	4.250696E-8	1
261.759623	4.250509E-8	1
261.867766	4.250902E-8	1
261.976751	4.250819E-8	1
262.085682	4.250915E-8	1
262.19472	4.250355E-8	1
262.302783	4.250451E-8	1
262.41136	4.250503E-8	1
262.520159	4.250232E-8	1
262.628068	4.25058E-8	1
262.735779	4.250193E-8	1
262.846253	4.250574E-8	1
262.95557	4.250548E-8	1
263.062423	4.250026E-8	1
263.171444	4.250696E-8	1
263.280981	4.250477E-8	1
263.390331	4.249781E-8	1
263.498038	4.250277E-8	1
263.606604	4.251076E-8	1
263.715537	4.249878E-8	1
263.825407	4.249452E-8	1
263.933792	4.250509E-8	1
264.042297	4.248704E-8	1
264.151731	4.25116E-8	1
264.26167	4.250367E-8	1
264.370551	4.24971E-8	1
264.478364	4.204672E-8	1
264.588193	4.247112E-8	1
264.696221	4.254551E-8	1
264.80417	4.256762E-8	1
264.912726	4.254989E-8	1
265.020109	4.254912E-8	1
265.128011	4.25459E-8	1
265.236438	4.254983E-8	1
265.34436	4.255582E-8	1
265.453292	4.255202E-8	1
265.562654	4.255602E-8	1
265.669194	4.254628E-8	1
265.77763	4.254686E-8	1
265.885645	4.254654E-8	1
265.995781	4.254396E-8	1
266.104653	4.254009E-8	1
266.212067	4.25506E-8	1
266.321772	4.254158E-8	1
266.430358	4.254177E-8	1
266.537981	4.2537E-8	1
266.646424	4.25419E-8	1
266.755428	4.252553E-8	1
266.864529	4.253713E-8	1
266.972769	4.253107E-8	1
267.082204	4.253745E-8	1
267.191051	4.252333E-8	1
267.299455	4.252965E-8	1
267.408835	4.253539E-8	1
267.517853	4.252514E-8	1
267.626765	4.254145E-8	1
267.7357	4.252772E-8	1
267.843808	4.25303E-8	1
267.952764	4.252881E-8	1
268.059787	4.252437E-8	1
268.168703	4.25225E-8	1
268.278086	4.251753E-8	1
268.386471	4.252843E-8	1
268.494308	4.252005E-8	1
268.602817	4.251354E-8	1
268.709991	4.251715E-8	1
268.819355	4.252159E-8	1
268.92712	4.251695E-8	1
269.033511	4.252533E-8	1
269.141992	4.252256E-8	1
269.251029	4.251831E-8	1
269.359591	4.252675E-8	1
269.468449	4.251212E-8	1
269.577383	4.251109E-8	1
269.685408	4.253036E-8	1
269.794261	4.251405E-8	1
269.902783	4.250174E-8	1
270.01039	4.251934E-8	1
270.118227	4.251876E-8	1
270.226367	4.251064E-8	1
270.334704	4.252836E-8	1
270.442113	4.25254E-8	1
270.551127	4.250954E-8	1
270.660394	4.252514E-8	1
270.768946	4.251695E-8	1
270.876507	4.25107E-8	1
270.985538	4.252611E-8	1
271.093477	4.252224E-8	1
271.201908	4.251805E-8	1
271.310588	4.251373E-8	1
271.419958	4.252166E-8	1
271.528997	4.251682E-8	1
271.63739	4.251147E-8	1
271.745103	4.252011E-8	1
271.852804	4.251766E-8	1
271.961138	4.250844E-8	1
272.069435	4.250941E-8	1
272.178166	4.25145E-8	1
272.287304	4.251437E-8	1
272.395857	4.25118E-8	1
272.503905	4.250587E-8	1
272.611102	4.250503E-8	1
272.719421	4.251972E-8	1
272.82778	4.25096E-8	1
272.935181	4.250122E-8	1
273.042598	4.251837E-8	1
273.150854	4.251889E-8	1
273.260249	4.250832E-8	1
273.368444	4.250483E-8	1
273.477903	4.25174E-8	1
273.587018	4.252095E-8	1
273.695381	4.251302E-8	1
273.803104	4.250754E-8	1
273.910431	4.251676E-8	1
274.019672	4.250793E-8	1
274.128287	4.250045E-8	1
274.235694	4.250844E-8	1
274.343832	4.251167E-8	1
274.451648	4.250896E-8	1
274.559972	4.251863E-8	1
274.669139	4.251463E-8	1
274.778302	4.249452E-8	1
274.886087	4.251167E-8	1
274.993159	4.251012E-8	1
275.101825	4.249923E-8	1
275.209789	4.250238E-8	1
275.317763	4.249645E-8	1
275.426396	4.249761E-8	1
275.535265	4.25067E-8	1
275.643167	4.249639E-8	1
275.751468	4.249188E-8	1
275.859526	4.250187E-8	1
275.968925	4.248988E-8	1
276.076791	4.24971E-8	1
276.185497	4.249903E-8	1
276.29441	4.249665E-8	1
276.401835	4.249239E-8	1
276.510598	4.249671E-8	1
276.619893	4.249149E-8	1
276.727394	4.249355E-8	1
276.834934	4.2504E-8	1
276.942439	4.249587E-8	1
277.05045	4.250193E-8	1
277.158983	4.250052E-8	1
277.267271	4.249194E-8	1
277.375227	4.249136E-8	1
277.483738	4.249478E-8	1
277.591169	4.248827E-8	1
277.699458	4.248936E-8	1
277.807337	4.249439E-8	1
277.915655	4.249446E-8	1
278.02397	4.249123E-8	1
278.131854	4.249878E-8	1
278.239799	4.248021E-8	1
278.348899	4.24942E-8	1
278.457886	4.249297E-8	1
278.566715	4.248788E-8	1
278.673432	4.24989E-8	1
278.781144	4.249304E-8	1
278.888856	4.248324E-8	1
278.996481	4.24933E-8	1
279.103198	4.248904E-8	1
279.210789	4.249027E-8	1
279.319208	4.248853E-8	1
279.427609	4.248807E-8	1
279.536704	4.248247E-8	1
279.645311	4.248511E-8	1
279.754143	4.248621E-8	1
279.863984	4.248137E-8	1
279.970704	4.248717E-8	1
280.078977	4.248556E-8	1
280.187328	4.248021E-8	1
280.296142	4.248163E-8	1
280.403607	4.249027E-8	1
280.511874	4.248717E-8	1
280.620415	4.248479E-8	1
280.727479	4.248144E-8	1
280.836507	4.248704E-8	1
280.944907	4.24757E-8	1
281.052876	4.249323E-8	1
281.161658	4.248401E-8	1
281.268972	4.248511E-8	1
281.377873	4.248769E-8	1
281.486304	4.248279E-8	1
281.595024	4.248131E-8	1
281.704839	4.247828E-8	1
281.81286	4.24864E-8	1
281.920497	4.248098E-8	1
282.029104	4.248427E-8	1
282.137226	4.248975E-8	1
282.245483	4.248698E-8	1
282.35364	4.248904E-8	1
282.46114	4.248588E-8	1
282.57079	4.248982E-8	1
282.678893	4.248453E-8	1
282.787435	4.248363E-8	1
282.895367	4.248253E-8	1
283.002357	4.248846E-8	1
283.11019	4.249555E-8	1
283.219104	4.248949E-8	1
283.325795	4.248292E-8	1
283.433849	4.248247E-8	1
283.541232	4.248073E-8	1
283.650121	4.247621E-8	1
283.757845	4.247808E-8	1
283.865759	4.248176E-8	1
283.97409	4.247492E-8	1
284.082742	4.248131E-8	1
284.191387	4.247692E-8	1
284.298775	4.247338E-8	1
284.406527	4.247196E-8	1
284.515132	4.247583E-8	1
284.623619	4.247402E-8	1
284.732207	4.247306E-8	1
284.840519	4.24697E-8	1
284.949199	4.245997E-8	1
285.056165	4.246126E-8	1
285.164245	4.245997E-8	1
285.271397	4.245468E-8	1
285.380548	4.24601E-8	1
285.487493	4.245642E-8	1
285.594423	4.245011E-8	1
285.704271	4.24552E-8	1
285.81292	4.244611E-8	1
285.92053	4.245307E-8	1
286.029851	4.245191E-8	1
286.138527	4.244366E-8	1
286.246844	4.245011E-8	1
286.356634	4.245153E-8	1
286.463586	4.244386E-8	1
286.573438	4.245017E-8	1
286.681149	4.245133E-8	1
286.79002	4.245301E-8	1
286.898018	4.245733E-8	1
287.006778	4.244153E-8	1
287.115761	4.245436E-8	1
287.225478	4.243883E-8	1
287.334498	4.245075E-8	1
287.441694	4.245552E-8	1
287.550018	4.244102E-8	1
287.657531	4.244901E-8	1
287.766292	4.245494E-8	1
287.873731	4.244785E-8	1
287.982894	4.244237E-8	1
288.090546	4.245771E-8	1
288.198658	4.245049E-8	1
288.305934	4.244695E-8	1
288.413875	4.243999E-8	1
288.523765	4.244605E-8	1
288.63158	4.244147E-8	1
288.739675	4.244244E-8	1
288.84832	4.244192E-8	1
288.957257	4.243909E-8	1
289.066147	4.243954E-8	1
289.17385	4.24378E-8	1
289.28199	4.244321E-8	1
289.389746	4.244476E-8	1
289.496899	4.24474E-8	1
289.606422	4.245127E-8	1
289.714859	4.243386E-8	1
289.822173	4.244398E-8	1
289.930588	4.244141E-8	1
290.038582	4.244746E-8	1
290.146968	4.244585E-8	1
290.25557	4.243838E-8	1
290.364181	4.244502E-8	1
290.47292	4.24367E-8	1
290.580572	4.244321E-8	1
290.688548	4.244192E-8	1
290.798622	4.245198E-8	1
290.907083	4.24463E-8	1
291.015697	4.244817E-8	1
291.123217	4.244482E-8	1
291.232185	4.244031E-8	1
291.341341	4.244669E-8	1
291.449762	4.244476E-8	1
291.558848	4.243502E-8	1
291.665792	4.245398E-8	1
291.773903	4.244959E-8	1
291.882987	4.193952E-8	1
291.992114	4.25214E-8	1
292.099577	4.254506E-8	1
292.206047	4.253687E-8	1
292.315118	4.254325E-8	1
292.422948	4.2533E-8	1
292.53047	4.254557E-8	1
292.638313	4.253848E-8	1
292.747586	4.25439E-8	1
292.855315	4.254048E-8	1
292.962983	4.254229E-8	1
293.072016	4.253958E-8	1
293.179505	4.252804E-8	1
293.287475	4.253951E-8	1
293.395803	4.25381E-8	1
293.50496	4.253803E-8	1
293.612988	4.253945E-8	1
293.721937	4.253552E-8	1
293.831692	4.252682E-8	1
293.939292	4.252997E-8	1
294.04905	4.253287E-8	1
294.156029	4.253687E-8	1
294.26301	4.253378E-8	1
294.371749	4.253262E-8	1
294.479827	4.253126E-8	1
294.588053	4.252662E-8	1
294.69578	4.252546E-8	1
294.802552	4.253204E-8	1
294.910635	4.25292E-8	1
295.019548	4.252817E-8	1
295.127836	4.25303E-8	1
295.237025	4.252514E-8	1
295.344728	4.252611E-8	1
295.454534	4.252398E-8	1
295.563781	4.25283E-8	1
295.671465	4.252669E-8	1
295.778791	4.251985E-8	1
295.887699	4.252495E-8	1
295.995563	4.252224E-8	1
296.104925	4.253249E-8	1
296.211958	4.253055E-8	1
296.320622	4.253017E-8	1
296.428466	4.252256E-8	1
296.53611	4.252192E-8	1
296.644908	4.251902E-8	1
296.75137	4.252037E-8	1
296.858778	4.252533E-8	1
296.96595	4.252172E-8	1
297.072986	4.252237E-8	1
297.181723	4.252095E-8	1
297.290036	4.252088E-8	1
297.397962	4.251792E-8	1
297.506674	4.251947E-8	1
297.614873	4.252785E-8	1
297.72389	4.252959E-8	1
297.831568	4.252372E-8	1
297.93913	4.252069E-8	1
298.049538	4.252082E-8	1
298.159145	4.251985E-8	1
298.267021	4.252159E-8	1
298.374666	4.252333E-8	1
298.481782	4.252527E-8	1
298.590665	4.251502E-8	1
298.697715	4.25254E-8	1
298.805867	4.251553E-8	1
298.913663	4.252166E-8	1
299.022875	4.251908E-8	1
299.130644	4.25205E-8	1
299.240337	4.252507E-8	1
299.348944	4.252011E-8	1
299.45751	4.251412E-8	1
299.56741	4.251302E-8	1
299.675936	4.25194E-8	1
299.782975	4.251334E-8	1
299.890653	4.251657E-8	1
299.997927	4.251444E-8	1
300.105855	1.550787E-8	1
300.212513	1.695296E-10	0
300.321659	1.60763E-10	0
300.429284	1.590226E-10	0
300.537226	1.592804E-10	0
300.645655	1.549616E-10	0
300.753682	1.593449E-10	0
300.862974	1.554773E-10	0
300.970658	1.545748E-10	0
301.078799	1.481933E-10	0
301.186877	1.525766E-10	0
301.295653	1.541881E-10	0
301.404961	1.532856E-10	0
301.513771	1.512229E-10	0
301.622058	1.533501E-10	0
301.730664	1.52641E-10	0
301.838576	1.519964E-10	0
301.946685	1.521898E-10	0
302.055787	1.565086E-10	0
302.163685	1.539947E-10	0
302.271675	1.565086E-10	0
302.379175	1.544459E-10	0
302.48698	1.531567E-10	0
302.594421	1.559285E-10	0
302.702678	1.510295E-10	0
302.810678	1.533501E-10	0
302.919413	1.56702E-10	0
303.027763	1.521898E-10	0
303.135484	1.517386E-10	0
303.243417	1.51932E-10	0
303.353835	1.516097E-10	0
303.460944	1.514807E-10	0
303.569078	1.543814E-10	0
303.678412	1.555417E-10	0
303.785225	1.561863E-10	0
303.894002	1.541881E-10	0
304.002074	1.574111E-10	0
304.10985	1.545748E-10	0
304.217731	1.548971E-10	0
304.326572	1.55864E-10	0
304.436281	1.536724E-10	0
304.54305	1.554128E-10	0
304.651741	1.557996E-10	0
304.759757	1.490957E-10	0
304.867047	1.545104E-10	0
304.974292	1.559285E-10	0
305.08235	1.509006E-10	0
305.191488	1.538013E-10	0
305.298682	1.518675E-10	0
305.406329	1.525766E-10	0
305.513929	1.546393E-10	0
305.622599	1.569598E-10	0
305.730692	1.564442E-10	0
305.839257	1.55864E-10	0
305.948023	1.547037E-10	0
306.056447	1.559285E-10	0
306.164957	1.527055E-10	0
306.2721	1.571532E-10	0
306.37958	1.567665E-10	0
306.487417	1.542525E-10	0
306.594484	1.563152E-10	0
306.702197	1.552839E-10	0
306.811714	1.548327E-10	0
306.919538	1.548971E-10	0
307.028067	1.51803E-10	0
307.136478	1.580557E-10	0
307.244932	1.548971E-10	0
307.352141	1.550905E-10	0
307.459977	1.545748E-10	0
307.567766	1.548327E-10	0
307.676891	1.548327E-10	0
307.78397	1.537368E-10	0
307.893108	1.563152E-10	0
308.001722	1.559285E-10	0
308.110678	1.529633E-10	0
308.217994	1.548327E-10	0
308.327244	1.554773E-10	0
308.434828	1.542525E-10	0
308.543124	1.539302E-10	0
308.650963	1.538658E-10	0
308.759483	1.527055E-10	0
308.869379	1.554128E-10	0
308.978196	1.510295E-10	0
309.087067	1.565086E-10	0
309.194623	1.54317E-10	0
309.301731	1.528344E-10	0
309.409249	1.546393E-10	0
309.51816	1.544459E-10	0
309.625813	1.53479E-10	0
309.733089	1.550905E-10	0
309.842127	1.554773E-10	0
309.949771	1.565731E-10	0
310.057733	1.524476E-10	0
310.165255	1.55155E-10	0
310.273983	1.529633E-10	0
310.382691	1.542525E-10	0
310.491412	1.530278E-10	0
310.599083	1.560574E-10	0
310.708482	1.541881E-10	0
310.814676	1.568309E-10	0
310.923142	1.53479E-10	0
311.030755	1.534145E-10	0
311.140063	1.51094E-10	0
311.248044	1.525766E-10	0
311.355953	1.532212E-10	0
311.464085	1.563152E-10	0
311.572599	1.545104E-10	0
311.680752	1.557996E-10	0
311.790065	1.53479E-10	0
311.899918	1.590226E-10	0
312.00738	1.532856E-10	0
312.116202	1.554773E-10	0
312.225122	1.54317E-10	0
312.334121	1.561863E-10	0
312.442612	1.541236E-10	0
312.549564	1.562508E-10	0
312.657279	1.559285E-10	0
312.765481	1.536079E-10	0
312.873707	1.539947E-10	0
312.98297	1.541236E-10	0
313.091697	1.576045E-10	0
313.198793	1.566375E-10	0
313.308398	1.532212E-10	0
313.4161	1.55026E-10	0
313.524196	1.553483E-10	0
313.632132	1.543814E-10	0
313.740058	1.536079E-10	0
313.84767	1.556062E-10	0
313.955586	1.540591E-10	0
314.06413	1.530278E-10	0
314.173171	1.554773E-10	0
314.280777	1.539947E-10	0
314.388769	1.556062E-10	0
314.498025	1.56702E-10	0
314.60702	1.546393E-10	0
314.716753	1.548327E-10	0
314.824051	1.543814E-10	0
314.930781	1.529633E-10	0
315.039133	1.563152E-10	0
315.148643	1.557351E-10	0
315.257423	1.561219E-10	0
315.366406	1.557996E-10	0
315.474061	1.547037E-10	0
315.581334	1.555417E-10	0
315.689362	1.525766E-10	0
315.79721	1.52641E-10	0
315.906172	1.553483E-10	0
316.014449	1.547037E-10	0
316.12163	1.554128E-10	0
316.230079	1.573466E-10	0
316.338176	1.585069E-10	0
316.447463	1.562508E-10	0
316.555416	1.568309E-10	0
316.662704	1.529633E-10	0
316.771236	1.545748E-10	0
316.878966	1.530922E-10	0
316.987778	1.525121E-10	0
317.0955	1.567665E-10	0
317.202191	1.528344E-10	0
317.31019	1.543814E-10	0
317.419499	1.53479E-10	0
317.527999	1.563797E-10	0
317.636382	1.541881E-10	0
317.745477	1.538658E-10	0
317.85298	1.567665E-10	0
317.960809	1.525766E-10	0
318.069115	1.51932E-10	0
318.178376	1.530278E-10	0
318.286152	1.555417E-10	0
318.395026	1.538013E-10	0
318.502016	1.531567E-10	0
318.611816	1.516097E-10	0
318.720846	1.516741E-10	0
318.826526	1.559929E-10	0
318.934103	1.554128E-10	0
319.042484	1.539947E-10	0
319.151698	1.528989E-10	0
319.260439	1.545104E-10	0
319.368924	1.538658E-10	0
319.476836	1.527055E-10	0
319.585208	1.534145E-10	0
319.694095	1.540591E-10	0
319.802626	1.56702E-10	0
319.911081	1.550905E-10	0
320.020825	1.524476E-10	0
320.130826	1.55026E-10	0
320.238894	1.524476E-10	0
320.347037	1.543814E-10	0
320.455274	1.56702E-10	0
320.564131	1.547037E-10	0
320.675731	1.55026E-10	0
320.782893	1.531567E-10	0
320.890321	1.556062E-10	0
320.999029	1.547682E-10	0
321.106929	1.535435E-10	0
321.213569	1.532856E-10	0
321.321838	1.525766E-10	0
321.42912	1.565086E-10	0
321.538287	1.506428E-10	0
321.645629	1.545104E-10	0
321.752508	1.542525E-10	0
321.861764	1.541236E-10	0
321.969191	1.538013E-10	0
322.076513	1.534145E-10	0
322.185789	1.548327E-10	0
322.29412	1.530922E-10	0
322.401358	1.562508E-10	0
322.510848	1.541236E-10	0
322.619763	1.554773E-10	0
322.727396	1.559929E-10	0
322.834933	1.546393E-10	0
322.942482	1.560574E-10	0
323.051854	1.563152E-10	0
323.159196	1.563797E-10	0
323.268055	1.545748E-10	0
323.377139	1.539947E-10	0
323.485294	1.587003E-10	0
323.594057	1.59216E-10	0
323.703251	1.539302E-10	0
323.810745	1.569598E-10	0
323.919583	1.548971E-10	0
324.028337	1.56702E-10	0
324.137069	1.548971E-10	0
324.245978	1.552194E-10	0
324.35409	1.567665E-10	0
324.462253	1.584424E-10	0
324.570099	1.559285E-10	0
324.678083	1.554128E-10	0
324.786323	1.571532E-10	0
324.895357	1.568954E-10	0
325.002781	1.523187E-10	0
325.111381	1.545104E-10	0
325.219914	1.587003E-10	0
325.327423	1.554128E-10	0
325.435183	1.550905E-10	0
325.542894	1.574755E-10	0
325.650874	1.544459E-10	0
325.760297	1.565731E-10	0
325.86784	1.5754E-10	0
325.977133	1.567665E-10	0
326.084394	1.548327E-10	0
326.192602	1.56702E-10	0
326.300648	1.585714E-10	0
326.409942	1.563797E-10	0
326.517869	1.535435E-10	0
326.625471	1.549616E-10	0
326.733276	1.571532E-10	0
326.842104	1.554128E-10	0
326.950359	1.573466E-10	0
327.057606	1.554128E-10	0
327.165517	1.530922E-10	0
327.27405	1.569598E-10	0
327.381891	1.572822E-10	0
327.488856	1.570243E-10	0
327.597165	1.572822E-10	0
327.704379	1.565086E-10	0
327.812441	1.545748E-10	0
327.920896	1.543814E-10	0
328.030972	1.537368E-10	0
328.141193	1.545748E-10	0
328.249153	1.55155E-10	0
328.358159	1.553483E-10	0
328.468583	1.528989E-10	0
328.576292	1.548327E-10	0
328.684203	1.55864E-10	0
328.793233	1.578623E-10	0
328.902261	1.543814E-10	0
329.01193	1.547037E-10	0
329.120545	1.533501E-10	0
329.229343	1.524476E-10	0
329.337573	1.565731E-10	0
329.446631	1.584424E-10	0
329.554616	1.564442E-10	0
329.663335	1.581846E-10	0
329.770908	1.565086E-10	0
329.879211	1.555417E-10	0
329.988603	1.545748E-10	0
330.097381	1.548327E-10	0
330.205025	1.562508E-10	0
330.31327	1.55155E-10	0
330.420728	1.55864E-10	0
330.530564	1.559285E-10	0
330.638098	1.55864E-10	0
330.746528	1.56702E-10	0
330.854731	1.568309E-10	0
330.961805	1.559929E-10	0
331.070922	1.538013E-10	0
331.17885	1.556062E-10	0
331.287861	1.55155E-10	0
331.396796	1.547682E-10	0
331.504967	1.557351E-10	0
331.612322	1.538658E-10	0
331.719337	1.577334E-10	0
331.829072	1.567665E-10	0
331.936001	1.562508E-10	0
332.044335	1.545104E-10	0
332.15397	1.569598E-10	0
332.261834	1.544459E-10	0
332.369203	1.52641E-10	0
332.477889	1.557351E-10	0
332.585876	1.527699E-10	0
332.694981	1.533501E-10	0
332.802482	1.540591E-10	0
332.910665	1.55155E-10	0
333.018862	1.563797E-10	0
333.126781	1.540591E-10	0
333.234339	1.530278E-10	0
333.345884	1.539302E-10	0
333.454544	1.55155E-10	0
333.562499	1.566375E-10	0
333.670819	1.537368E-10	0
333.779719	1.541881E-10	0
333.887969	1.565086E-10	0
333.996142	1.531567E-10	0
334.10427	1.572177E-10	0
334.213345	1.561219E-10	0
334.321026	1.58378E-10	0
334.429185	1.576045E-10	0
334.53623	1.560574E-10	0
334.643611	1.561863E-10	0
334.752556	1.550905E-10	0
334.860957	1.549616E-10	0
334.970803	1.522543E-10	0
335.081784	1.529633E-10	0
335.191229	1.538013E-10	0
335.29944	1.557996E-10	0
335.407406	1.568309E-10	0
335.516943	1.578623E-10	0
335.62481	1.555417E-10	0
335.732319	1.545104E-10	0
335.840962	1.55155E-10	0
335.950296	1.560574E-10	0
336.059616	1.55026E-10	0
336.167749	1.561219E-10	0
336.27626	1.545104E-10	0
336.384904	1.547037E-10	0
336.49185	1.536079E-10	0
336.60079	1.577978E-10	0
336.708734	1.548327E-10	0
336.818087	1.574755E-10	0
336.926323	1.553483E-10	0
337.034632	1.5754E-10	0
337.143365	1.536724E-10	0
337.252365	1.565731E-10	0
337.361673	1.53479E-10	0
337.469347	1.572177E-10	0
337.577315	1.559929E-10	0
337.687195	1.579268E-10	0
337.794367	1.569598E-10	0
337.902372	1.568954E-10	0
338.010687	1.547682E-10	0
338.120277	1.573466E-10	0
338.229155	1.56702E-10	0
338.337663	1.557996E-10	0
338.445708	1.563797E-10	0
338.553667	1.587003E-10	0
338.661989	1.553483E-10	0
338.769927	1.587003E-10	0
338.877967	1.571532E-10	0
338.986887	1.566375E-10	0
339.09436	1.567665E-10	0
339.202213	1.572177E-10	0
339.311013	1.554773E-10	0
339.419119	1.552194E-10	0
339.528089	1.55864E-10	0
339.636514	1.564442E-10	0
339.744622	1.537368E-10	0
339.852611	1.541881E-10	0
339.961998	1.559285E-10	0
340.06987	1.559285E-10	0
340.178569	1.568954E-10	0
340.286062	1.561219E-10	0
340.394403	1.546393E-10	0
340.502384	1.570243E-10	0
340.610049	1.570243E-10	0
340.718692	1.527699E-10	0
340.826233	1.579268E-10	0
340.933424	1.574111E-10	0
341.0424	1.559929E-10	0
341.150616	1.557996E-10	0
341.259479	1.559929E-10	0
341.366712	1.55155E-10	0
341.475457	1.541236E-10	0
341.583912	1.563797E-10	0
341.693359	1.561863E-10	0
341.801017	1.550905E-10	0
341.910031	1.562508E-10	0
342.018258	1.566375E-10	0
342.127614	1.565731E-10	0
342.235205	1.542525E-10	0
342.345157	1.55026E-10	0
342.454085	1.518675E-10	0
342.561019	1.583135E-10	0
342.668306	1.587003E-10	0
342.778363	1.554773E-10	0
342.885978	1.559929E-10	0
342.994182	1.553483E-10	0
343.10378	1.576045E-10	0
343.212118	1.568954E-10	0
343.322423	1.54317E-10	0
343.429804	1.578623E-10	0
343.536878	1.556706E-10	0
343.646881	1.547682E-10	0
343.756331	1.539947E-10	0
343.864829	1.573466E-10	0
343.971954	1.55864E-10	0
344.081037	1.565086E-10	0
344.189752	1.579912E-10	0
344.296875	1.544459E-10	0
344.40532	1.580557E-10	0
344.512795	1.548971E-10	0
344.620628	1.564442E-10	0
344.72936	1.564442E-10	0
344.836847	1.5754E-10	0
344.945748	1.562508E-10	0
345.054855	1.565731E-10	0
345.163385	1.541881E-10	0
345.269961	1.593449E-10	0
345.378494	1.572822E-10	0
345.485836	1.596672E-10	0
345.594915	1.563152E-10	0
345.703396	1.56702E-10	0
345.812058	1.566375E-10	0
345.920873	1.581201E-10	0
346.029885	1.541881E-10	0
346.13897	1.587003E-10	0
346.246991	1.547682E-10	0
346.353668	1.574755E-10	0
346.461509	1.546393E-10	0
346.572056	1.556062E-10	0
346.682449	1.576045E-10	0
346.791058	1.552839E-10	0
346.899548	1.554773E-10	0
347.008779	1.553483E-10	0
347.115944	1.567665E-10	0
347.223242	1.552194E-10	0
347.332065	1.552194E-10	0
347.439243	1.556706E-10	0
347.547952	1.556062E-10	0
347.654951	1.55026E-10	0
347.763566	1.55864E-10	0
347.870862	1.55864E-10	0
347.978177	1.548971E-10	0
348.085046	1.554128E-10	0
348.194999	1.572822E-10	0
348.302404	1.55026E-10	0
348.410547	1.557996E-10	0
348.51878	1.559285E-10	0
348.625822	1.552194E-10	0
348.733006	1.559929E-10	0
348.840607	1.554773E-10	0
348.949076	1.538013E-10	0
349.057033	1.539947E-10	0
349.16606	1.574755E-10	0
349.273821	1.552839E-10	0
349.382864	1.570243E-10	0
349.491082	1.56702E-10	0
349.599831	1.54317E-10	0
349.708698	1.54317E-10	0
349.817996	1.556062E-10	0
349.926595	1.542525E-10	0
350.034513	1.556062E-10	0
350.143697	1.553483E-10	0
350.251619	1.566375E-10	0
350.359828	1.573466E-10	0
350.466998	1.532212E-10	0
350.574633	1.5754E-10	0
350.684042	1.559929E-10	0
350.793096	1.563152E-10	0
350.901554	1.553483E-10	0
351.009084	1.56702E-10	0
351.118191	1.559929E-10	0
351.225828	1.512229E-10	0
351.334444	1.519964E-10	0
351.441926	1.541881E-10	0
351.550273	1.539947E-10	0
351.657974	1.557996E-10	0
351.766098	1.552839E-10	0
351.873003	1.568954E-10	0
351.981365	1.548327E-10	0
352.088854	1.553483E-10	0
352.198019	1.562508E-10	0
352.305891	1.532856E-10	0
352.414014	1.529633E-10	0
352.522817	1.546393E-10	0
352.632789	1.564442E-10	0
352.742117	1.514807E-10	0
352.851111	1.536724E-10	0
352.959453	1.55864E-10	0
353.068163	1.532856E-10	0
353.175748	1.544459E-10	0
353.284664	1.569598E-10	0
353.392507	1.530278E-10	0
353.500375	1.538013E-10	0
353.607506	1.539302E-10	0
353.715667	1.563152E-10	0
353.823871	1.536724E-10	0
353.933364	1.54317E-10	0
354.04114	1.538658E-10	0
354.149543	1.560574E-10	0
354.257399	1.545748E-10	0
354.364533	1.571532E-10	0
354.472139	1.546393E-10	0
354.581126	1.577978E-10	0
354.689373	1.56702E-10	0
354.797823	1.570243E-10	0
354.906961	1.572822E-10	0
355.016241	1.550905E-10	0
355.124061	1.590226E-10	0
355.232582	1.548327E-10	0
355.340565	1.541236E-10	0
355.448436	1.559285E-10	0
355.556435	1.544459E-10	0
355.6655	1.537368E-10	0
355.772724	1.52641E-10	0
355.88131	1.541881E-10	0
355.991137	1.530922E-10	0
356.101144	1.539302E-10	0
356.208598	1.592804E-10	0
356.316933	1.538658E-10	0
356.424698	1.528989E-10	0
356.531125	1.536724E-10	0
356.639922	1.563797E-10	0
356.748213	1.544459E-10	0
356.857262	1.552839E-10	0
356.963919	1.568309E-10	0
357.071941	1.547682E-10	0
357.18011	1.528344E-10	0
357.28804	1.557351E-10	0
357.396772	1.541881E-10	0
357.502862	1.563797E-10	0
357.611824	1.541881E-10	0
357.720102	1.571532E-10	0
357.829794	1.532856E-10	0
357.939806	1.559285E-10	0
358.048845	1.568309E-10	0
358.157463	1.55864E-10	0
358.266453	1.569598E-10	0
358.375339	1.56702E-10	0
358.483599	1.585069E-10	0
358.59444	1.528989E-10	0
358.703574	1.589581E-10	0
358.811164	1.585069E-10	0
358.918971	1.567665E-10	0
359.026312	1.55864E-10	0
359.13428	1.584424E-10	0
359.242846	1.600539E-10	0
359.35103	1.574755E-10	0
359.459294	1.576045E-10	0
359.567845	1.585069E-10	0
359.676836	1.565731E-10	0
359.783411	1.578623E-10	0
359.892473	1.541236E-10	0
360.002173	1.60763E-10	0
