Time,s	TEY,A	Shutter
0	1.537368E-10	0
0.10771	1.557996E-10	0
0.215433	1.548327E-10	0
0.323138	1.579912E-10	0
0.429851	1.581846E-10	0
0.537564	1.55026E-10	0
0.64428	1.581201E-10	0
0.75	1.548327E-10	0
0.857712	1.570243E-10	0
0.964427	1.563152E-10	0
1.071142	1.537368E-10	0
1.178002	1.585714E-10	0
1.28562	1.574755E-10	0
1.393167	1.567665E-10	0
1.500856	1.572177E-10	0
1.608287	1.594093E-10	0
1.718393	1.546393E-10	0
1.826119	1.547037E-10	0
1.934908	1.559285E-10	0
2.042717	1.541236E-10	0
2.151029	1.583135E-10	0
2.260392	1.559285E-10	0
2.368947	1.583135E-10	0
2.478603	1.574755E-10	0
2.58681	1.55864E-10	0
2.693305	1.53479E-10	0
2.800905	1.536079E-10	0
2.908048	1.579912E-10	0
3.015687	1.547037E-10	0
3.123755	1.577334E-10	0
3.230755	1.55026E-10	0
3.339512	1.55026E-10	0
3.447669	1.528989E-10	0
3.557693	1.555417E-10	0
3.665849	1.554128E-10	0
3.77401	1.535435E-10	0
3.880653	1.576689E-10	0
3.989411	1.54317E-10	0
4.097655	1.563797E-10	0
4.2057	1.557996E-10	0
4.314585	1.548971E-10	0
4.422073	1.587647E-10	0
4.530021	1.559929E-10	0
4.638431	1.569598E-10	0
4.745418	1.538013E-10	0
4.852865	1.539302E-10	0
4.959652	1.550905E-10	0
5.068792	1.55864E-10	0
5.177115	1.580557E-10	0
5.285731	1.537368E-10	0
5.394816	1.582491E-10	0
5.502583	1.569598E-10	0
5.610287	1.545748E-10	0
5.71881	1.532212E-10	0
5.827699	1.561863E-10	0
5.9361	1.552839E-10	0
6.045289	1.559929E-10	0
6.154794	1.538658E-10	0
6.262922	1.544459E-10	0
6.370391	1.568954E-10	0
6.47811	1.557351E-10	0
6.585792	1.56702E-10	0
6.692888	1.574111E-10	0
6.799048	1.51932E-10	0
6.906462	1.578623E-10	0
7.013564	1.554128E-10	0
7.122262	1.564442E-10	0
7.231137	1.591515E-10	0
7.339696	1.570888E-10	0
7.447857	1.5754E-10	0
7.556914	1.541236E-10	0
7.665487	1.54317E-10	0
7.774227	1.521253E-10	0
7.881065	1.545104E-10	0
7.990254	1.546393E-10	0
8.097394	1.557351E-10	0
8.206368	1.585069E-10	0
8.313158	1.541236E-10	0
8.421107	1.560574E-10	0
8.529269	1.514163E-10	0
8.63574	1.579912E-10	0
8.743124	1.596027E-10	0
8.850244	1.561863E-10	0
8.958747	1.570888E-10	0
9.067111	1.541236E-10	0
9.175747	1.545104E-10	0
9.284105	1.546393E-10	0
9.392581	1.55864E-10	0
9.500136	1.528989E-10	0
9.609503	1.565731E-10	0
9.717138	1.577978E-10	0
9.82486	1.531567E-10	0
9.93379	1.536079E-10	0
10.042245	1.540591E-10	0
10.150696	1.557996E-10	0
10.258603	1.576045E-10	0
10.366511	1.563797E-10	0
10.475021	1.557996E-10	0
10.584355	1.557996E-10	0
10.692484	1.559929E-10	0
10.801329	1.544459E-10	0
10.910326	1.521253E-10	0
11.018745	1.5754E-10	0
11.127526	1.556062E-10	0
11.235763	1.574111E-10	0
11.343287	1.555417E-10	0
11.452222	1.577978E-10	0
11.559934	1.55026E-10	0
11.668711	1.534145E-10	0
11.77747	1.573466E-10	0
11.884662	1.527699E-10	0
11.99326	1.541236E-10	0
12.100974	1.545104E-10	0
12.20809	1.570888E-10	0
12.315774	1.554773E-10	0
12.423443	1.583135E-10	0
12.531383	1.594093E-10	0
12.639208	1.561219E-10	0
12.746778	1.560574E-10	0
12.85481	1.542525E-10	0
12.96315	1.53479E-10	0
13.070208	1.556706E-10	0
13.178485	1.545104E-10	0
13.285748	1.579912E-10	0
13.392905	1.540591E-10	0
13.502196	1.567665E-10	0
13.610446	1.55864E-10	0
13.718173	1.560574E-10	0
13.825787	1.557351E-10	0
13.935139	1.571532E-10	0
14.043475	1.557351E-10	0
14.151506	1.550905E-10	0
14.25776	1.55864E-10	0
14.365605	1.570243E-10	0
14.473687	1.580557E-10	0
14.581207	1.571532E-10	0
14.690226	1.538013E-10	0
14.799291	1.554773E-10	0
14.908211	1.55155E-10	0
15.01508	1.552839E-10	0
15.122856	1.541236E-10	0
15.231271	1.587003E-10	0
15.339357	1.552839E-10	0
15.448031	1.572177E-10	0
15.556045	1.549616E-10	0
15.662933	1.549616E-10	0
15.77111	1.553483E-10	0
15.878274	1.561863E-10	0
15.987194	1.550905E-10	0
16.0954	1.536079E-10	0
16.20437	1.557996E-10	0
16.312445	1.601829E-10	0
16.419652	1.53479E-10	0
16.527992	1.552194E-10	0
16.635417	1.545104E-10	0
16.743652	1.550905E-10	0
16.85134	1.559929E-10	0
16.959836	1.579912E-10	0
17.069055	1.555417E-10	0
17.177752	1.568309E-10	0
17.285531	1.531567E-10	0
17.393777	1.570888E-10	0
17.503484	1.584424E-10	0
17.612544	1.568309E-10	0
17.720862	1.55155E-10	0
17.830381	1.566375E-10	0
17.938312	1.55864E-10	0
18.045059	1.591515E-10	0
18.153636	1.553483E-10	0
18.261744	1.574755E-10	0
18.369059	1.541236E-10	0
18.476745	1.562508E-10	0
18.585249	1.572177E-10	0
18.693307	1.595383E-10	0
18.801355	1.574755E-10	0
18.909056	1.542525E-10	0
19.015538	1.562508E-10	0
19.124118	1.545104E-10	0
19.231319	1.567665E-10	0
19.338508	1.58378E-10	0
19.445295	1.544459E-10	0
19.555297	1.573466E-10	0
19.663615	1.563797E-10	0
19.771904	1.593449E-10	0
19.880722	1.555417E-10	0
19.988525	1.557996E-10	0
20.096882	1.557351E-10	0
20.205747	1.586358E-10	0
20.313489	1.569598E-10	0
20.420352	1.563797E-10	0
20.52906	1.562508E-10	0
20.637455	1.589581E-10	0
20.744473	1.581201E-10	0
20.853439	1.56702E-10	0
20.963031	1.534145E-10	0
21.071103	1.585714E-10	0
21.178116	1.569598E-10	0
21.288094	1.553483E-10	0
21.395851	1.546393E-10	0
21.503047	1.556706E-10	0
21.610753	1.539302E-10	0
21.717361	1.567665E-10	0
21.824913	1.568309E-10	0
21.931628	1.532856E-10	0
22.039341	1.539947E-10	0
22.148074	1.55155E-10	0
22.253771	1.545104E-10	0
22.361484	1.58378E-10	0
22.468197	1.557351E-10	0
22.574019	1.593449E-10	0
22.681592	1.577978E-10	0
22.789618	1.541881E-10	0
22.896897	1.569598E-10	0
23.00492	1.522543E-10	0
23.111195	1.552194E-10	0
23.221181	1.55155E-10	0
23.329864	1.568309E-10	0
23.436784	1.566375E-10	0
23.545868	1.561863E-10	0
23.65298	1.545104E-10	0
23.764232	1.538658E-10	0
23.869954	1.573466E-10	0
23.977819	1.577334E-10	0
24.087266	1.572177E-10	0
24.194676	1.588937E-10	0
24.302973	1.570888E-10	0
24.411866	1.55155E-10	0
24.52037	1.547682E-10	0
24.628755	1.556706E-10	0
24.737726	1.522543E-10	0
24.846465	1.530278E-10	0
24.954022	1.56702E-10	0
25.061505	1.514163E-10	0
25.168737	1.536724E-10	0
25.276258	1.542525E-10	0
25.38391	1.549616E-10	0
25.491616	1.539302E-10	0
25.599181	1.574111E-10	0
25.709624	1.527699E-10	0
25.816123	1.538658E-10	0
25.924216	1.547037E-10	0
26.031877	1.550905E-10	0
26.141319	1.542525E-10	0
26.248902	1.554128E-10	0
26.357288	1.568954E-10	0
26.464607	1.555417E-10	0
26.572407	1.539947E-10	0
26.680358	1.556706E-10	0
26.78922	1.547682E-10	0
26.895967	1.568309E-10	0
27.003562	1.555417E-10	0
27.111789	1.572822E-10	0
27.219738	1.568309E-10	0
27.32716	1.568309E-10	0
27.434927	1.548327E-10	0
27.54425	1.577978E-10	0
27.652389	1.565731E-10	0
27.760561	1.536079E-10	0
27.868874	1.571532E-10	0
27.976909	1.566375E-10	0
28.08488	1.559929E-10	0
28.19245	1.543814E-10	0
28.300622	1.520609E-10	0
28.409596	1.557351E-10	0
28.517306	1.556062E-10	0
28.625913	1.556706E-10	0
28.734993	1.588292E-10	0
28.843776	1.539302E-10	0
28.951538	1.530922E-10	0
29.060255	1.536724E-10	0
29.169237	1.554128E-10	0
29.279045	1.552839E-10	0
29.38809	1.559929E-10	0
29.495293	1.561863E-10	0
29.603613	1.539302E-10	0
29.712808	1.556706E-10	0
29.820522	1.566375E-10	0
29.926239	1.563152E-10	0
30.037941	1.561219E-10	0
30.144657	1.581846E-10	0
30.251563	1.557996E-10	0
30.35844	1.527055E-10	0
30.46545	1.54317E-10	0
30.574135	1.571532E-10	0
30.683588	1.539302E-10	0
30.791121	1.587003E-10	0
30.899325	1.527055E-10	0
31.007701	1.557351E-10	0
31.115726	1.563797E-10	0
31.224632	1.544459E-10	0
31.332626	1.557351E-10	0
31.441184	1.54317E-10	0
31.550007	1.516097E-10	0
31.65782	1.554128E-10	0
31.765404	1.538013E-10	0
31.87449	1.545748E-10	0
31.98236	1.556062E-10	0
32.089528	1.565731E-10	0
32.198336	1.565086E-10	0
32.305944	1.572177E-10	0
32.415182	1.545104E-10	0
32.524194	1.53479E-10	0
32.633043	1.560574E-10	0
32.741063	1.560574E-10	0
32.848949	1.585069E-10	0
32.954884	1.544459E-10	0
33.063213	1.519964E-10	0
33.170841	1.583135E-10	0
33.278388	1.568309E-10	0
33.388012	1.567665E-10	0
33.496634	1.561219E-10	0
33.605001	1.548327E-10	0
33.712734	1.545748E-10	0
33.820683	1.590226E-10	0
33.93053	1.536079E-10	0
34.039916	1.557351E-10	0
34.148335	1.560574E-10	0
34.255986	1.545104E-10	0
34.364211	1.517386E-10	0
34.473324	1.55026E-10	0
34.581324	1.532212E-10	0
34.688556	1.528989E-10	0
34.79876	1.548971E-10	0
34.907909	1.549616E-10	0
35.017391	1.53479E-10	0
35.125163	1.539302E-10	0
35.232077	1.563797E-10	0
35.34123	1.556062E-10	0
35.449327	1.521898E-10	0
35.558048	1.51803E-10	0
35.666863	1.562508E-10	0
35.774358	1.55155E-10	0
35.883298	1.506428E-10	0
35.991109	1.540591E-10	0
36.099899	1.53479E-10	0
36.208676	1.555417E-10	0
36.316565	1.529633E-10	0
36.426759	1.568954E-10	0
36.534285	1.55864E-10	0
36.643296	1.576045E-10	0
36.751285	1.547682E-10	0
36.857718	1.548971E-10	0
36.967509	1.535435E-10	0
37.07599	1.545748E-10	0
37.184433	1.543814E-10	0
37.291862	1.571532E-10	0
37.400685	1.533501E-10	0
37.508161	1.554773E-10	0
37.615561	1.549616E-10	0
37.723817	1.53479E-10	0
37.832019	1.536724E-10	0
37.939782	1.557351E-10	0
38.048288	1.548971E-10	0
38.156883	1.569598E-10	0
38.26624	1.530278E-10	0
38.374131	1.520609E-10	0
38.480928	1.565086E-10	0
38.58984	1.573466E-10	0
38.698373	1.570243E-10	0
38.807006	1.556706E-10	0
38.915221	1.532212E-10	0
39.02228	1.539947E-10	0
39.130555	1.565086E-10	0
39.239266	1.554128E-10	0
39.346671	1.565731E-10	0
39.455863	1.561219E-10	0
39.564546	1.55864E-10	0
39.672664	1.564442E-10	0
39.780606	1.561219E-10	0
39.889511	1.55864E-10	0
39.996401	1.568309E-10	0
40.104099	1.559285E-10	0
40.210925	1.557351E-10	0
40.318408	1.554128E-10	0
40.426902	1.555417E-10	0
40.535796	1.568954E-10	0
40.642873	1.562508E-10	0
40.751593	1.589581E-10	0
40.858801	1.574111E-10	0
40.966923	1.542525E-10	0
41.074473	1.540591E-10	0
41.182691	1.580557E-10	0
41.29051	1.554773E-10	0
41.400047	1.578623E-10	0
41.509291	1.585069E-10	0
41.617029	1.574755E-10	0
41.726029	1.555417E-10	0
41.834864	1.537368E-10	0
41.944336	1.556062E-10	0
42.053075	1.532212E-10	0
42.160827	1.53479E-10	0
42.269757	1.568309E-10	0
42.377058	1.538658E-10	0
42.484069	1.545104E-10	0
42.590871	1.557351E-10	0
42.69892	1.559285E-10	0
42.807426	1.572822E-10	0
42.915225	1.539302E-10	0
43.024437	1.554773E-10	0
43.133098	1.536724E-10	0
43.241165	1.543814E-10	0
43.34898	1.538658E-10	0
43.457045	1.531567E-10	0
43.565115	1.567665E-10	0
43.673223	1.542525E-10	0
43.781485	1.536079E-10	0
43.889038	1.55155E-10	0
43.999615	1.560574E-10	0
44.107052	1.579912E-10	0
44.214909	1.569598E-10	0
44.323582	1.578623E-10	0
44.432761	1.524476E-10	0
44.541742	1.517386E-10	0
44.65014	1.552194E-10	0
44.759339	1.537368E-10	0
44.866928	1.55864E-10	0
44.974932	1.545748E-10	0
45.082737	1.530278E-10	0
45.191266	1.553483E-10	0
45.300789	1.541881E-10	0
45.410785	1.559285E-10	0
45.519288	1.53479E-10	0
45.628619	1.528989E-10	0
45.737522	1.559285E-10	0
45.846316	1.543814E-10	0
45.95526	1.553483E-10	0
46.064722	1.55026E-10	0
46.173588	1.579912E-10	0
46.28166	1.556706E-10	0
46.390609	1.562508E-10	0
46.499058	1.5754E-10	0
46.606765	1.570243E-10	0
46.716073	1.548971E-10	0
46.824531	1.556706E-10	0
46.933564	1.553483E-10	0
47.041809	1.598606E-10	0
47.150742	1.555417E-10	0
47.257651	1.567665E-10	0
47.365371	1.579268E-10	0
47.474409	1.572177E-10	0
47.583345	1.56702E-10	0
47.690696	1.58378E-10	0
47.798457	1.546393E-10	0
47.906099	1.565086E-10	0
48.01421	1.55864E-10	0
48.122926	1.534145E-10	0
48.231229	1.568954E-10	0
48.339445	1.556706E-10	0
48.447837	1.547037E-10	0
48.556302	1.565731E-10	0
48.663614	1.539302E-10	0
48.774337	1.570243E-10	0
48.882962	1.59216E-10	0
48.990748	1.545104E-10	0
49.100277	1.587003E-10	0
49.210343	1.559929E-10	0
49.317861	1.545104E-10	0
49.425531	1.552194E-10	0
49.535912	1.58378E-10	0
49.64172	1.570888E-10	0
49.748486	1.567665E-10	0
49.8571	1.581201E-10	0
49.965139	1.511584E-10	0
50.073477	1.54317E-10	0
50.180537	1.55155E-10	0
50.289197	1.587003E-10	0
50.397254	1.603118E-10	0
50.505955	1.556706E-10	0
50.615027	1.576689E-10	0
50.723639	1.572822E-10	0
50.831141	1.572822E-10	0
50.939431	1.556062E-10	0
51.047502	1.56702E-10	0
51.155558	1.577334E-10	0
51.264594	1.563797E-10	0
51.372813	1.56702E-10	0
51.482238	1.570243E-10	0
51.590455	1.572177E-10	0
51.696797	1.537368E-10	0
51.804365	1.577334E-10	0
51.914106	1.563797E-10	0
52.023294	1.572822E-10	0
52.132543	1.602473E-10	0
52.24065	1.547037E-10	0
52.34951	1.567665E-10	0
52.457868	1.565086E-10	0
52.565218	1.54317E-10	0
52.672999	1.578623E-10	0
52.78239	1.579268E-10	0
52.891523	1.566375E-10	0
52.999388	1.59087E-10	0
53.10785	1.566375E-10	0
53.217684	1.557996E-10	0
53.325062	1.586358E-10	0
53.433009	1.565086E-10	0
53.542716	1.56702E-10	0
53.651716	1.601184E-10	0
53.759894	1.568309E-10	0
53.869534	1.559929E-10	0
53.977023	1.567665E-10	0
54.085666	1.604407E-10	0
54.194531	1.556062E-10	0
54.30393	1.63148E-10	0
54.412189	1.572822E-10	0
54.521669	1.591515E-10	0
54.628885	1.527055E-10	0
54.739017	1.585069E-10	0
54.848955	1.568954E-10	0
54.957704	1.603118E-10	0
55.066168	1.587003E-10	0
55.17505	1.602473E-10	0
55.283142	1.56702E-10	0
55.392344	1.570243E-10	0
55.502139	1.605696E-10	0
55.609872	1.568309E-10	0
55.717585	1.5754E-10	0
55.8243	1.570888E-10	0
55.931384	1.579268E-10	0
56.038841	1.579268E-10	0
56.147847	1.589581E-10	0
56.255952	1.578623E-10	0
56.364186	1.586358E-10	0
56.471091	1.557351E-10	0
56.578894	1.564442E-10	0
56.687564	1.59087E-10	0
56.795647	1.569598E-10	0
56.904836	1.566375E-10	0
57.014339	1.580557E-10	0
57.123099	1.584424E-10	0
57.230913	1.59216E-10	0
57.340886	1.579912E-10	0
57.449469	1.586358E-10	0
57.559854	1.557351E-10	0
57.667178	1.599895E-10	0
57.77669	1.566375E-10	0
57.886023	1.5754E-10	0
57.993118	1.561863E-10	0
58.102395	1.565086E-10	0
58.211689	1.560574E-10	0
58.319689	1.581846E-10	0
58.428569	1.561219E-10	0
58.536172	1.568954E-10	0
58.644027	1.574755E-10	0
58.752217	1.556706E-10	0
58.862269	1.570888E-10	0
58.970714	1.554128E-10	0
59.07757	1.581201E-10	0
59.185219	1.545104E-10	0
59.293314	1.578623E-10	0
59.40199	1.568309E-10	0
59.5102	1.603762E-10	0
59.619026	1.568954E-10	0
59.728911	1.582491E-10	0
59.837195	1.586358E-10	0
59.947207	1.571532E-10	0
60.055385	6.442828E-8	0
60.164026	8.026889E-8	1
60.27393	7.549298E-8	1
60.382531	7.10638E-8	1
60.492187	6.732583E-8	1
60.600304	6.431851E-8	1
60.709468	6.183789E-8	1
60.81747	5.98386E-8	1
60.926195	5.82046E-8	1
61.034474	5.687756E-8	1
61.142051	5.577639E-8	1
61.25032	5.484894E-8	1
61.359941	5.403506E-8	1
61.469154	5.334818E-8	1
61.578197	5.275695E-8	1
61.687206	5.225758E-8	1
61.795345	5.181893E-8	1
61.902815	5.143893E-8	1
62.011642	5.110877E-8	1
62.120361	5.081883E-8	1
62.228051	5.056228E-8	1
62.337066	5.032442E-8	1
62.446209	5.01186E-8	1
62.554628	4.990994E-8	1
62.663815	4.973964E-8	1
62.772924	4.957365E-8	1
62.880902	4.942353E-8	1
62.988835	4.929254E-8	1
63.097245	4.917013E-8	1
63.205912	4.905784E-8	1
63.314746	4.895039E-8	1
63.423817	4.884119E-8	1
63.534272	4.874521E-8	1
63.642359	4.866896E-8	1
63.750606	4.858729E-8	1
63.860693	4.85196E-8	1
63.966434	4.844064E-8	1
64.074845	4.837914E-8	1
64.183276	4.831688E-8	1
64.291714	4.825725E-8	1
64.399051	4.820465E-8	1
64.509616	4.815631E-8	1
64.617176	4.810809E-8	1
64.725662	4.804885E-8	1
64.833401	4.800405E-8	1
64.941577	4.796853E-8	1
65.05259	4.792631E-8	1
65.159283	4.788635E-8	1
65.267622	4.78507E-8	1
65.377235	4.781138E-8	1
65.48411	4.777767E-8	1
65.592975	4.774505E-8	1
65.700481	4.771385E-8	1
65.808757	4.768059E-8	1
65.917642	4.765958E-8	1
66.026602	4.762535E-8	1
66.136861	4.761078E-8	1
66.246478	4.758029E-8	1
66.355134	4.755528E-8	1
66.464324	4.752788E-8	1
66.573012	4.750706E-8	1
66.681218	4.747986E-8	1
66.789946	4.746439E-8	1
66.899582	4.744344E-8	1
67.007174	4.741682E-8	1
67.115729	4.740554E-8	1
67.224178	4.739258E-8	1
67.333238	4.736042E-8	1
67.441963	4.735197E-8	1
67.550192	4.733257E-8	1
67.657681	4.732554E-8	1
67.767492	4.729738E-8	1
67.87765	4.728661E-8	1
67.98694	4.726205E-8	1
68.096555	4.725309E-8	1
68.20442	4.723859E-8	1
68.31206	4.721055E-8	1
68.420386	4.720539E-8	1
68.529478	4.721093E-8	1
68.639471	4.717393E-8	1
68.748613	4.715937E-8	1
68.857298	4.715924E-8	1
68.966039	4.714647E-8	1
69.076265	4.712707E-8	1
69.184556	4.711553E-8	1
69.293248	4.709929E-8	1
69.401187	4.708395E-8	1
69.510321	4.707189E-8	1
69.618365	4.706493E-8	1
69.725955	4.704398E-8	1
69.834623	4.704334E-8	1
69.942872	4.702174E-8	1
70.052024	4.70142E-8	1
70.160586	4.700969E-8	1
70.268262	4.699132E-8	1
70.375276	4.697591E-8	1
70.484294	4.696128E-8	1
70.597234	4.696431E-8	1
70.707282	4.694703E-8	1
70.81676	4.693131E-8	1
70.925668	4.691158E-8	1
71.034883	4.691016E-8	1
71.141955	4.690049E-8	1
71.250526	4.689166E-8	1
71.358737	4.687909E-8	1
71.467891	4.68584E-8	1
71.577194	4.685608E-8	1
71.684825	4.685054E-8	1
71.793941	4.684196E-8	1
71.902487	4.683236E-8	1
72.010343	4.682798E-8	1
72.117272	4.681741E-8	1
72.22514	4.68089E-8	1
72.334799	4.679375E-8	1
72.443903	4.679381E-8	1
72.550729	4.678672E-8	1
72.661027	4.677789E-8	1
72.769578	4.676854E-8	1
72.879395	4.6765E-8	1
72.9886	4.674895E-8	1
73.096301	4.674598E-8	1
73.204014	4.674218E-8	1
73.312959	4.673283E-8	1
73.425091	4.671833E-8	1
73.534459	4.670254E-8	1
73.643994	4.670576E-8	1
73.751759	4.668713E-8	1
73.861467	4.66977E-8	1
73.96947	4.667566E-8	1
74.077658	4.66763E-8	1
74.186989	4.666612E-8	1
74.295435	4.666109E-8	1
74.404151	4.665671E-8	1
74.512261	4.664807E-8	1
74.621142	4.664143E-8	1
74.729175	4.664343E-8	1
74.838706	4.662725E-8	1
74.94732	4.66188E-8	1
75.055745	4.661623E-8	1
75.165008	4.660991E-8	1
75.274929	4.660192E-8	1
75.384428	4.658309E-8	1
75.491982	4.658967E-8	1
75.601633	4.658432E-8	1
75.709808	4.657516E-8	1
75.818279	4.656782E-8	1
75.927891	4.656633E-8	1
76.035703	4.655731E-8	1
76.144718	4.655086E-8	1
76.253859	4.65555E-8	1
76.36249	4.655215E-8	1
76.471767	4.654248E-8	1
76.581449	4.653049E-8	1
76.690537	4.652192E-8	1
76.798663	4.65303E-8	1
76.906129	4.652005E-8	1
77.016534	4.651593E-8	1
77.124546	4.650155E-8	1
77.232771	4.650729E-8	1
77.341922	4.649085E-8	1
77.450575	4.649214E-8	1
77.560616	4.648466E-8	1
77.669667	4.647583E-8	1
77.77911	4.647029E-8	1
77.888136	4.646951E-8	1
77.996346	4.645939E-8	1
78.10412	4.645901E-8	1
78.212308	4.644934E-8	1
78.321868	4.64445E-8	1
78.429616	4.643799E-8	1
78.538737	4.64367E-8	1
78.647378	4.643619E-8	1
78.755334	4.6426E-8	1
78.863611	4.641853E-8	1
78.972319	4.640467E-8	1
79.081629	4.638913E-8	1
79.189668	4.639094E-8	1
79.297028	4.638784E-8	1
79.405116	4.639281E-8	1
79.513864	4.638314E-8	1
79.622755	4.637411E-8	1
79.730852	4.637411E-8	1
79.840379	4.636657E-8	1
79.950505	4.636561E-8	1
80.058774	4.635374E-8	1
80.168572	4.635246E-8	1
80.276364	4.634234E-8	1
80.384819	4.634163E-8	1
80.493728	4.633666E-8	1
80.601541	4.633634E-8	1
80.710759	4.632558E-8	1
80.818674	4.632177E-8	1
80.928879	4.631604E-8	1
81.03759	4.63094E-8	1
81.146476	4.630965E-8	1
81.255177	4.630559E-8	1
81.365562	4.629779E-8	1
81.473145	4.629412E-8	1
81.582917	4.628658E-8	1
81.691505	4.627994E-8	1
81.799915	4.627949E-8	1
81.908524	4.627865E-8	1
82.01664	4.627098E-8	1
82.12465	4.625667E-8	1
82.239577	4.626324E-8	1
82.347208	4.625422E-8	1
82.456734	4.624687E-8	1
82.565541	4.625274E-8	1
82.674568	4.624384E-8	1
82.783593	4.624397E-8	1
82.892245	4.623469E-8	1
82.999537	4.623946E-8	1
83.109497	4.623179E-8	1
83.218029	4.621877E-8	1
83.326759	4.620748E-8	1
83.435877	4.621516E-8	1
83.544121	4.620188E-8	1
83.653418	4.620355E-8	1
83.761999	4.620317E-8	1
83.869297	4.619305E-8	1
83.9774	4.61915E-8	1
84.086576	4.618647E-8	1
84.193585	4.617577E-8	1
84.302363	4.617609E-8	1
84.411645	4.617467E-8	1
84.52045	4.616191E-8	1
84.627241	4.61623E-8	1
84.736789	4.615585E-8	1
84.846344	4.615714E-8	1
84.95453	4.614599E-8	1
85.063512	4.614876E-8	1
85.173759	4.614045E-8	1
85.282356	4.614773E-8	1
85.390926	4.614515E-8	1
85.500569	4.613935E-8	1
85.609428	4.613522E-8	1
85.718366	4.612749E-8	1
85.825769	4.612633E-8	1
85.933867	4.610905E-8	1
86.043047	4.611266E-8	1
86.151507	4.611698E-8	1
86.260116	4.611137E-8	1
86.369647	4.610544E-8	1
86.478806	4.609307E-8	1
86.58742	4.609764E-8	1
86.695179	4.609462E-8	1
86.805081	4.609023E-8	1
86.913148	4.608907E-8	1
87.021369	4.608114E-8	1
87.129088	4.606954E-8	1
87.237496	4.606832E-8	1
87.345619	4.607018E-8	1
87.454417	4.606284E-8	1
87.562648	4.606077E-8	1
87.672321	4.605575E-8	1
87.783762	4.604885E-8	1
87.891832	4.60522E-8	1
88.000052	4.603905E-8	1
88.109531	4.603911E-8	1
88.218723	4.603318E-8	1
88.327916	4.603267E-8	1
88.436883	4.601771E-8	1
88.54577	4.601971E-8	1
88.655097	4.602358E-8	1
88.764265	4.601385E-8	1
88.874582	4.600095E-8	1
88.984115	4.600257E-8	1
89.092032	4.598858E-8	1
89.200483	4.59878E-8	1
89.307834	4.598748E-8	1
89.416697	4.59929E-8	1
89.524413	4.598142E-8	1
89.633498	4.597453E-8	1
89.742117	4.597356E-8	1
89.851131	4.596105E-8	1
89.960408	4.596144E-8	1
90.069927	4.595719E-8	1
90.179413	4.595383E-8	1
90.288167	4.594146E-8	1
90.397184	4.595435E-8	1
90.505366	4.594455E-8	1
90.615319	4.594836E-8	1
90.725071	4.593366E-8	1
90.833218	4.593256E-8	1
90.941785	4.594391E-8	1
91.049778	4.593321E-8	1
91.15893	4.592979E-8	1
91.26788	4.59216E-8	1
91.377465	4.59131E-8	1
91.485929	4.591632E-8	1
91.595332	4.592193E-8	1
91.704989	4.590987E-8	1
91.814125	4.590581E-8	1
91.924047	4.58973E-8	1
92.033169	4.589569E-8	1
92.140709	4.589569E-8	1
92.249681	4.58875E-8	1
92.358253	4.589659E-8	1
92.467469	4.588596E-8	1
92.5759	4.588351E-8	1
92.683599	4.587133E-8	1
92.791236	4.587191E-8	1
92.899449	4.587416E-8	1
93.008862	4.586443E-8	1
93.117501	4.586733E-8	1
93.224938	4.586198E-8	1
93.334136	4.584367E-8	1
93.442057	4.586101E-8	1
93.55123	4.585779E-8	1
93.660228	4.584238E-8	1
93.767939	4.58467E-8	1
93.878117	4.58389E-8	1
93.987089	4.584225E-8	1
94.094099	4.583529E-8	1
94.203048	4.582794E-8	1
94.312903	4.581969E-8	1
94.420943	4.581969E-8	1
94.529964	4.58291E-8	1
94.638112	4.581666E-8	1
94.745909	4.582421E-8	1
94.854142	4.581853E-8	1
94.96317	4.581099E-8	1
95.072216	4.581292E-8	1
95.18123	4.580738E-8	1
95.290753	4.580506E-8	1
95.399694	4.580003E-8	1
95.509611	4.580106E-8	1
95.617862	4.579468E-8	1
95.728157	4.578965E-8	1
95.834651	4.578566E-8	1
95.942664	4.579036E-8	1
96.051694	4.578308E-8	1
96.159869	4.577103E-8	1
96.268358	4.578385E-8	1
96.377036	4.577618E-8	1
96.484787	4.577115E-8	1
96.593486	4.576651E-8	1
96.703444	4.576123E-8	1
96.813378	4.575794E-8	1
96.92212	4.575214E-8	1
97.029678	4.57533E-8	1
97.137894	4.574008E-8	1
97.245913	4.574421E-8	1
97.355335	4.574653E-8	1
97.464371	4.573854E-8	1
97.572526	4.574228E-8	1
97.679686	4.573441E-8	1
97.788142	4.573512E-8	1
97.897501	4.574447E-8	1
98.010895	4.572191E-8	1
98.120236	4.5721E-8	1
98.229468	4.571578E-8	1
98.33852	4.571669E-8	1
98.447262	4.57114E-8	1
98.559295	4.570837E-8	1
98.665555	4.571095E-8	1
98.773824	4.570476E-8	1
98.882749	4.569535E-8	1
98.990806	4.569593E-8	1
99.099953	4.569889E-8	1
99.208916	4.56998E-8	1
99.319454	4.568761E-8	1
99.42653	4.568065E-8	1
99.53475	4.56929E-8	1
99.64484	4.568877E-8	1
99.754869	4.568046E-8	1
99.863608	4.566318E-8	1
99.973199	4.565848E-8	1
100.082181	4.566492E-8	1
100.190167	4.567382E-8	1
100.299328	4.566944E-8	1
100.408598	4.566563E-8	1
100.515983	4.565584E-8	1
100.625999	4.565919E-8	1
100.733943	4.565113E-8	1
100.84211	4.565255E-8	1
100.950732	4.564365E-8	1
101.059499	4.564874E-8	1
101.168467	4.563527E-8	1
101.276179	4.562921E-8	1
101.385886	4.564133E-8	1
101.494596	4.56354E-8	1
101.600315	4.563141E-8	1
101.708028	4.563837E-8	1
101.816136	4.562734E-8	1
101.92531	4.562303E-8	1
102.033583	4.561903E-8	1
102.142023	4.56276E-8	1
102.25074	4.561961E-8	1
102.361775	4.562257E-8	1
102.46991	4.560949E-8	1
102.579932	4.560775E-8	1
102.688696	4.56015E-8	1
102.79811	4.559918E-8	1
102.905495	4.506557E-8	1
103.0143	4.562747E-8	1
103.124674	4.567537E-8	1
103.23391	4.567195E-8	1
103.345025	4.56733E-8	1
103.454518	4.567414E-8	1
103.563844	4.566151E-8	1
103.672559	4.566312E-8	1
103.782853	4.566067E-8	1
103.889963	4.565551E-8	1
103.999356	4.565706E-8	1
104.107573	4.565087E-8	1
104.216061	4.564945E-8	1
104.323864	4.565255E-8	1
104.430895	4.564501E-8	1
104.539853	4.564642E-8	1
104.647962	4.564849E-8	1
104.756502	4.564694E-8	1
104.864486	4.564327E-8	1
104.973392	4.562747E-8	1
105.084232	4.562973E-8	1
105.192716	4.563321E-8	1
105.300727	4.563482E-8	1
105.408988	4.563257E-8	1
105.518401	4.562045E-8	1
105.625798	4.562116E-8	1
105.736582	4.561194E-8	1
105.845279	4.561336E-8	1
105.953677	4.5618E-8	1
106.062891	4.561123E-8	1
106.171534	4.561142E-8	1
106.279885	4.560156E-8	1
106.388602	4.559885E-8	1
106.497619	4.560343E-8	1
106.607593	4.559872E-8	1
106.716983	4.559537E-8	1
106.825503	4.558905E-8	1
106.93524	4.55908E-8	1
107.042965	4.558867E-8	1
107.152808	4.559157E-8	1
107.262539	4.558287E-8	1
107.372058	4.557126E-8	1
107.480769	4.557371E-8	1
107.589326	4.556546E-8	1
107.699748	4.555702E-8	1
107.80922	4.555573E-8	1
107.917941	4.555934E-8	1
108.027607	4.555057E-8	1
108.135885	4.55574E-8	1
108.243946	4.555309E-8	1
108.351892	4.554864E-8	1
108.460601	4.555006E-8	1
108.569708	4.553871E-8	1
108.679992	4.553968E-8	1
108.789045	4.553936E-8	1
108.897895	4.55342E-8	1
109.005446	4.553813E-8	1
109.113558	4.552505E-8	1
109.22205	4.552962E-8	1
109.332521	4.55244E-8	1
109.441653	4.552369E-8	1
109.549968	4.552653E-8	1
109.660985	4.551248E-8	1
109.768154	4.552144E-8	1
109.878433	4.551667E-8	1
109.986622	4.551228E-8	1
110.096274	4.550622E-8	1
110.206056	4.552343E-8	1
110.314361	4.551099E-8	1
110.423323	4.550493E-8	1
110.533466	4.549842E-8	1
110.640887	4.550307E-8	1
110.750304	4.550165E-8	1
110.859586	4.549546E-8	1
110.967629	4.549456E-8	1
111.076493	4.548869E-8	1
111.184861	4.54747E-8	1
111.293961	4.549365E-8	1
111.401438	4.548592E-8	1
111.510773	4.547992E-8	1
111.618006	4.548005E-8	1
111.727641	4.547174E-8	1
111.836636	4.547625E-8	1
111.944118	4.546871E-8	1
112.05462	4.546484E-8	1
112.163123	4.546735E-8	1
112.271752	4.545827E-8	1
112.379972	4.546155E-8	1
112.489757	4.546104E-8	1
112.59932	4.545511E-8	1
112.707028	4.546091E-8	1
112.816645	4.545292E-8	1
112.926322	4.545717E-8	1
113.036749	4.546188E-8	1
113.144387	4.545298E-8	1
113.252434	4.546039E-8	1
113.362335	4.54406E-8	1
113.472159	4.544808E-8	1
113.58014	4.544518E-8	1
113.688597	4.54524E-8	1
113.796653	4.543873E-8	1
113.90648	4.543738E-8	1
114.016384	4.544879E-8	1
114.124447	4.544267E-8	1
114.233114	4.543377E-8	1
114.341778	4.542965E-8	1
114.449918	4.542365E-8	1
114.559042	4.542094E-8	1
114.667097	4.541366E-8	1
114.77545	4.541076E-8	1
114.884739	4.541398E-8	1
114.994079	4.541243E-8	1
115.102714	4.541766E-8	1
115.211012	4.540812E-8	1
115.319006	4.54172E-8	1
115.428665	4.540928E-8	1
115.538795	4.541011E-8	1
115.648526	4.540373E-8	1
115.756182	4.540592E-8	1
115.870361	4.540335E-8	1
115.979077	4.540328E-8	1
116.088163	4.53987E-8	1
116.19779	4.539323E-8	1
116.305541	4.53891E-8	1
116.415112	4.539297E-8	1
116.523261	4.538626E-8	1
116.631388	4.538059E-8	1
116.740082	4.53853E-8	1
116.849411	4.538594E-8	1
116.957142	4.537434E-8	1
117.065645	4.538485E-8	1
117.175352	4.537582E-8	1
117.284104	4.537324E-8	1
117.392629	4.536789E-8	1
117.501202	4.536828E-8	1
117.609105	4.535242E-8	1
117.716817	4.536016E-8	1
117.825527	4.536402E-8	1
117.93324	4.536106E-8	1
118.040954	4.536054E-8	1
118.149014	4.536577E-8	1
118.257695	4.536673E-8	1
118.366718	4.5353E-8	1
118.475102	4.534507E-8	1
118.584395	4.53539E-8	1
118.692381	4.534926E-8	1
118.801395	4.533598E-8	1
118.91044	4.534301E-8	1
119.018854	4.53394E-8	1
119.127174	4.533605E-8	1
119.234068	4.534043E-8	1
119.344067	4.534011E-8	1
119.453086	4.533457E-8	1
119.561073	4.533295E-8	1
119.668639	4.533985E-8	1
119.778872	4.533566E-8	1
119.888429	4.532806E-8	1
119.995677	4.533392E-8	1
120.103274	4.532458E-8	1
120.212207	4.532754E-8	1
120.321301	4.531742E-8	1
120.432406	4.531375E-8	1
120.541765	4.531033E-8	1
120.650871	4.531819E-8	1
120.759073	4.531136E-8	1
120.866716	4.531942E-8	1
120.976296	4.531291E-8	1
121.08436	4.530833E-8	1
121.193421	4.530279E-8	1
121.304125	4.530027E-8	1
121.413378	4.529821E-8	1
121.521834	4.529815E-8	1
121.629825	4.530208E-8	1
121.738566	4.52984E-8	1
121.847601	4.529048E-8	1
121.956141	4.529363E-8	1
122.066876	4.528467E-8	1
122.17495	4.528932E-8	1
122.284056	4.529151E-8	1
122.392249	4.529473E-8	1
122.50021	4.528255E-8	1
122.609714	4.527584E-8	1
122.719433	4.527262E-8	1
122.828616	4.527965E-8	1
122.937325	4.528725E-8	1
123.046735	4.528693E-8	1
123.15705	4.526933E-8	1
123.266614	4.527146E-8	1
123.375492	4.526534E-8	1
123.484853	4.526102E-8	1
123.594198	4.526688E-8	1
123.702113	4.527326E-8	1
123.811195	4.526244E-8	1
123.920868	4.526966E-8	1
124.030171	4.525953E-8	1
124.13776	4.525464E-8	1
124.247685	4.525812E-8	1
124.356885	4.526147E-8	1
124.466959	4.52538E-8	1
124.576751	4.525135E-8	1
124.685055	4.525386E-8	1
124.792997	4.524613E-8	1
124.900887	4.524941E-8	1
125.010074	4.524445E-8	1
125.119143	4.524735E-8	1
125.226868	4.52422E-8	1
125.336817	4.523968E-8	1
125.445106	4.523033E-8	1
125.553886	4.5244E-8	1
125.664124	4.522531E-8	1
125.77199	4.523046E-8	1
125.880766	4.522382E-8	1
125.989952	4.522937E-8	1
126.097795	4.521448E-8	1
126.206763	4.521931E-8	1
126.315654	4.521951E-8	1
126.424712	4.521822E-8	1
126.533023	4.521042E-8	1
126.641356	4.521357E-8	1
126.749477	4.521087E-8	1
126.859112	4.52139E-8	1
126.96754	4.520365E-8	1
127.078537	4.521164E-8	1
127.196224	4.520371E-8	1
127.304935	4.519868E-8	1
127.412647	4.519926E-8	1
127.522354	4.519843E-8	1
127.628214	4.51992E-8	1
127.735959	4.518766E-8	1
127.84481	4.519682E-8	1
127.952523	4.518908E-8	1
128.060236	4.517793E-8	1
128.166951	4.518528E-8	1
128.275887	4.517535E-8	1
128.385681	4.518611E-8	1
128.493691	4.516723E-8	1
128.604815	4.517767E-8	1
128.711533	4.517071E-8	1
128.82024	4.516413E-8	1
128.929311	4.51651E-8	1
129.037787	4.516903E-8	1
129.145729	4.516691E-8	1
129.254305	4.516426E-8	1
129.364353	4.515865E-8	1
129.471069	4.515691E-8	1
129.579671	4.516156E-8	1
129.690897	4.515924E-8	1
129.799525	4.515569E-8	1
129.909154	4.514841E-8	1
130.018596	4.514944E-8	1
130.126758	4.514834E-8	1
130.233521	4.514924E-8	1
130.340334	4.514963E-8	1
130.449162	4.514525E-8	1
130.558016	4.513945E-8	1
130.667281	4.514531E-8	1
130.775812	4.513493E-8	1
130.88662	4.51397E-8	1
130.993755	4.513719E-8	1
131.102194	4.512784E-8	1
131.210459	4.512688E-8	1
131.319318	4.512952E-8	1
131.429094	4.513158E-8	1
131.538962	4.513635E-8	1
131.648314	4.512159E-8	1
131.758599	4.513203E-8	1
131.866563	4.512778E-8	1
131.974998	4.513068E-8	1
132.0844	4.512417E-8	1
132.193318	4.512114E-8	1
132.300489	4.511953E-8	1
132.410404	4.510728E-8	1
132.520344	4.511315E-8	1
132.628056	4.511063E-8	1
132.737418	4.51056E-8	1
132.847237	4.511798E-8	1
132.955418	4.510702E-8	1
133.066489	4.51018E-8	1
133.175622	4.510548E-8	1
133.286177	4.51049E-8	1
133.394073	4.510032E-8	1
133.503881	4.510554E-8	1
133.611363	4.510212E-8	1
133.721179	4.510393E-8	1
133.830218	4.510928E-8	1
133.938582	4.510554E-8	1
134.047855	4.509497E-8	1
134.157421	4.5098E-8	1
134.266917	4.508923E-8	1
134.374248	4.509336E-8	1
134.484782	4.508511E-8	1
134.593992	4.509542E-8	1
134.702992	4.508291E-8	1
134.812399	4.507692E-8	1
134.920977	4.507744E-8	1
135.028689	4.508246E-8	1
135.1374	4.508072E-8	1
135.251097	4.507885E-8	1
135.357018	4.507905E-8	1
135.465601	4.506648E-8	1
135.575554	4.506712E-8	1
135.684036	4.507563E-8	1
135.792964	4.506461E-8	1
135.902334	4.506022E-8	1
136.011413	4.505964E-8	1
136.120037	4.506042E-8	1
136.227799	4.505816E-8	1
136.337856	4.505707E-8	1
136.446853	4.505713E-8	1
136.557874	4.505133E-8	1
136.667604	4.505462E-8	1
136.776245	4.504624E-8	1
136.885944	4.505565E-8	1
136.993596	4.505455E-8	1
137.102631	4.503547E-8	1
137.211167	4.504843E-8	1
137.320859	4.504972E-8	1
137.429703	4.503934E-8	1
137.539348	4.504205E-8	1
137.647597	4.50434E-8	1
137.756862	4.503824E-8	1
137.86562	4.503334E-8	1
137.974581	4.504179E-8	1
138.084206	4.504263E-8	1
138.192564	4.503019E-8	1
138.302918	4.503302E-8	1
138.411875	4.503773E-8	1
138.519259	4.503676E-8	1
138.626576	4.502864E-8	1
138.735159	4.503947E-8	1
138.843606	4.503276E-8	1
138.952837	4.502941E-8	1
139.062533	4.503128E-8	1
139.172292	4.501852E-8	1
139.280658	4.50211E-8	1
139.391263	4.502445E-8	1
139.498958	4.501891E-8	1
139.607614	4.50113E-8	1
139.71835	4.501974E-8	1
139.826962	4.5018E-8	1
139.934605	4.500588E-8	1
140.042474	4.501974E-8	1
140.150548	4.500556E-8	1
140.259377	4.501227E-8	1
140.367685	4.501072E-8	1
140.475964	4.500498E-8	1
140.585687	4.500563E-8	1
140.692525	4.499428E-8	1
140.79999	4.500047E-8	1
140.908544	4.499641E-8	1
141.016433	4.498925E-8	1
141.125709	4.462241E-8	1
141.233204	4.492795E-8	1
141.342606	4.508891E-8	1
141.449798	4.510341E-8	1
141.557516	4.510058E-8	1
141.664881	4.509942E-8	1
141.774339	4.509445E-8	1
141.883032	4.509922E-8	1
141.99104	4.508627E-8	1
142.100207	4.508485E-8	1
142.208414	4.508781E-8	1
142.316991	4.508014E-8	1
142.424957	4.508446E-8	1
142.534802	4.508878E-8	1
142.642499	4.508072E-8	1
142.750138	4.507963E-8	1
142.858346	4.507202E-8	1
142.966692	4.507686E-8	1
143.075149	4.507628E-8	1
143.184264	4.507428E-8	1
143.293693	4.506725E-8	1
143.401598	4.506738E-8	1
143.510609	4.506429E-8	1
143.618862	4.50608E-8	1
143.727856	4.505906E-8	1
143.836514	4.50512E-8	1
143.946243	4.505842E-8	1
144.053631	4.504334E-8	1
144.161766	4.504437E-8	1
144.269873	4.504011E-8	1
144.377575	4.503695E-8	1
144.486922	4.502857E-8	1
144.594009	4.503515E-8	1
144.702314	4.502374E-8	1
144.810679	4.502986E-8	1
144.918317	4.503186E-8	1
145.026351	4.502825E-8	1
145.134259	4.502264E-8	1
145.242356	4.503167E-8	1
145.351283	4.502896E-8	1
145.45946	4.501613E-8	1
145.568575	4.502013E-8	1
145.677286	4.502574E-8	1
145.785189	4.502032E-8	1
145.894017	4.501291E-8	1
146.000104	4.501742E-8	1
146.107955	4.501098E-8	1
146.215804	4.501181E-8	1
146.323757	4.501214E-8	1
146.431682	4.50053E-8	1
146.540128	4.500827E-8	1
146.647853	4.500524E-8	1
146.757534	4.499499E-8	1
146.866944	4.500634E-8	1
146.975633	4.499725E-8	1
147.085824	4.49968E-8	1
147.193774	4.499209E-8	1
147.301794	4.499692E-8	1
147.410369	4.499254E-8	1
147.518086	4.498365E-8	1
147.625581	4.498829E-8	1
147.734037	4.499344E-8	1
147.842974	4.498481E-8	1
147.950233	4.49861E-8	1
148.058326	4.498919E-8	1
148.16609	4.498513E-8	1
148.273858	4.497933E-8	1
148.3815	4.497875E-8	1
148.490682	4.498442E-8	1
148.599979	4.498165E-8	1
148.708652	4.497617E-8	1
148.817904	4.497011E-8	1
148.926324	4.497127E-8	1
149.033777	4.497784E-8	1
149.141489	4.49714E-8	1
149.249787	4.496953E-8	1
149.359587	4.497275E-8	1
149.468539	4.497121E-8	1
149.579655	4.496818E-8	1
149.688607	4.497507E-8	1
149.794909	4.497024E-8	1
149.902655	4.49734E-8	1
150.011413	4.495683E-8	1
150.119366	4.496888E-8	1
150.229254	4.496257E-8	1
150.336103	4.496837E-8	1
150.446343	4.497024E-8	1
150.555575	4.496747E-8	1
150.664264	4.496179E-8	1
150.772785	4.49587E-8	1
150.879951	4.495934E-8	1
150.988374	4.496115E-8	1
151.096977	4.496399E-8	1
151.206032	4.49665E-8	1
151.314998	4.495947E-8	1
151.423531	4.495509E-8	1
151.532272	4.494832E-8	1
151.641277	4.49442E-8	1
151.749381	4.496096E-8	1
151.857987	4.493814E-8	1
151.966542	4.494961E-8	1
152.074876	4.494645E-8	1
152.182584	4.494761E-8	1
152.291244	4.494181E-8	1
152.400542	4.495735E-8	1
152.50873	4.494375E-8	1
152.61612	4.494555E-8	1
152.725782	4.493865E-8	1
152.834323	4.493833E-8	1
152.943243	4.494478E-8	1
153.050185	4.493272E-8	1
153.15819	4.493176E-8	1
153.267235	4.492557E-8	1
153.37522	4.492196E-8	1
153.484676	4.492338E-8	1
153.594405	4.492396E-8	1
153.701913	4.493021E-8	1
153.809399	4.492956E-8	1
153.917826	4.492879E-8	1
154.025744	4.492434E-8	1
154.13518	4.492325E-8	1
154.243363	4.491474E-8	1
154.351634	4.491629E-8	1
154.460588	4.491706E-8	1
154.570216	4.490997E-8	1
154.678329	4.489965E-8	1
154.786327	4.489862E-8	1
154.894349	4.490552E-8	1
155.002383	4.491139E-8	1
155.11081	4.490558E-8	1
155.217762	4.491139E-8	1
155.327021	4.490243E-8	1
155.436589	4.48943E-8	1
155.544525	4.489959E-8	1
155.653471	4.490526E-8	1
155.761438	4.489405E-8	1
155.869723	4.489882E-8	1
155.977836	4.48925E-8	1
156.087692	4.489862E-8	1
156.195334	4.488953E-8	1
156.302588	4.489121E-8	1
156.411117	4.488592E-8	1
156.519209	4.489037E-8	1
156.626495	4.48867E-8	1
156.733565	4.488631E-8	1
156.841681	4.488766E-8	1
156.950247	4.488908E-8	1
157.059449	4.488953E-8	1
157.16782	4.488702E-8	1
157.276114	4.487961E-8	1
157.383476	4.48807E-8	1
157.49121	4.487851E-8	1
157.598008	4.487574E-8	1
157.707056	4.487916E-8	1
157.814411	4.48838E-8	1
157.922227	4.487761E-8	1
158.029297	4.487825E-8	1
158.138786	4.48711E-8	1
158.247754	4.487935E-8	1
158.35544	4.486781E-8	1
158.461953	4.486452E-8	1
158.570013	4.487207E-8	1
158.677846	4.48751E-8	1
158.787045	4.486633E-8	1
158.89559	4.486626E-8	1
159.004356	4.487619E-8	1
159.113238	4.486394E-8	1
159.221157	4.485846E-8	1
159.330388	4.486156E-8	1
159.438052	4.486388E-8	1
159.546154	4.486201E-8	1
159.654746	4.486401E-8	1
159.762767	4.48584E-8	1
159.871758	4.486272E-8	1
159.97945	4.485627E-8	1
160.087079	4.485498E-8	1
160.19645	4.485453E-8	1
160.304164	4.485763E-8	1
160.412956	4.485221E-8	1
160.520458	4.485705E-8	1
160.627948	4.485647E-8	1
160.735003	4.485498E-8	1
160.844445	4.484602E-8	1
160.951501	4.484847E-8	1
161.060794	4.484989E-8	1
161.168081	4.484589E-8	1
161.276324	4.484738E-8	1
161.384092	4.484815E-8	1
161.491805	4.483784E-8	1
161.599517	4.484048E-8	1
161.708228	4.484944E-8	1
161.815945	4.485073E-8	1
161.924465	4.48381E-8	1
162.032169	4.483494E-8	1
162.141906	4.484544E-8	1
162.249818	4.482469E-8	1
162.35752	4.482791E-8	1
162.465233	4.482437E-8	1
162.571474	4.484673E-8	1
162.680644	4.48292E-8	1
162.788637	4.482372E-8	1
162.899354	4.482617E-8	1
163.008083	4.482056E-8	1
163.115727	4.481631E-8	1
163.225435	4.48303E-8	1
163.33215	4.482037E-8	1
163.440461	4.481122E-8	1
163.548476	4.48185E-8	1
163.65664	4.481592E-8	1
163.765471	4.481102E-8	1
163.873409	4.480761E-8	1
163.980305	4.481502E-8	1
164.088015	4.480793E-8	1
164.196456	4.47989E-8	1
164.304865	4.480632E-8	1
164.413417	4.480361E-8	1
164.521932	4.480851E-8	1
164.629281	4.47971E-8	1
164.738368	4.480728E-8	1
164.845098	4.47991E-8	1
164.953193	4.479678E-8	1
165.060525	4.479155E-8	1
165.170033	4.478627E-8	1
165.279505	4.478795E-8	1
165.386629	4.479897E-8	1
165.494713	4.478466E-8	1
165.604799	4.478105E-8	1
165.712634	4.479368E-8	1
165.820453	4.477866E-8	1
165.928325	4.478324E-8	1
166.037744	4.478853E-8	1
166.145891	4.478691E-8	1
166.254224	4.477666E-8	1
166.363301	4.478595E-8	1
166.471528	4.477538E-8	1
166.580552	4.478176E-8	1
166.688372	4.478073E-8	1
166.797117	4.477376E-8	1
166.904718	4.476945E-8	1
167.012567	4.477273E-8	1
167.120442	4.4767E-8	1
167.228037	4.477254E-8	1
167.337118	4.477093E-8	1
167.446157	4.478221E-8	1
167.554172	4.47659E-8	1
167.661581	4.477003E-8	1
167.769872	4.476919E-8	1
167.876781	4.476867E-8	1
167.986032	4.476661E-8	1
168.094673	4.476693E-8	1
168.20282	4.475726E-8	1
168.310467	4.475694E-8	1
168.418006	4.476268E-8	1
168.52574	4.476493E-8	1
168.633557	4.475958E-8	1
168.74127	4.476526E-8	1
168.848133	4.476635E-8	1
168.956835	4.475945E-8	1
169.065233	4.475455E-8	1
169.174209	4.4759E-8	1
169.281903	4.475894E-8	1
169.390746	4.476042E-8	1
169.498913	4.47512E-8	1
169.605769	4.474682E-8	1
169.714708	4.474701E-8	1
169.822163	4.474321E-8	1
169.930889	4.474276E-8	1
170.040075	4.474308E-8	1
170.147781	4.474141E-8	1
170.25553	4.47445E-8	1
170.362833	4.474534E-8	1
170.470701	4.474456E-8	1
170.579543	4.473992E-8	1
170.687602	4.47494E-8	1
170.79715	4.474476E-8	1
170.904989	4.475069E-8	1
171.013533	4.474173E-8	1
171.125177	4.475133E-8	1
171.232989	4.474708E-8	1
171.340808	4.474315E-8	1
171.449772	4.473792E-8	1
171.558564	4.474089E-8	1
171.667002	4.473464E-8	1
171.774558	4.473058E-8	1
171.883569	4.47327E-8	1
171.992685	4.473618E-8	1
172.101184	4.472948E-8	1
172.210283	4.472284E-8	1
172.317163	4.472458E-8	1
172.426333	4.472574E-8	1
172.533615	4.472909E-8	1
172.641076	4.473038E-8	1
172.749287	4.4724E-8	1
172.85878	4.471072E-8	1
172.966693	4.472368E-8	1
173.076212	4.471446E-8	1
173.185315	4.472471E-8	1
173.296291	4.471343E-8	1
173.405177	4.469287E-8	1
173.51217	4.469931E-8	1
173.621292	4.470943E-8	1
173.730979	4.470563E-8	1
173.839909	4.470692E-8	1
173.948032	4.414521E-8	1
174.056993	4.467437E-8	1
174.166053	4.471356E-8	1
174.275063	4.472658E-8	1
174.382872	4.472226E-8	1
174.489602	4.471453E-8	1
174.598184	4.472026E-8	1
174.706064	4.471588E-8	1
174.814623	4.47122E-8	1
174.923018	4.470859E-8	1
175.031949	4.470969E-8	1
175.140852	4.470898E-8	1
175.249581	4.470814E-8	1
175.358202	4.470228E-8	1
175.467679	4.470827E-8	1
175.576284	4.470073E-8	1
175.684764	4.470041E-8	1
175.792647	4.470711E-8	1
175.900283	4.47075E-8	1
176.008197	4.470015E-8	1
176.116195	4.470731E-8	1
176.223799	4.469441E-8	1
176.332591	4.469673E-8	1
176.441525	4.469918E-8	1
176.549596	4.469667E-8	1
176.658204	4.469951E-8	1
176.765129	4.469248E-8	1
176.874513	4.46948E-8	1
176.983848	4.469525E-8	1
177.091964	4.469428E-8	1
177.201555	4.469551E-8	1
177.309597	4.470067E-8	1
177.41804	4.468687E-8	1
177.527202	4.468964E-8	1
177.637104	4.469358E-8	1
177.745228	4.4693E-8	1
177.853016	4.469615E-8	1
177.960135	4.468281E-8	1
178.068994	4.469067E-8	1
178.177213	4.468681E-8	1
178.284587	4.468545E-8	1
178.392157	4.468075E-8	1
178.50158	4.469003E-8	1
178.608692	4.468294E-8	1
178.717822	4.468049E-8	1
178.825669	4.468365E-8	1
178.934451	4.467546E-8	1
179.042565	4.468191E-8	1
179.15041	4.468017E-8	1
179.259197	4.46772E-8	1
179.368805	4.467849E-8	1
179.477228	4.467185E-8	1
179.587229	4.468616E-8	1
179.6961	4.467862E-8	1
179.805135	4.467662E-8	1
179.912479	4.467469E-8	1
180.022065	4.466844E-8	1
180.12941	4.467005E-8	1
180.238237	4.467334E-8	1
180.346902	4.466637E-8	1
180.454433	4.466541E-8	1
180.561396	4.467056E-8	1
180.669635	4.467939E-8	1
180.777239	4.466811E-8	1
180.886605	4.465806E-8	1
180.994749	4.4656E-8	1
181.102338	4.46569E-8	1
181.209644	4.465271E-8	1
181.317024	4.464491E-8	1
181.424232	4.464768E-8	1
181.53191	4.464136E-8	1
181.640518	4.464581E-8	1
181.748191	4.464691E-8	1
181.856318	4.464001E-8	1
181.964913	4.463859E-8	1
182.0723	4.46462E-8	1
182.179163	4.464227E-8	1
182.288067	4.464658E-8	1
182.3969	4.464813E-8	1
182.505054	4.463878E-8	1
182.61368	4.464181E-8	1
182.720949	4.463298E-8	1
182.828172	4.463208E-8	1
182.93561	4.463337E-8	1
183.044922	4.462821E-8	1
183.153547	4.462254E-8	1
183.260924	4.462196E-8	1
183.367793	4.462254E-8	1
183.475893	4.461261E-8	1
183.582902	4.460984E-8	1
183.690575	4.461822E-8	1
183.798235	4.461945E-8	1
183.908391	4.462609E-8	1
184.016655	4.461803E-8	1
184.12593	4.461951E-8	1
184.233831	4.461655E-8	1
184.3422	4.461603E-8	1
184.450224	4.460411E-8	1
184.558682	4.462009E-8	1
184.667271	4.460836E-8	1
184.77596	4.461397E-8	1
184.88494	4.460391E-8	1
184.994003	4.461184E-8	1
185.103343	4.460572E-8	1
185.212307	4.460958E-8	1
185.320442	4.461384E-8	1
185.43035	4.46112E-8	1
185.538735	4.460043E-8	1
185.646994	4.460372E-8	1
185.756082	4.459521E-8	1
185.865039	4.460056E-8	1
185.973948	4.459701E-8	1
186.083348	4.460172E-8	1
186.192392	4.45905E-8	1
186.302131	4.459701E-8	1
186.411335	4.460011E-8	1
186.519699	4.460578E-8	1
186.627685	4.460475E-8	1
186.736582	4.459598E-8	1
186.844552	4.459605E-8	1
186.952705	4.459347E-8	1
187.06067	4.459579E-8	1
187.169046	4.459605E-8	1
187.278141	4.459779E-8	1
187.384927	4.459018E-8	1
187.492579	4.459089E-8	1
187.601562	4.45887E-8	1
187.709279	4.459102E-8	1
187.818167	4.45954E-8	1
187.926742	4.458535E-8	1
188.035885	4.458651E-8	1
188.143282	4.458689E-8	1
188.252203	4.457548E-8	1
188.361106	4.458322E-8	1
188.46883	4.458561E-8	1
188.576699	4.459721E-8	1
188.685616	4.458515E-8	1
188.795	4.458741E-8	1
188.903051	4.458444E-8	1
189.011588	4.458651E-8	1
189.119687	4.458528E-8	1
189.227632	4.457445E-8	1
189.335829	4.458973E-8	1
189.444984	4.458509E-8	1
189.553649	4.458444E-8	1
189.661972	4.457291E-8	1
189.770079	4.457903E-8	1
189.880003	4.457639E-8	1
189.988707	4.457806E-8	1
190.097319	4.457297E-8	1
190.205156	4.456775E-8	1
190.312533	4.457781E-8	1
190.422057	4.45742E-8	1
190.534601	4.45604E-8	1
190.645094	4.456794E-8	1
190.752624	4.457329E-8	1
190.86145	4.456208E-8	1
190.96904	4.455002E-8	1
191.076688	4.455486E-8	1
191.186378	4.455299E-8	1
191.294084	4.456317E-8	1
191.401194	4.455499E-8	1
191.510369	4.455769E-8	1
191.618759	4.454983E-8	1
191.727335	4.45595E-8	1
191.834956	4.455789E-8	1
191.943052	4.455067E-8	1
192.05047	4.455698E-8	1
192.157338	4.454912E-8	1
192.264402	4.456324E-8	1
192.373731	4.454996E-8	1
192.483069	4.454777E-8	1
192.590911	4.453829E-8	1
192.698345	4.454577E-8	1
192.806665	4.454802E-8	1
192.914543	4.454383E-8	1
193.02391	4.454119E-8	1
193.131903	4.453848E-8	1
193.239079	4.454822E-8	1
193.35241	4.454616E-8	1
193.460492	4.45479E-8	1
193.569725	4.454899E-8	1
193.677661	4.454661E-8	1
193.786104	4.454358E-8	1
193.894886	4.453062E-8	1
194.004459	4.453823E-8	1
194.111176	4.45399E-8	1
194.218888	4.45439E-8	1
194.328097	4.454132E-8	1
194.436137	4.4543E-8	1
194.544023	4.454093E-8	1
194.653249	4.453339E-8	1
194.760577	4.45372E-8	1
194.869576	4.454506E-8	1
194.978071	4.453165E-8	1
195.087502	4.45321E-8	1
195.195769	4.453056E-8	1
195.303756	4.454461E-8	1
195.412861	4.452044E-8	1
195.521854	4.453668E-8	1
195.63092	4.452927E-8	1
195.73876	4.451779E-8	1
195.84837	4.453223E-8	1
195.956887	4.45294E-8	1
196.064287	4.453307E-8	1
196.173161	4.453165E-8	1
196.281346	4.453629E-8	1
196.389183	4.45312E-8	1
196.497118	4.452998E-8	1
196.606102	4.451618E-8	1
196.714078	4.452559E-8	1
196.823899	4.452076E-8	1
196.932354	4.451889E-8	1
197.040432	4.452405E-8	1
197.14738	4.45127E-8	1
197.255303	4.452114E-8	1
197.363678	4.45274E-8	1
197.472379	4.453333E-8	1
197.580049	4.451212E-8	1
197.687387	4.452334E-8	1
197.795174	4.452037E-8	1
197.90312	4.451502E-8	1
198.011946	4.45165E-8	1
198.120324	4.451044E-8	1
198.22882	4.451431E-8	1
198.337974	4.450974E-8	1
198.448031	4.451766E-8	1
198.557393	4.396808E-8	1
198.664787	4.457684E-8	1
198.773021	4.461184E-8	1
198.882049	4.462003E-8	1
198.989496	4.46119E-8	1
199.098789	4.45916E-8	1
199.208792	4.45927E-8	1
199.31776	4.45927E-8	1
199.425925	4.458657E-8	1
199.53465	4.45945E-8	1
199.644442	4.457619E-8	1
199.752515	4.457555E-8	1
199.860159	4.457774E-8	1
199.96903	4.457858E-8	1
200.076093	4.458103E-8	1
200.183709	4.457729E-8	1
200.290966	4.458283E-8	1
200.398368	4.457974E-8	1
200.506891	4.457355E-8	1
200.614675	4.457381E-8	1
200.724702	4.457349E-8	1
200.831511	4.458006E-8	1
200.940343	4.456743E-8	1
201.0482	4.457278E-8	1
201.156326	4.456143E-8	1
201.265043	4.456994E-8	1
201.374012	4.457213E-8	1
201.482412	4.457729E-8	1
201.591296	4.456762E-8	1
201.698442	4.45769E-8	1
201.806034	4.45693E-8	1
201.914602	4.455892E-8	1
202.023689	4.456201E-8	1
202.132758	4.456092E-8	1
202.239737	4.456137E-8	1
202.347424	4.456749E-8	1
202.456115	4.455383E-8	1
202.564047	4.454964E-8	1
202.671831	4.455189E-8	1
202.781174	4.455943E-8	1
202.88745	4.455325E-8	1
202.996564	4.456214E-8	1
203.106772	4.455808E-8	1
203.215631	4.455035E-8	1
203.323236	4.455305E-8	1
203.430959	4.454119E-8	1
203.540549	4.454442E-8	1
203.65001	4.455202E-8	1
203.758827	4.454003E-8	1
203.867468	4.453848E-8	1
203.976645	4.455312E-8	1
204.084863	4.455035E-8	1
204.193117	4.453945E-8	1
204.301943	4.454512E-8	1
204.409535	4.454583E-8	1
204.51709	4.45457E-8	1
204.625239	4.453204E-8	1
204.733877	4.454325E-8	1
204.842161	4.453681E-8	1
204.950122	4.453301E-8	1
205.059839	4.453629E-8	1
205.167093	4.452579E-8	1
205.274785	4.452688E-8	1
205.383213	4.452869E-8	1
205.490867	4.453204E-8	1
205.598645	4.452798E-8	1
205.706583	4.452405E-8	1
205.820289	4.452998E-8	1
205.92602	4.452727E-8	1
206.033799	4.452585E-8	1
206.14097	4.452379E-8	1
206.248906	4.452836E-8	1
206.355852	4.451947E-8	1
206.464651	4.451212E-8	1
206.571843	4.452579E-8	1
206.679375	4.451715E-8	1
206.786614	4.451915E-8	1
206.895207	4.452353E-8	1
207.003163	4.451747E-8	1
207.110767	4.450477E-8	1
207.218864	4.451128E-8	1
207.326826	4.451547E-8	1
207.436835	4.450928E-8	1
207.54479	4.451431E-8	1
207.653744	4.451302E-8	1
207.762839	4.451115E-8	1
207.869866	4.451547E-8	1
207.978242	4.450677E-8	1
208.08628	4.450774E-8	1
208.195498	4.450606E-8	1
208.302508	4.451728E-8	1
208.410658	4.450761E-8	1
208.518903	4.450245E-8	1
208.627831	4.451019E-8	1
208.735331	4.450007E-8	1
208.843547	4.451386E-8	1
208.951313	4.450445E-8	1
209.059004	4.450316E-8	1
209.166218	4.450858E-8	1
209.274709	4.45E-8	1
209.384174	4.450123E-8	1
209.492	4.449201E-8	1
209.600415	4.450058E-8	1
209.709478	4.450619E-8	1
209.817901	4.449762E-8	1
209.92646	4.449523E-8	1
210.034035	4.449787E-8	1
210.141578	4.449678E-8	1
210.248923	4.450323E-8	1
210.360163	4.449613E-8	1
210.468102	4.448904E-8	1
210.576975	4.448717E-8	1
210.684673	4.448563E-8	1
210.793138	4.44884E-8	1
210.901845	4.448885E-8	1
211.008589	4.448382E-8	1
211.117946	4.449781E-8	1
211.226037	4.44913E-8	1
211.334188	4.448737E-8	1
211.443186	4.448531E-8	1
211.552525	4.448208E-8	1
211.660409	4.449046E-8	1
211.768919	4.448163E-8	1
211.876981	4.448112E-8	1
211.984458	4.448298E-8	1
212.0925	4.446848E-8	1
212.199871	4.447815E-8	1
212.307511	4.447983E-8	1
212.415473	4.447937E-8	1
212.525165	4.447815E-8	1
212.633386	4.448176E-8	1
212.741042	4.448144E-8	1
212.849906	4.44699E-8	1
212.958965	4.447112E-8	1
213.067835	4.447609E-8	1
213.176203	4.447209E-8	1
213.284145	4.447183E-8	1
213.392365	4.44737E-8	1
213.499924	4.44688E-8	1
213.607522	4.4469E-8	1
213.71552	4.447615E-8	1
213.82411	4.447332E-8	1
213.932	4.446732E-8	1
214.040806	4.446442E-8	1
214.153511	4.446571E-8	1
214.260826	4.446764E-8	1
214.368365	4.447106E-8	1
214.477057	4.44572E-8	1
214.58593	4.446629E-8	1
214.693886	4.446474E-8	1
214.801865	4.446216E-8	1
214.909734	4.44534E-8	1
215.017491	4.445694E-8	1
215.126532	4.445578E-8	1
215.235398	4.44505E-8	1
215.343628	4.445817E-8	1
215.450699	4.446171E-8	1
215.559498	4.445881E-8	1
215.667513	4.445501E-8	1
215.778893	4.445191E-8	1
215.88536	4.445269E-8	1
215.993736	4.445346E-8	1
216.100772	4.44532E-8	1
216.210301	4.445037E-8	1
216.320652	4.445069E-8	1
216.427555	4.445288E-8	1
216.536594	4.444766E-8	1
216.645589	4.444656E-8	1
216.753412	4.444379E-8	1
216.862498	4.445243E-8	1
216.969627	4.444489E-8	1
217.078088	4.445565E-8	1
217.186493	4.445095E-8	1
217.294373	4.445017E-8	1
217.40302	4.444237E-8	1
217.511184	4.44398E-8	1
217.617974	4.443445E-8	1
217.725741	4.444012E-8	1
217.834518	4.444051E-8	1
217.941323	4.44427E-8	1
218.050656	4.44369E-8	1
218.158951	4.443864E-8	1
218.267968	4.443561E-8	1
218.375912	4.442478E-8	1
218.48574	4.441711E-8	1
218.593449	4.442484E-8	1
218.700887	4.442774E-8	1
218.808961	4.44231E-8	1
218.91841	4.442826E-8	1
219.025832	4.44193E-8	1
219.13361	4.442085E-8	1
219.242458	4.440956E-8	1
219.350386	4.44211E-8	1
219.459444	4.440989E-8	1
219.568275	4.441833E-8	1
219.675543	4.442046E-8	1
219.783914	4.441421E-8	1
219.891697	4.440409E-8	1
219.99897	4.441388E-8	1
220.107469	4.441537E-8	1
220.21497	4.441317E-8	1
220.323947	4.44075E-8	1
220.431938	4.44144E-8	1
220.53953	4.440402E-8	1
220.648598	4.440898E-8	1
220.755817	4.440434E-8	1
220.864302	4.440454E-8	1
220.972714	4.440847E-8	1
221.08121	4.440757E-8	1
221.188591	4.439487E-8	1
221.296698	4.440782E-8	1
221.405862	4.44046E-8	1
221.513624	4.439725E-8	1
221.622441	4.439745E-8	1
221.730499	4.439635E-8	1
221.837709	4.439738E-8	1
221.94486	4.440692E-8	1
222.052277	4.440183E-8	1
222.160892	4.440312E-8	1
222.269988	4.439796E-8	1
222.378597	4.439545E-8	1
222.485806	4.440409E-8	1
222.594515	4.439339E-8	1
222.702203	4.439113E-8	1
222.810381	4.439609E-8	1
222.918314	4.439177E-8	1
223.027185	4.438945E-8	1
223.13682	4.439261E-8	1
223.246147	4.438455E-8	1
223.353462	4.438114E-8	1
223.461457	4.438249E-8	1
223.569947	4.438385E-8	1
223.678999	4.438552E-8	1
223.787086	4.438011E-8	1
223.8969	4.438455E-8	1
224.00601	4.438623E-8	1
224.113137	4.437153E-8	1
224.222107	4.438417E-8	1
224.330346	4.438178E-8	1
224.438516	4.437721E-8	1
224.546452	4.437682E-8	1
224.65475	4.437314E-8	1
224.763854	4.438127E-8	1
224.872874	4.437779E-8	1
224.981136	4.43754E-8	1
225.088575	4.437063E-8	1
225.197627	4.437321E-8	1
225.306654	4.437334E-8	1
225.415301	4.437424E-8	1
225.523752	4.437553E-8	1
225.632232	4.43743E-8	1
225.740355	4.437592E-8	1
225.848711	4.437282E-8	1
225.957235	4.437495E-8	1
226.064406	4.437837E-8	1
226.174762	4.438127E-8	1
226.283597	4.437192E-8	1
226.393538	4.436728E-8	1
226.501484	4.437572E-8	1
226.609918	4.435909E-8	1
226.719075	4.43676E-8	1
226.8282	4.437231E-8	1
226.935991	4.436767E-8	1
227.04363	4.436464E-8	1
227.15177	4.436038E-8	1
227.261653	4.436696E-8	1
227.370538	4.43629E-8	1
227.477219	4.437321E-8	1
227.585189	4.436277E-8	1
227.693489	4.436399E-8	1
227.800955	4.436032E-8	1
227.909573	4.435819E-8	1
228.017648	4.435129E-8	1
228.12565	4.436186E-8	1
228.23412	4.435155E-8	1
228.34198	4.435284E-8	1
228.450666	4.433821E-8	1
228.558992	4.434672E-8	1
228.668659	4.434008E-8	1
228.776444	4.434549E-8	1
228.884655	4.434833E-8	1
228.992592	4.434549E-8	1
229.099881	4.43393E-8	1
229.207158	4.434085E-8	1
229.315365	4.435084E-8	1
229.42339	4.434085E-8	1
229.531687	4.434304E-8	1
229.638563	4.434968E-8	1
229.747665	4.43433E-8	1
229.855299	4.434117E-8	1
229.963479	4.434336E-8	1
230.071918	4.433808E-8	1
230.18004	4.43471E-8	1
230.288671	4.434697E-8	1
230.397336	4.434678E-8	1
230.506907	4.434227E-8	1
230.615417	4.434523E-8	1
230.72373	4.433054E-8	1
230.831632	4.434414E-8	1
230.940827	4.434562E-8	1
231.051532	4.43453E-8	1
231.159068	4.434137E-8	1
231.268477	4.433647E-8	1
231.376542	4.433363E-8	1
231.484213	4.434291E-8	1
231.592382	4.434169E-8	1
231.700393	4.434072E-8	1
231.808686	4.434137E-8	1
231.916927	4.433357E-8	1
232.025319	4.433531E-8	1
232.134079	4.433776E-8	1
232.242977	4.432474E-8	1
232.350915	4.433492E-8	1
232.458588	4.43248E-8	1
232.567619	4.432087E-8	1
232.6759	4.432789E-8	1
232.784206	4.433054E-8	1
232.893009	4.433518E-8	1
233.00089	4.432886E-8	1
233.110753	4.433415E-8	1
233.218625	4.43286E-8	1
233.327713	4.432512E-8	1
233.435357	4.43259E-8	1
233.542291	4.433498E-8	1
233.648615	4.433009E-8	1
233.758288	4.432693E-8	1
233.86724	4.432996E-8	1
233.975485	4.43277E-8	1
234.083404	4.432474E-8	1
234.192161	4.432931E-8	1
234.300223	4.433202E-8	1
234.406892	4.432751E-8	1
234.515379	4.432467E-8	1
234.623766	4.432151E-8	1
234.7316	4.432171E-8	1
234.840885	4.432338E-8	1
234.94872	4.432854E-8	1
235.057215	4.431842E-8	1
235.165231	4.432602E-8	1
235.273939	4.432609E-8	1
235.382349	4.432061E-8	1
235.491848	4.432428E-8	1
235.600616	4.432648E-8	1
235.708717	4.43208E-8	1
235.817165	4.432409E-8	1
235.926386	4.432009E-8	1
236.034042	4.43277E-8	1
236.142817	4.431184E-8	1
236.250619	4.431861E-8	1
236.358806	4.432248E-8	1
236.467056	4.430926E-8	1
236.576764	4.431004E-8	1
236.685802	4.431861E-8	1
236.795068	4.430914E-8	1
236.902992	4.431526E-8	1
237.012173	4.4315E-8	1
237.122955	4.430546E-8	1
237.23202	4.430404E-8	1
237.339045	4.431474E-8	1
237.448732	4.430404E-8	1
237.556486	4.430533E-8	1
237.663766	4.429831E-8	1
237.772503	4.429199E-8	1
237.880439	4.429244E-8	1
237.988681	4.429921E-8	1
238.097531	4.429205E-8	1
238.206155	4.429682E-8	1
238.314489	4.429573E-8	1
238.422793	4.429753E-8	1
238.531371	4.429205E-8	1
238.63956	4.429702E-8	1
238.747741	4.429876E-8	1
238.855766	4.429244E-8	1
238.965163	4.428387E-8	1
239.074622	4.429605E-8	1
239.182379	4.428045E-8	1
239.290963	4.428155E-8	1
239.398652	4.428703E-8	1
239.507328	4.428355E-8	1
239.616894	4.427794E-8	1
239.725404	4.427736E-8	1
239.834783	4.427936E-8	1
239.942558	4.428677E-8	1
240.049579	4.428638E-8	1
240.157753	4.427201E-8	1
240.266959	4.427626E-8	1
240.375668	4.427594E-8	1
240.485139	4.428064E-8	1
240.593247	4.426343E-8	1
240.701895	4.427665E-8	1
240.808661	4.427123E-8	1
240.916416	4.427207E-8	1
241.024269	4.426621E-8	1
241.132363	4.426214E-8	1
241.242084	4.426221E-8	1
241.35005	4.426865E-8	1
241.459195	4.426505E-8	1
241.56616	4.426672E-8	1
241.674531	4.425306E-8	1
241.783353	4.425841E-8	1
241.89213	4.426144E-8	1
242.000375	4.425821E-8	1
242.109379	4.425035E-8	1
242.217805	4.425905E-8	1
242.325539	4.425905E-8	1
242.433256	4.42488E-8	1
242.541433	4.426202E-8	1
242.650518	4.426427E-8	1
242.759168	4.425054E-8	1
242.866901	4.425415E-8	1
242.974164	4.425525E-8	1
243.081964	4.425576E-8	1
243.191146	4.424945E-8	1
243.301003	4.424996E-8	1
243.408573	4.425886E-8	1
243.521263	4.426324E-8	1
243.62875	4.371759E-8	1
243.736309	4.42936E-8	1
243.84507	4.433382E-8	1
243.954628	4.434349E-8	1
244.062913	4.433995E-8	1
244.170858	4.432312E-8	1
244.27902	4.432944E-8	1
244.387794	4.433292E-8	1
244.496333	4.432783E-8	1
244.606008	4.433995E-8	1
244.713758	4.432731E-8	1
244.822997	4.43248E-8	1
244.930514	4.432486E-8	1
245.037796	4.432067E-8	1
245.147171	4.432261E-8	1
245.256288	4.433092E-8	1
245.365591	4.432944E-8	1
245.474911	4.432493E-8	1
245.582639	4.432042E-8	1
245.689998	4.431842E-8	1
245.798407	4.432834E-8	1
245.907118	4.432235E-8	1
246.016516	4.43259E-8	1
246.12439	4.431571E-8	1
246.23418	4.43161E-8	1
246.34226	4.432248E-8	1
246.45154	4.431474E-8	1
246.560863	4.43208E-8	1
246.668473	4.432113E-8	1
246.776876	4.43083E-8	1
246.88453	4.43132E-8	1
246.993753	4.431023E-8	1
247.102066	4.43081E-8	1
247.210824	4.430636E-8	1
247.318275	4.430862E-8	1
247.427689	4.431945E-8	1
247.535782	4.430785E-8	1
247.643674	4.430088E-8	1
247.751729	4.43043E-8	1
247.858609	4.43054E-8	1
247.96706	4.431236E-8	1
248.074677	4.430727E-8	1
248.181761	4.430591E-8	1
248.292578	4.429721E-8	1
248.400601	4.430056E-8	1
248.508859	4.429547E-8	1
248.617009	4.429367E-8	1
248.725168	4.429309E-8	1
248.833755	4.430005E-8	1
248.942784	4.429579E-8	1
249.051602	4.429379E-8	1
249.159146	4.429218E-8	1
249.266957	4.429734E-8	1
249.37418	4.429947E-8	1
249.482956	4.42965E-8	1
249.592051	4.428922E-8	1
249.701029	4.429818E-8	1
249.807522	4.428574E-8	1
249.915776	4.429044E-8	1
250.024268	4.42887E-8	1
250.131519	4.428425E-8	1
250.240945	4.429489E-8	1
250.348578	4.429006E-8	1
250.457186	4.42809E-8	1
250.564847	4.429689E-8	1
250.67356	4.428941E-8	1
250.782854	4.42936E-8	1
250.890911	4.428193E-8	1
250.998848	4.428432E-8	1
251.108851	4.428593E-8	1
251.217817	4.428774E-8	1
251.326518	4.428342E-8	1
251.435193	4.42869E-8	1
251.543359	4.428187E-8	1
251.650595	4.428477E-8	1
251.758459	4.427678E-8	1
251.86633	4.428471E-8	1
251.974665	4.428129E-8	1
252.084436	4.428013E-8	1
252.19439	4.428284E-8	1
252.300991	4.427317E-8	1
252.409358	4.427691E-8	1
252.518374	4.427813E-8	1
252.626428	4.428052E-8	1
252.733692	4.427703E-8	1
252.842148	4.427736E-8	1
252.952185	4.426949E-8	1
253.059223	4.427336E-8	1
253.167871	4.428161E-8	1
253.27633	4.428213E-8	1
253.38444	4.427794E-8	1
253.493446	4.428535E-8	1
253.600961	4.4276E-8	1
253.708909	4.427046E-8	1
253.816653	4.427658E-8	1
253.925802	4.428071E-8	1
254.033662	4.427065E-8	1
254.140895	4.427491E-8	1
254.249799	4.427052E-8	1
254.357523	4.426633E-8	1
254.465606	4.427987E-8	1
254.574658	4.42733E-8	1
254.683744	4.427027E-8	1
254.793168	4.426511E-8	1
254.900584	4.427278E-8	1
255.00985	4.42693E-8	1
255.117886	4.426479E-8	1
255.226243	4.426904E-8	1
255.335217	4.426872E-8	1
255.444228	4.425628E-8	1
255.553183	4.425918E-8	1
255.660283	4.425357E-8	1
255.76789	4.426131E-8	1
255.878176	4.426356E-8	1
255.986907	4.426144E-8	1
256.095674	4.425725E-8	1
256.203793	4.426124E-8	1
256.311822	4.426337E-8	1
256.420289	4.425028E-8	1
256.52933	4.425422E-8	1
256.637474	4.425428E-8	1
256.745935	4.424725E-8	1
256.854798	4.424513E-8	1
256.963671	4.425447E-8	1
257.072899	4.423952E-8	1
257.181038	4.424771E-8	1
257.289677	4.424519E-8	1
257.397903	4.424119E-8	1
257.507185	4.423926E-8	1
257.615322	4.424236E-8	1
257.72373	4.424287E-8	1
257.833043	4.424029E-8	1
257.941486	4.423829E-8	1
258.047911	4.424629E-8	1
258.157913	4.424435E-8	1
258.265852	4.422837E-8	1
258.374529	4.4239E-8	1
258.482689	4.423784E-8	1
258.591289	4.42372E-8	1
258.699859	4.423739E-8	1
258.80892	4.423333E-8	1
258.916825	4.423378E-8	1
259.02446	4.423391E-8	1
259.13164	4.424023E-8	1
259.238582	4.422998E-8	1
259.347568	4.422985E-8	1
259.456135	4.422991E-8	1
259.564152	4.42285E-8	1
259.672045	4.423004E-8	1
259.780332	4.422643E-8	1
259.889475	4.423256E-8	1
259.996682	4.422985E-8	1
260.104617	4.422211E-8	1
260.214085	4.422437E-8	1
260.321325	4.42265E-8	1
260.427928	4.422624E-8	1
260.536494	4.423088E-8	1
260.64668	4.423056E-8	1
260.754856	4.421999E-8	1
260.864014	4.42109E-8	1
260.971491	4.422566E-8	1
261.079281	4.421915E-8	1
261.187054	4.421109E-8	1
261.295951	4.42265E-8	1
261.405791	4.421077E-8	1
261.514869	4.422031E-8	1
261.62423	4.421593E-8	1
261.732505	4.422566E-8	1
261.840791	4.421709E-8	1
261.948977	4.421921E-8	1
262.056379	4.422269E-8	1
262.164324	4.421193E-8	1
262.271165	4.421573E-8	1
262.379176	4.42225E-8	1
262.487973	4.421902E-8	1
262.596135	4.421483E-8	1
262.705243	4.4208E-8	1
262.814209	4.420877E-8	1
262.922079	4.421245E-8	1
263.030302	4.422308E-8	1
263.139585	4.422037E-8	1
263.247568	4.421103E-8	1
263.355751	4.420974E-8	1
263.463508	4.421058E-8	1
263.571531	4.421367E-8	1
263.679979	4.421071E-8	1
263.788507	4.421361E-8	1
263.897712	4.420703E-8	1
264.00424	4.421257E-8	1
264.114014	4.420967E-8	1
264.223202	4.42118E-8	1
264.330882	4.421296E-8	1
264.439354	4.420955E-8	1
264.547601	4.421941E-8	1
264.655937	4.421393E-8	1
264.764026	4.421071E-8	1
264.873275	4.420555E-8	1
264.982574	4.419897E-8	1
265.091144	4.421251E-8	1
265.198974	4.420761E-8	1
265.308486	4.42078E-8	1
265.418722	4.420033E-8	1
265.527995	4.420639E-8	1
265.635341	4.420478E-8	1
265.743048	4.420258E-8	1
265.85076	4.420497E-8	1
265.959017	4.420806E-8	1
266.067509	4.419723E-8	1
266.176143	4.419053E-8	1
266.284991	4.419588E-8	1
266.392509	4.419723E-8	1
266.500925	4.419208E-8	1
266.608898	4.419027E-8	1
266.718192	4.418273E-8	1
266.825143	4.419111E-8	1
266.934439	4.419221E-8	1
267.043914	4.419472E-8	1
267.151701	4.419272E-8	1
267.25892	4.419285E-8	1
267.366974	4.418827E-8	1
267.47369	4.417893E-8	1
267.58042	4.418782E-8	1
267.687993	4.418911E-8	1
267.796567	4.41817E-8	1
267.904562	4.418872E-8	1
268.013545	4.418737E-8	1
268.122297	4.418711E-8	1
268.230393	4.418673E-8	1
268.338845	4.41866E-8	1
268.446856	4.418731E-8	1
268.555791	4.418776E-8	1
268.663722	4.418769E-8	1
268.772279	4.418312E-8	1
268.881177	4.418337E-8	1
268.989417	4.418834E-8	1
269.098007	4.41768E-8	1
269.205754	4.418228E-8	1
269.314059	4.418976E-8	1
269.422408	4.418118E-8	1
269.530404	4.417628E-8	1
269.639018	4.418447E-8	1
269.746819	4.417957E-8	1
269.854537	4.417706E-8	1
269.963377	4.417918E-8	1
270.073143	4.417274E-8	1
270.182511	4.417938E-8	1
270.29009	4.417609E-8	1
270.400608	4.418125E-8	1
270.509303	4.417364E-8	1
270.618248	4.416365E-8	1
270.726552	4.417325E-8	1
270.834023	4.417325E-8	1
270.942732	4.417609E-8	1
271.050114	4.418247E-8	1
271.159415	4.417828E-8	1
271.268663	4.417319E-8	1
271.377388	4.416958E-8	1
271.485006	4.41719E-8	1
271.592347	4.416874E-8	1
271.700949	4.417603E-8	1
271.810173	4.416887E-8	1
271.918375	4.41681E-8	1
272.02637	4.416855E-8	1
272.133519	4.416971E-8	1
272.241714	4.416642E-8	1
272.350378	4.416874E-8	1
272.459049	4.416539E-8	1
272.567182	4.417042E-8	1
272.675865	4.415972E-8	1
272.785485	4.416823E-8	1
272.894457	4.418086E-8	1
273.002516	4.415933E-8	1
273.110228	4.416939E-8	1
273.219606	4.416036E-8	1
273.328043	4.415469E-8	1
273.438044	4.41612E-8	1
273.546554	4.416275E-8	1
273.656081	4.416088E-8	1
273.765162	4.416552E-8	1
273.874238	4.41632E-8	1
273.981948	4.416062E-8	1
274.089628	4.415501E-8	1
274.197582	4.416159E-8	1
274.307292	4.416565E-8	1
274.414926	4.41554E-8	1
274.522824	4.416913E-8	1
274.630208	4.415901E-8	1
274.738422	4.414579E-8	1
274.846197	4.414753E-8	1
274.953762	4.414567E-8	1
275.063392	4.414715E-8	1
275.171286	4.413857E-8	1
275.280256	4.41416E-8	1
275.389834	4.415037E-8	1
275.498064	4.414341E-8	1
275.606254	4.413645E-8	1
275.715292	4.413896E-8	1
275.825311	4.414605E-8	1
275.933855	4.412839E-8	1
276.042702	4.412452E-8	1
276.149799	4.41496E-8	1
276.258899	4.414392E-8	1
276.368068	4.413393E-8	1
276.477103	4.414019E-8	1
276.585666	4.413761E-8	1
276.695063	4.413E-8	1
276.801912	4.413039E-8	1
276.910271	4.41358E-8	1
277.01862	4.413174E-8	1
277.126775	4.41262E-8	1
277.23577	4.413645E-8	1
277.344275	4.412626E-8	1
277.453064	4.412252E-8	1
277.560823	4.41262E-8	1
277.670735	4.412317E-8	1
277.779679	4.412439E-8	1
277.887869	4.412136E-8	1
277.996558	4.412652E-8	1
278.105676	4.412517E-8	1
278.213879	4.412349E-8	1
278.322464	4.412433E-8	1
278.42939	4.411924E-8	1
278.53809	4.411053E-8	1
278.646223	4.411917E-8	1
278.755058	4.412678E-8	1
278.863466	4.411369E-8	1
278.970615	4.411743E-8	1
279.07851	4.412484E-8	1
279.187404	4.411801E-8	1
279.295595	4.411273E-8	1
279.403018	4.411518E-8	1
279.510836	4.412014E-8	1
279.619136	4.411679E-8	1
279.726593	4.410957E-8	1
279.834405	4.411853E-8	1
279.943802	4.411434E-8	1
280.051886	4.411885E-8	1
280.158102	4.411479E-8	1
280.268102	4.411447E-8	1
280.376321	4.41153E-8	1
280.483641	4.411195E-8	1
280.592263	4.411337E-8	1
280.70197	4.410596E-8	1
280.809661	4.411769E-8	1
280.917215	4.41124E-8	1
281.02675	4.411408E-8	1
281.134346	4.410802E-8	1
281.242847	4.410886E-8	1
281.351193	4.410602E-8	1
281.459503	4.411092E-8	1
281.567367	4.411518E-8	1
281.676119	4.411163E-8	1
281.783087	4.410686E-8	1
281.89187	4.410654E-8	1
281.999756	4.410699E-8	1
282.108121	4.410667E-8	1
282.215703	4.411369E-8	1
282.322549	4.410744E-8	1
282.430441	4.40988E-8	1
282.539512	4.410035E-8	1
282.648126	4.409848E-8	1
282.75681	4.409996E-8	1
282.866255	4.40968E-8	1
282.976173	4.410177E-8	1
283.083981	4.410273E-8	1
283.192914	4.399083E-8	1
283.302638	4.393623E-8	1
283.408998	4.418428E-8	1
283.517433	4.418969E-8	1
283.625669	4.41962E-8	1
283.733893	4.418756E-8	1
283.843071	4.418782E-8	1
283.952491	4.418486E-8	1
284.060352	4.418331E-8	1
284.168756	4.417848E-8	1
284.278159	4.418537E-8	1
284.385102	4.418402E-8	1
284.493233	4.416197E-8	1
284.60124	4.416906E-8	1
284.707969	4.4173E-8	1
284.816081	4.417654E-8	1
284.925404	4.416952E-8	1
285.033059	4.417557E-8	1
285.141465	4.416964E-8	1
285.248999	4.417132E-8	1
285.357894	4.416661E-8	1
285.467564	4.416507E-8	1
285.577959	4.416932E-8	1
285.685362	4.416429E-8	1
285.79675	4.416687E-8	1
285.903057	4.416603E-8	1
286.009885	4.416378E-8	1
286.119033	4.416932E-8	1
286.227755	4.416829E-8	1
286.336202	4.416958E-8	1
286.44494	4.416107E-8	1
286.553723	4.415991E-8	1
286.661286	4.415862E-8	1
286.769037	4.416281E-8	1
286.878163	4.415707E-8	1
286.985402	4.415727E-8	1
287.092912	4.416172E-8	1
287.201846	4.416739E-8	1
287.311831	4.415495E-8	1
287.422549	4.415836E-8	1
287.530341	4.415862E-8	1
287.638167	4.416223E-8	1
287.746505	4.416661E-8	1
287.855292	4.416075E-8	1
287.963744	4.415998E-8	1
288.072914	4.415443E-8	1
288.180975	4.416184E-8	1
288.288179	4.415733E-8	1
288.395951	4.415733E-8	1
288.506467	4.415127E-8	1
288.613642	4.415076E-8	1
288.722934	4.415823E-8	1
288.830091	4.415746E-8	1
288.939572	4.415166E-8	1
289.047743	4.415392E-8	1
289.156404	4.414734E-8	1
289.263817	4.415482E-8	1
289.370889	4.414998E-8	1
289.477899	4.415823E-8	1
289.585921	4.414586E-8	1
289.695254	4.415134E-8	1
289.80338	4.414792E-8	1
289.912359	4.415211E-8	1
290.019452	4.41456E-8	1
290.128263	4.415127E-8	1
290.236978	4.415295E-8	1
290.345204	4.415617E-8	1
290.453659	4.415617E-8	1
290.56246	4.415076E-8	1
290.671161	4.415346E-8	1
290.780835	4.414102E-8	1
290.888216	4.415005E-8	1
290.997271	4.414521E-8	1
291.106381	4.414882E-8	1
291.214345	4.414438E-8	1
291.323315	4.414631E-8	1
291.43132	4.414721E-8	1
291.539187	4.414051E-8	1
291.64736	4.414212E-8	1
291.756324	4.414889E-8	1
291.865686	4.413445E-8	1
291.972565	4.414438E-8	1
292.079857	4.414019E-8	1
292.188206	4.413374E-8	1
292.295993	4.413606E-8	1
292.404315	4.412749E-8	1
292.512329	4.412304E-8	1
292.620023	4.413542E-8	1
292.728212	4.413277E-8	1
292.835672	4.412426E-8	1
292.943309	4.412169E-8	1
293.052155	4.41331E-8	1
293.162379	4.412162E-8	1
293.269841	4.411537E-8	1
293.378221	4.411427E-8	1
293.485757	4.411511E-8	1
293.593893	4.411157E-8	1
293.700942	4.411608E-8	1
293.80996	4.411015E-8	1
293.918221	4.410776E-8	1
294.027065	4.41075E-8	1
294.135707	4.410983E-8	1
294.241688	4.411073E-8	1
294.350654	4.410744E-8	1
294.459097	4.411653E-8	1
294.567742	4.410576E-8	1
294.676797	4.410531E-8	1
294.784729	4.409861E-8	1
294.893415	4.411144E-8	1
295.000708	4.410847E-8	1
295.108235	4.410776E-8	1
295.217879	4.410454E-8	1
295.325346	4.410512E-8	1
295.434466	4.409358E-8	1
295.542369	4.410203E-8	1
295.649985	4.409558E-8	1
295.757945	4.409255E-8	1
295.866527	4.410222E-8	1
295.975673	4.410686E-8	1
296.084143	4.410802E-8	1
296.193362	4.409307E-8	1
296.301206	4.410654E-8	1
296.409143	4.409745E-8	1
296.517306	4.409668E-8	1
296.626701	4.409487E-8	1
296.734375	4.409603E-8	1
296.843279	4.410235E-8	1
296.951074	4.408875E-8	1
297.058988	4.409751E-8	1
297.167851	4.408565E-8	1
297.275834	4.409461E-8	1
297.384894	4.409435E-8	1
297.493761	4.408991E-8	1
297.60159	4.409268E-8	1
297.709648	4.409191E-8	1
297.817747	4.409171E-8	1
297.926731	4.408539E-8	1
298.034919	4.409423E-8	1
298.142672	4.409197E-8	1
298.250396	4.408855E-8	1
298.358262	4.408546E-8	1
298.467463	4.408224E-8	1
298.576549	4.408527E-8	1
298.684499	4.409513E-8	1
298.792123	4.408604E-8	1
298.899274	4.408958E-8	1
299.006043	4.408211E-8	1
299.114762	4.408191E-8	1
299.223588	4.408237E-8	1
299.330678	4.408668E-8	1
299.439944	4.408817E-8	1
299.548023	4.40832E-8	1
299.656234	4.408675E-8	1
299.763488	4.40843E-8	1
299.872063	4.409345E-8	1
299.979665	4.408159E-8	1
300.088301	1.622911E-8	1
300.196898	1.531567E-10	0
300.304846	1.570888E-10	0
300.414359	1.614721E-10	0
300.523686	1.525766E-10	0
300.632451	1.543814E-10	0
300.742931	1.568309E-10	0
300.849283	1.569598E-10	0
300.958031	1.539947E-10	0
301.066257	1.571532E-10	0
301.174224	1.55864E-10	0
301.283937	1.573466E-10	0
301.394125	1.584424E-10	0
301.502113	1.552194E-10	0
301.609678	1.587647E-10	0
301.718869	1.541881E-10	0
301.828313	1.564442E-10	0
301.937034	1.548971E-10	0
302.045195	1.577978E-10	0
302.154407	1.578623E-10	0
302.263369	1.580557E-10	0
302.372736	1.582491E-10	0
302.479873	1.55864E-10	0
302.5893	1.555417E-10	0
302.696272	1.539947E-10	0
302.802674	1.564442E-10	0
302.909997	1.568309E-10	0
303.018592	1.548971E-10	0
303.126514	1.532856E-10	0
303.234449	1.565731E-10	0
303.343788	1.516097E-10	0
303.452499	1.570243E-10	0
303.560701	1.547037E-10	0
303.670003	1.540591E-10	0
303.777308	1.547682E-10	0
303.885251	1.537368E-10	0
303.993968	1.545748E-10	0
304.101634	1.542525E-10	0
304.21062	1.553483E-10	0
304.319015	1.583135E-10	0
304.427104	1.552839E-10	0
304.536422	1.556062E-10	0
304.644573	1.547037E-10	0
304.753395	1.512874E-10	0
304.862476	1.538658E-10	0
304.970645	1.541881E-10	0
305.079949	1.539947E-10	0
305.189325	1.539302E-10	0
305.297836	1.512874E-10	0
305.405826	1.537368E-10	0
305.514084	1.523187E-10	0
305.622407	1.530922E-10	0
305.731067	1.541236E-10	0
305.83928	1.568954E-10	0
305.947555	1.565731E-10	0
306.056005	1.559285E-10	0
306.164876	1.545748E-10	0
306.272902	1.552839E-10	0
306.381284	1.538013E-10	0
306.489856	1.560574E-10	0
306.598906	1.535435E-10	0
306.705622	1.552839E-10	0
306.813581	1.566375E-10	0
306.922157	1.568954E-10	0
307.030033	1.572177E-10	0
307.139362	1.559285E-10	0
307.245934	1.554128E-10	0
307.352983	1.559929E-10	0
307.462481	1.561219E-10	0
307.57075	1.54317E-10	0
307.678344	1.573466E-10	0
307.788604	1.563152E-10	0
307.8955	1.567665E-10	0
308.002605	1.568309E-10	0
308.110086	1.537368E-10	0
308.218997	1.542525E-10	0
308.326901	1.545748E-10	0
308.434745	1.576045E-10	0
308.542356	1.545104E-10	0
308.649314	1.559929E-10	0
308.758356	1.561863E-10	0
308.866073	1.532856E-10	0
308.974055	1.567665E-10	0
309.080184	1.539302E-10	0
309.187566	1.581201E-10	0
309.296053	1.579268E-10	0
309.40418	1.568309E-10	0
309.511938	1.562508E-10	0
309.61905	1.542525E-10	0
309.726889	1.54317E-10	0
309.834117	1.55026E-10	0
309.943072	1.554773E-10	0
310.05012	1.568309E-10	0
310.158399	1.571532E-10	0
310.266274	1.543814E-10	0
310.374239	1.540591E-10	0
310.482397	1.548971E-10	0
310.589619	1.55155E-10	0
310.699796	1.538013E-10	0
310.806815	1.562508E-10	0
310.914436	1.554128E-10	0
311.022734	1.547037E-10	0
311.131902	1.580557E-10	0
311.240333	1.562508E-10	0
311.34864	1.55026E-10	0
311.456666	1.518675E-10	0
311.564958	1.565731E-10	0
311.67251	1.536724E-10	0
311.780592	1.538658E-10	0
311.890864	1.563152E-10	0
311.998072	1.559929E-10	0
312.106765	1.559929E-10	0
312.215484	1.536724E-10	0
312.323417	1.556706E-10	0
312.433598	1.537368E-10	0
312.540958	1.542525E-10	0
312.650463	1.552194E-10	0
312.759288	1.55155E-10	0
312.868283	1.532856E-10	0
312.975895	1.540591E-10	0
313.084048	1.547037E-10	0
313.191835	1.525766E-10	0
313.298654	1.528344E-10	0
313.405849	1.539302E-10	0
313.513555	1.519964E-10	0
313.620763	1.565731E-10	0
313.728197	1.538658E-10	0
313.834734	1.554773E-10	0
313.943782	1.524476E-10	0
314.051781	1.549616E-10	0
314.159399	1.522543E-10	0
314.267935	1.552194E-10	0
314.375184	1.549616E-10	0
314.482381	1.547037E-10	0
314.589829	1.542525E-10	0
314.698401	1.549616E-10	0
314.808408	1.556706E-10	0
314.916735	1.543814E-10	0
315.024957	1.540591E-10	0
315.13414	1.568954E-10	0
315.241898	1.578623E-10	0
315.349279	1.527055E-10	0
315.457325	1.527055E-10	0
315.565908	1.554773E-10	0
315.673799	1.533501E-10	0
315.781479	1.549616E-10	0
315.889266	1.569598E-10	0
315.997797	1.535435E-10	0
316.106363	1.548971E-10	0
316.214472	1.545748E-10	0
316.323187	1.537368E-10	0
316.43138	1.545104E-10	0
316.54001	1.541236E-10	0
316.648429	1.521253E-10	0
316.758422	1.509651E-10	0
316.867171	1.514807E-10	0
316.975148	1.523187E-10	0
317.084856	1.559929E-10	0
317.192968	1.543814E-10	0
317.301361	1.520609E-10	0
317.409819	1.547037E-10	0
317.520822	1.542525E-10	0
317.629226	1.542525E-10	0
317.738433	1.539302E-10	0
317.847706	1.552194E-10	0
317.955837	1.540591E-10	0
318.064118	1.528989E-10	0
318.173328	1.520609E-10	0
318.282526	1.539302E-10	0
318.39141	1.572822E-10	0
318.500601	1.523187E-10	0
318.607967	1.565086E-10	0
318.716169	1.554128E-10	0
318.825946	1.519964E-10	0
318.935968	1.532856E-10	0
319.044713	1.538658E-10	0
319.153698	1.555417E-10	0
319.260264	1.562508E-10	0
319.370193	1.54317E-10	0
319.476959	1.554128E-10	0
319.585569	1.557996E-10	0
319.692885	1.562508E-10	0
319.800835	1.554128E-10	0
319.907762	1.567665E-10	0
320.015177	1.548327E-10	0
320.124051	1.54317E-10	0
320.232054	1.557996E-10	0
320.341671	1.51803E-10	0
320.451644	1.563797E-10	0
320.559596	1.571532E-10	0
320.668013	1.521253E-10	0
320.777324	1.536079E-10	0
320.885507	1.529633E-10	0
320.992569	1.539947E-10	0
321.101115	1.515452E-10	0
321.209485	1.52641E-10	0
321.317528	1.539302E-10	0
321.425685	1.568954E-10	0
321.533996	1.541236E-10	0
321.642052	1.573466E-10	0
321.751236	1.539302E-10	0
321.862459	1.560574E-10	0
321.971789	1.571532E-10	0
322.079361	1.563797E-10	0
322.186835	1.552839E-10	0
322.295545	1.559285E-10	0
322.401694	1.509651E-10	0
322.509374	1.585069E-10	0
322.617226	1.585714E-10	0
322.727119	1.566375E-10	0
322.837237	1.536079E-10	0
322.945221	1.556062E-10	0
323.053412	1.568309E-10	0
323.161384	1.524476E-10	0
323.272446	1.533501E-10	0
323.381191	1.529633E-10	0
323.491107	1.555417E-10	0
323.597919	1.573466E-10	0
323.706879	1.553483E-10	0
323.814874	1.561219E-10	0
323.923275	1.531567E-10	0
324.032774	1.556062E-10	0
324.140878	1.552194E-10	0
324.249873	1.557351E-10	0
324.35806	1.530278E-10	0
324.467305	1.560574E-10	0
324.575046	1.563152E-10	0
324.68247	1.541236E-10	0
324.789494	1.559285E-10	0
324.898495	1.541236E-10	0
325.007926	1.56702E-10	0
325.11647	1.542525E-10	0
325.225717	1.546393E-10	0
325.334847	1.548971E-10	0
325.442134	1.554128E-10	0
325.548485	1.550905E-10	0
325.655782	1.545748E-10	0
325.763914	1.557351E-10	0
325.871851	1.562508E-10	0
325.978912	1.550905E-10	0
326.086231	1.528989E-10	0
326.19563	1.538658E-10	0
326.30434	1.548971E-10	0
326.411708	1.543814E-10	0
326.520894	1.54317E-10	0
326.629508	1.528344E-10	0
326.73691	1.523832E-10	0
326.845236	1.536079E-10	0
326.954415	1.523187E-10	0
327.063501	1.536079E-10	0
327.171946	1.523832E-10	0
327.279439	1.562508E-10	0
327.387305	1.51932E-10	0
327.496326	1.54317E-10	0
327.604049	1.557996E-10	0
327.71296	1.560574E-10	0
327.820632	1.552194E-10	0
327.929907	1.537368E-10	0
328.038591	1.579268E-10	0
328.145924	1.557351E-10	0
328.254676	1.552839E-10	0
328.362038	1.577334E-10	0
328.469891	1.540591E-10	0
328.577106	1.542525E-10	0
328.686338	1.543814E-10	0
328.794086	1.527699E-10	0
328.902272	1.553483E-10	0
329.011283	1.559285E-10	0
329.118531	1.530922E-10	0
329.227716	1.574755E-10	0
329.334529	1.548971E-10	0
329.442677	1.539947E-10	0
329.549037	1.541881E-10	0
329.657967	1.560574E-10	0
329.767334	1.533501E-10	0
329.876594	1.544459E-10	0
329.983571	1.554773E-10	0
330.091642	1.547037E-10	0
330.199825	1.554128E-10	0
330.309404	1.533501E-10	0
330.416969	1.559285E-10	0
330.524949	1.582491E-10	0
330.632233	1.537368E-10	0
330.742655	1.544459E-10	0
330.851262	1.537368E-10	0
330.960015	1.511584E-10	0
331.068548	1.544459E-10	0
331.176119	1.55026E-10	0
331.2836	1.553483E-10	0
331.393427	1.548971E-10	0
331.502054	1.552194E-10	0
331.608552	1.56702E-10	0
331.717737	1.550905E-10	0
331.8256	1.549616E-10	0
331.933995	1.540591E-10	0
332.041547	1.509651E-10	0
332.149944	1.557996E-10	0
332.25831	1.565731E-10	0
332.366363	1.545104E-10	0
332.474975	1.545104E-10	0
332.581973	1.538658E-10	0
332.690947	1.562508E-10	0
332.797968	1.573466E-10	0
332.905932	1.547037E-10	0
333.013931	1.568954E-10	0
333.123059	1.557351E-10	0
333.229955	1.543814E-10	0
333.337934	1.561219E-10	0
333.446174	1.506428E-10	0
333.553634	1.520609E-10	0
333.662983	1.570243E-10	0
333.770967	1.563797E-10	0
333.879862	1.525121E-10	0
333.988571	1.565086E-10	0
334.097869	1.554773E-10	0
334.206727	1.54317E-10	0
334.31594	1.534145E-10	0
334.425646	1.568954E-10	0
334.53555	1.528989E-10	0
334.644011	1.560574E-10	0
334.751611	1.524476E-10	0
334.859745	1.549616E-10	0
334.969637	1.578623E-10	0
335.077407	1.55155E-10	0
335.185322	1.568309E-10	0
335.293341	1.55155E-10	0
335.401504	1.530278E-10	0
335.510749	1.523832E-10	0
335.618929	1.559285E-10	0
335.728267	1.559929E-10	0
335.837268	1.555417E-10	0
335.946873	1.544459E-10	0
336.056213	1.547682E-10	0
336.164501	1.548971E-10	0
336.272031	1.545748E-10	0
336.380987	1.554773E-10	0
336.488809	1.570243E-10	0
336.597745	1.55155E-10	0
336.705966	1.540591E-10	0
336.814584	1.556062E-10	0
336.923687	1.56702E-10	0
337.032609	1.541881E-10	0
337.139556	1.523832E-10	0
337.248622	1.539947E-10	0
337.355762	1.571532E-10	0
337.464856	1.559929E-10	0
337.575913	1.559285E-10	0
337.684729	1.552194E-10	0
337.794426	1.545748E-10	0
337.903829	1.563152E-10	0
338.010929	1.541236E-10	0
338.119996	1.552839E-10	0
338.228346	1.55155E-10	0
338.336995	1.547682E-10	0
338.444913	1.553483E-10	0
338.553743	1.525121E-10	0
338.661441	1.557351E-10	0
338.770409	1.532212E-10	0
338.878578	1.566375E-10	0
338.987556	1.53479E-10	0
339.095782	1.550905E-10	0
339.203507	1.529633E-10	0
339.311798	1.538658E-10	0
339.420592	1.525121E-10	0
339.528042	1.51803E-10	0
339.636218	1.541236E-10	0
339.743527	1.53479E-10	0
339.852361	1.545104E-10	0
339.961015	1.533501E-10	0
340.068623	1.542525E-10	0
340.175733	1.527055E-10	0
340.284811	1.553483E-10	0
340.392374	1.527055E-10	0
340.499901	1.547037E-10	0
340.60863	1.516741E-10	0
340.716757	1.534145E-10	0
340.824933	1.538658E-10	0
340.932216	1.525121E-10	0
341.03961	1.528989E-10	0
341.148631	1.522543E-10	0
341.256392	1.542525E-10	0
341.364135	1.552194E-10	0
341.473198	1.543814E-10	0
341.58087	1.5754E-10	0
341.689621	1.538658E-10	0
341.798748	1.570888E-10	0
341.90793	1.542525E-10	0
342.016641	1.492891E-10	0
342.124353	1.530278E-10	0
342.231068	1.545104E-10	0
342.339778	1.547037E-10	0
342.446496	1.519964E-10	0
342.554843	1.55864E-10	0
342.664513	1.532856E-10	0
342.772403	1.534145E-10	0
342.880036	1.533501E-10	0
342.988082	1.542525E-10	0
343.097021	1.539947E-10	0
343.205816	1.535435E-10	0
343.314798	1.536724E-10	0
343.425206	1.537368E-10	0
343.532921	1.537368E-10	0
343.640107	1.552194E-10	0
343.748527	1.53479E-10	0
343.856902	1.570888E-10	0
343.966943	1.530922E-10	0
344.074545	1.555417E-10	0
344.182018	1.552839E-10	0
344.289242	1.538013E-10	0
344.39648	1.524476E-10	0
344.504473	1.538658E-10	0
344.612159	1.513518E-10	0
344.721659	1.554128E-10	0
344.829663	1.540591E-10	0
344.938448	1.548327E-10	0
345.045162	1.545104E-10	0
345.152009	1.549616E-10	0
345.258359	1.548327E-10	0
345.366579	1.529633E-10	0
345.475465	1.566375E-10	0
345.583717	1.540591E-10	0
345.691833	1.532212E-10	0
345.800856	1.539947E-10	0
345.908673	1.545104E-10	0
346.016916	1.555417E-10	0
346.124741	1.547037E-10	0
346.234942	1.51803E-10	0
346.344425	1.576045E-10	0
346.451172	1.533501E-10	0
346.559703	1.555417E-10	0
346.668275	1.552839E-10	0
346.774815	1.527699E-10	0
346.883197	1.542525E-10	0
346.991791	1.548327E-10	0
347.100399	1.521898E-10	0
347.209591	1.547037E-10	0
347.317523	1.544459E-10	0
347.425505	1.586358E-10	0
347.533216	1.554773E-10	0
347.641832	1.547682E-10	0
347.751022	1.529633E-10	0
347.860084	1.537368E-10	0
347.968695	1.552839E-10	0
348.076554	1.545104E-10	0
348.184028	1.544459E-10	0
348.292736	1.547037E-10	0
348.401425	1.560574E-10	0
348.509137	1.541236E-10	0
348.617847	1.577334E-10	0
348.723588	1.559929E-10	0
348.83128	1.557351E-10	0
348.937826	1.545104E-10	0
349.045723	1.559285E-10	0
349.154649	1.55026E-10	0
349.262119	1.552839E-10	0
349.371032	1.538658E-10	0
349.478703	1.574755E-10	0
349.587333	1.55026E-10	0
349.696384	1.571532E-10	0
349.805167	1.545748E-10	0
349.912405	1.577978E-10	0
350.021124	1.556062E-10	0
350.129419	1.565731E-10	0
350.238067	1.548971E-10	0
350.345736	1.539947E-10	0
350.453305	1.578623E-10	0
350.562685	1.595383E-10	0
350.671128	1.555417E-10	0
350.77971	1.577978E-10	0
350.888717	1.566375E-10	0
350.996252	1.562508E-10	0
351.104237	1.518675E-10	0
351.212429	1.559929E-10	0
351.319864	1.548327E-10	0
351.427728	1.554128E-10	0
351.535149	1.576689E-10	0
351.642859	1.5754E-10	0
351.750691	1.54317E-10	0
351.857986	1.577334E-10	0
351.967012	1.563797E-10	0
352.075419	1.556062E-10	0
352.18433	1.565731E-10	0
352.293565	1.55155E-10	0
352.401123	1.579912E-10	0
352.510117	1.58378E-10	0
352.621167	1.565086E-10	0
352.729736	1.567665E-10	0
352.838734	1.561863E-10	0
352.945777	1.568954E-10	0
353.054327	1.577334E-10	0
353.162113	1.564442E-10	0
353.272365	1.574111E-10	0
353.379743	1.554773E-10	0
353.48784	1.570888E-10	0
353.594835	1.559929E-10	0
353.702879	1.571532E-10	0
353.810771	1.572822E-10	0
353.918015	1.565731E-10	0
354.025111	1.554128E-10	0
354.13377	1.545748E-10	0
354.242103	1.545104E-10	0
354.3508	1.55155E-10	0
354.458779	1.565086E-10	0
354.566501	1.53479E-10	0
354.675179	1.552839E-10	0
354.783225	1.528989E-10	0
354.891079	1.541236E-10	0
354.999754	1.585069E-10	0
355.108753	1.570243E-10	0
355.216649	1.556062E-10	0
355.32424	1.536724E-10	0
355.43282	1.512229E-10	0
355.540149	1.541881E-10	0
355.648761	1.563152E-10	0
355.757765	1.561863E-10	0
355.865144	1.535435E-10	0
355.973196	1.556706E-10	0
356.081995	1.538658E-10	0
356.189969	1.548327E-10	0
356.298103	1.548327E-10	0
356.406026	1.52641E-10	0
356.515059	1.514163E-10	0
356.623283	1.543814E-10	0
356.732491	1.556706E-10	0
356.842402	1.554128E-10	0
356.951734	1.552194E-10	0
357.059319	1.569598E-10	0
357.168241	1.555417E-10	0
357.276939	1.549616E-10	0
357.384739	1.554128E-10	0
357.493178	1.54317E-10	0
357.599905	1.539302E-10	0
357.708616	1.563152E-10	0
357.815308	1.569598E-10	0
357.923028	1.577334E-10	0
358.032268	1.554128E-10	0
358.14201	1.582491E-10	0
358.252011	1.557351E-10	0
358.359424	1.579268E-10	0
358.466309	1.576045E-10	0
358.573698	1.561219E-10	0
358.681993	1.552839E-10	0
358.788914	1.566375E-10	0
358.897532	1.574111E-10	0
359.00667	1.554128E-10	0
359.114113	1.539947E-10	0
359.223448	1.560574E-10	0
359.331829	1.585714E-10	0
359.440381	1.547037E-10	0
359.54855	1.540591E-10	0
359.656224	1.579268E-10	0
359.765167	1.562508E-10	0
359.873172	1.550905E-10	0
359.98156	1.528344E-10	0
360.090525	1.573466E-10	0
