Time,s	TEY,A	Shutter
0	1.701097E-10	0
0.120172	1.52641E-10	0
0.228428	1.59216E-10	0
0.337663	1.634703E-10	0
0.444888	1.505783E-10	0
0.552122	1.581846E-10	0
0.661349	1.646306E-10	0
0.769628	1.504494E-10	0
0.877856	1.683048E-10	0
0.985607	1.566375E-10	0
1.094836	1.55155E-10	0
1.201106	1.628257E-10	0
1.309332	1.56702E-10	0
1.417562	1.561219E-10	0
1.526023	1.605696E-10	0
1.636004	1.521898E-10	0
1.74412	1.581846E-10	0
1.853153	1.596672E-10	0
1.963452	1.588292E-10	0
2.073745	1.620522E-10	0
2.181451	1.51803E-10	0
2.28784	1.596672E-10	0
2.397083	1.570888E-10	0
2.504421	1.60763E-10	0
2.616742	1.574755E-10	0
2.724933	1.573466E-10	0
2.832563	1.562508E-10	0
2.940949	1.625679E-10	0
3.049095	1.519964E-10	0
3.156381	1.571532E-10	0
3.268105	1.599895E-10	0
3.377229	1.503849E-10	0
3.483908	1.661776E-10	0
3.593406	1.523832E-10	0
3.701632	1.545104E-10	0
3.809525	1.622456E-10	0
3.919345	1.525121E-10	0
4.027796	1.541236E-10	0
4.136675	1.646306E-10	0
4.245612	1.459372E-10	0
4.357828	1.62439E-10	0
4.464507	1.56702E-10	0
4.571622	1.481933E-10	0
4.679981	1.619233E-10	0
4.786976	1.59087E-10	0
4.895768	1.496114E-10	0
5.003715	1.659843E-10	0
5.116515	1.539947E-10	0
5.225773	1.548327E-10	0
5.335011	1.650174E-10	0
5.442307	1.481933E-10	0
5.550985	1.617944E-10	0
5.659167	1.588937E-10	0
5.767425	1.524476E-10	0
5.876136	1.594738E-10	0
5.982269	1.563797E-10	0
6.091756	1.503205E-10	0
6.198653	1.620522E-10	0
6.310114	1.528989E-10	0
6.415771	1.55155E-10	0
6.525645	1.581201E-10	0
6.635376	1.52641E-10	0
6.742603	1.572177E-10	0
6.8514	1.556062E-10	0
6.96066	1.500626E-10	0
7.070226	1.578623E-10	0
7.177415	1.562508E-10	0
7.285578	1.519964E-10	0
7.393958	1.589581E-10	0
7.500326	1.522543E-10	0
7.609165	1.572822E-10	0
7.716652	1.553483E-10	0
7.825016	1.568954E-10	0
7.934609	1.577334E-10	0
8.044468	1.540591E-10	0
8.152382	1.552839E-10	0
8.259865	1.567665E-10	0
8.367251	1.568309E-10	0
8.475923	1.570243E-10	0
8.58405	1.58378E-10	0
8.693497	1.548971E-10	0
8.801233	1.592804E-10	0
8.909344	1.535435E-10	0
9.016107	1.572822E-10	0
9.125374	1.612142E-10	0
9.23508	1.545748E-10	0
9.343827	1.544459E-10	0
9.451998	1.601184E-10	0
9.561908	1.492891E-10	0
9.67158	1.614721E-10	0
9.779279	1.547682E-10	0
9.88703	1.557996E-10	0
9.995473	1.613431E-10	0
10.103547	1.555417E-10	0
10.210965	1.538013E-10	0
10.319288	1.633414E-10	0
10.427009	1.559285E-10	0
10.537349	1.579912E-10	0
10.644354	1.622456E-10	0
10.753717	1.503849E-10	0
10.862163	1.587647E-10	0
10.972377	1.594093E-10	0
11.081134	1.531567E-10	0
11.187376	1.613431E-10	0
11.297003	1.546393E-10	0
11.405426	1.524476E-10	0
11.514362	1.626323E-10	0
11.622446	1.517386E-10	0
11.730567	1.586358E-10	0
11.841994	1.622456E-10	0
11.949799	1.536079E-10	0
12.057951	1.594093E-10	0
12.166613	1.576689E-10	0
12.273746	1.577334E-10	0
12.381557	1.613431E-10	0
12.488511	1.543814E-10	0
12.59575	1.538658E-10	0
12.705266	1.629546E-10	0
12.814213	1.544459E-10	0
12.921746	1.598606E-10	0
13.02971	1.568309E-10	0
13.139201	1.546393E-10	0
13.247453	1.567665E-10	0
13.35586	1.586358E-10	0
13.46296	1.547682E-10	0
13.571499	1.588292E-10	0
13.67919	1.536724E-10	0
13.787934	1.581846E-10	0
13.895993	1.568954E-10	0
14.004059	1.545104E-10	0
14.112333	1.576689E-10	0
14.219293	1.552839E-10	0
14.327529	1.539302E-10	0
14.434439	1.588292E-10	0
14.544806	1.556062E-10	0
14.65308	1.545104E-10	0
14.761077	1.596672E-10	0
14.867906	1.55026E-10	0
14.977144	1.593449E-10	0
15.084971	1.572177E-10	0
15.191463	1.571532E-10	0
15.300579	1.577978E-10	0
15.409776	1.568954E-10	0
15.515574	1.545104E-10	0
15.623868	1.615365E-10	0
15.731699	1.518675E-10	0
15.839382	1.610853E-10	0
15.946342	1.55026E-10	0
16.054397	1.541236E-10	0
16.16374	1.593449E-10	0
16.272085	1.594093E-10	0
16.380371	1.540591E-10	0
16.486889	1.597961E-10	0
16.593379	1.535435E-10	0
16.702463	1.520609E-10	0
16.811859	1.606341E-10	0
16.920204	1.536724E-10	0
17.028362	1.55155E-10	0
17.135681	1.582491E-10	0
17.243429	1.521898E-10	0
17.353144	1.582491E-10	0
17.459951	1.594093E-10	0
17.566691	1.554773E-10	0
17.67396	1.581201E-10	0
17.782607	1.508361E-10	0
17.891431	1.561863E-10	0
18.000457	1.587003E-10	0
18.107188	1.530278E-10	0
18.217471	1.541236E-10	0
18.327881	1.565086E-10	0
18.436147	1.554128E-10	0
18.545125	1.587003E-10	0
18.652218	1.555417E-10	0
18.761161	1.517386E-10	0
18.869812	1.600539E-10	0
18.977845	1.547037E-10	0
19.086	1.527055E-10	0
19.194114	1.59087E-10	0
19.303345	1.545748E-10	0
19.411146	1.55864E-10	0
19.517379	1.565731E-10	0
19.628611	1.505783E-10	0
19.738829	1.574111E-10	0
19.84706	1.532856E-10	0
19.954757	1.528344E-10	0
20.064713	1.594738E-10	0
20.175408	1.523832E-10	0
20.284266	1.570888E-10	0
20.392765	1.531567E-10	0
20.501133	1.534145E-10	0
20.608605	1.565086E-10	0
20.717964	1.539947E-10	0
20.827713	1.539302E-10	0
20.938332	1.580557E-10	0
21.045746	1.538658E-10	0
21.153466	1.537368E-10	0
21.262262	1.594093E-10	0
21.369332	1.542525E-10	0
21.478899	1.553483E-10	0
21.587214	1.523832E-10	0
21.696408	1.561863E-10	0
21.805464	1.564442E-10	0
21.913231	1.538013E-10	0
22.022993	1.557351E-10	0
22.131764	1.610853E-10	0
22.238994	1.505138E-10	0
22.346383	1.576045E-10	0
22.454331	1.577334E-10	0
22.562786	1.557996E-10	0
22.670348	1.589581E-10	0
22.777736	1.56702E-10	0
22.888083	1.529633E-10	0
22.996955	1.601829E-10	0
23.106067	1.554128E-10	0
23.217056	1.584424E-10	0
23.324175	1.572177E-10	0
23.43187	1.523832E-10	0
23.539696	1.576045E-10	0
23.647264	1.570243E-10	0
23.756594	1.531567E-10	0
23.863925	1.552839E-10	0
23.971113	1.565731E-10	0
24.080506	1.524476E-10	0
24.187741	1.552194E-10	0
24.295157	1.541881E-10	0
24.402737	1.530922E-10	0
24.510955	1.583135E-10	0
24.619383	1.542525E-10	0
24.727614	1.546393E-10	0
24.838094	1.545748E-10	0
24.94564	1.545748E-10	0
25.056314	1.541881E-10	0
25.16306	1.545748E-10	0
25.272022	1.539302E-10	0
25.380966	1.591515E-10	0
25.491066	1.525766E-10	0
25.600058	1.594738E-10	0
25.70796	1.557996E-10	0
25.815743	1.561863E-10	0
25.925002	1.538013E-10	0
26.034087	1.532212E-10	0
26.144087	1.549616E-10	0
26.252603	1.565086E-10	0
26.361519	1.567665E-10	0
26.468976	1.576045E-10	0
26.576644	1.536079E-10	0
26.686491	1.56702E-10	0
26.794848	1.577978E-10	0
26.904736	1.596027E-10	0
27.010861	1.536079E-10	0
27.120976	1.55026E-10	0
27.228262	1.536079E-10	0
27.33615	1.535435E-10	0
27.444475	1.560574E-10	0
27.552732	1.552194E-10	0
27.661464	1.564442E-10	0
27.770188	1.566375E-10	0
27.879622	1.543814E-10	0
27.991414	1.55155E-10	0
28.098494	1.557351E-10	0
28.206324	1.541236E-10	0
28.318944	1.594738E-10	0
28.428339	1.566375E-10	0
28.536633	1.579912E-10	0
28.645002	1.581201E-10	0
28.755167	1.545104E-10	0
28.864056	1.552194E-10	0
28.970651	1.538013E-10	0
29.082749	1.540591E-10	0
29.190922	1.560574E-10	0
29.298222	1.533501E-10	0
29.405672	1.563152E-10	0
29.516938	1.594738E-10	0
29.623968	1.522543E-10	0
29.732435	1.552194E-10	0
29.839697	1.565731E-10	0
29.947942	1.54317E-10	0
30.057185	1.521898E-10	0
30.164819	1.54317E-10	0
30.271132	1.520609E-10	0
30.37952	1.581846E-10	0
30.492174	1.544459E-10	0
30.599543	1.56702E-10	0
30.707772	1.579912E-10	0
30.814935	1.536079E-10	0
30.921404	1.541236E-10	0
31.031798	1.557351E-10	0
31.139914	1.522543E-10	0
31.248271	1.546393E-10	0
31.355552	1.516741E-10	0
31.464895	1.539947E-10	0
31.574003	1.538013E-10	0
31.680891	1.513518E-10	0
31.788526	1.557996E-10	0
31.898126	1.536724E-10	0
32.006485	1.529633E-10	0
32.114796	1.554773E-10	0
32.225369	1.53479E-10	0
32.334209	1.556706E-10	0
32.442171	1.556062E-10	0
32.55195	1.532856E-10	0
32.659252	1.506428E-10	0
32.76645	1.584424E-10	0
32.874481	1.532856E-10	0
32.982632	1.563797E-10	0
33.091918	1.569598E-10	0
33.200391	1.557351E-10	0
33.307827	1.555417E-10	0
33.417915	1.556706E-10	0
33.527194	1.576689E-10	0
33.638614	1.566375E-10	0
33.746043	1.537368E-10	0
33.855572	1.557996E-10	0
33.967062	1.534145E-10	0
34.075603	1.533501E-10	0
34.182874	1.566375E-10	0
34.290317	1.559285E-10	0
34.399763	1.568954E-10	0
34.508037	1.554128E-10	0
34.618277	1.546393E-10	0
34.725254	1.567665E-10	0
34.834606	1.579912E-10	0
34.945605	1.510295E-10	0
35.054826	1.51803E-10	0
35.165189	1.507717E-10	0
35.274209	1.540591E-10	0
35.383766	1.583135E-10	0
35.491019	1.52641E-10	0
35.599416	1.537368E-10	0
35.707659	1.545748E-10	0
35.814464	1.525766E-10	0
35.92422	1.53479E-10	0
36.034276	1.545748E-10	0
36.143353	1.549616E-10	0
36.252992	1.566375E-10	0
36.360962	1.529633E-10	0
36.46871	1.547037E-10	0
36.578617	1.566375E-10	0
36.688306	1.521898E-10	0
36.796206	1.521253E-10	0
36.904118	1.559285E-10	0
37.014751	1.54317E-10	0
37.123126	1.552194E-10	0
37.230599	1.556062E-10	0
37.342846	1.53479E-10	0
37.452102	1.556062E-10	0
37.561989	1.539947E-10	0
37.669783	1.54317E-10	0
37.779571	1.590226E-10	0
37.888845	1.532856E-10	0
37.997188	1.546393E-10	0
38.104065	1.594093E-10	0
38.213458	1.524476E-10	0
38.327997	1.538013E-10	0
38.435288	1.568309E-10	0
38.544156	1.501915E-10	0
38.652493	1.552839E-10	0
38.761125	1.538013E-10	0
38.874324	1.563152E-10	0
38.981997	1.528344E-10	0
39.088974	1.496759E-10	0
39.201587	1.555417E-10	0
39.314252	1.534145E-10	0
39.423505	1.579912E-10	0
39.534	1.569598E-10	0
39.642413	1.521898E-10	0
39.750508	1.549616E-10	0
39.859491	1.570888E-10	0
39.9679	1.539302E-10	0
40.076074	1.557351E-10	0
40.184394	1.545104E-10	0
40.291768	1.528989E-10	0
40.398628	1.563152E-10	0
40.505751	1.535435E-10	0
40.617317	1.553483E-10	0
40.725879	1.56702E-10	0
40.835641	1.562508E-10	0
40.944074	1.555417E-10	0
41.052052	1.564442E-10	0
41.159842	1.538658E-10	0
41.270704	1.545748E-10	0
41.379519	1.539302E-10	0
41.489658	1.557996E-10	0
41.597893	1.559929E-10	0
41.706267	1.535435E-10	0
41.814875	1.552194E-10	0
41.923563	1.522543E-10	0
42.034033	1.56702E-10	0
42.141074	1.580557E-10	0
42.25013	1.528344E-10	0
42.356739	1.557351E-10	0
42.465379	1.572177E-10	0
42.572928	1.544459E-10	0
42.68222	1.568309E-10	0
42.7903	1.569598E-10	0
42.89969	1.545748E-10	0
43.007791	1.539947E-10	0
43.116026	1.521898E-10	0
43.223629	1.556706E-10	0
43.331967	1.559929E-10	0
43.444082	1.559929E-10	0
43.553536	1.586358E-10	0
43.661802	1.552839E-10	0
43.771032	1.560574E-10	0
43.879561	1.574111E-10	0
43.989357	1.564442E-10	0
44.098213	1.561863E-10	0
44.205824	1.563152E-10	0
44.320047	1.554128E-10	0
44.430353	1.55155E-10	0
44.538324	1.588292E-10	0
44.645542	1.546393E-10	0
44.753416	1.580557E-10	0
44.86152	1.550905E-10	0
44.969711	1.573466E-10	0
45.078686	1.552839E-10	0
45.18727	1.573466E-10	0
45.297039	1.521253E-10	0
45.405389	1.587647E-10	0
45.513991	1.589581E-10	0
45.622653	1.555417E-10	0
45.730694	1.553483E-10	0
45.840587	1.548971E-10	0
45.948033	1.538013E-10	0
46.055248	1.545104E-10	0
46.162831	1.531567E-10	0
46.270357	1.557351E-10	0
46.379177	1.554128E-10	0
46.487978	1.532212E-10	0
46.596495	1.581846E-10	0
46.705366	1.549616E-10	0
46.817588	1.538658E-10	0
46.926308	1.568954E-10	0
47.03545	1.581846E-10	0
47.143364	1.537368E-10	0
47.2521	1.545104E-10	0
47.359707	1.572177E-10	0
47.469396	1.559929E-10	0
47.5778	1.564442E-10	0
47.687224	1.547682E-10	0
47.796592	1.572822E-10	0
47.903016	1.556062E-10	0
48.009636	1.565086E-10	0
48.120924	1.552839E-10	0
48.229717	1.571532E-10	0
48.337197	1.541236E-10	0
48.444989	1.556706E-10	0
48.555079	1.561219E-10	0
48.664352	1.559285E-10	0
48.772033	1.567665E-10	0
48.880091	1.557351E-10	0
48.989497	1.550905E-10	0
49.098432	1.52641E-10	0
49.207247	1.539302E-10	0
49.316062	1.55155E-10	0
49.426532	1.55026E-10	0
49.534771	1.565731E-10	0
49.643937	1.560574E-10	0
49.753249	1.561863E-10	0
49.862189	1.573466E-10	0
49.969759	1.536724E-10	0
50.077528	1.562508E-10	0
50.186568	1.557996E-10	0
50.293829	1.542525E-10	0
50.402054	1.54317E-10	0
50.511255	1.550905E-10	0
50.621204	1.563797E-10	0
50.730436	1.547682E-10	0
50.84002	1.536079E-10	0
50.947717	1.545748E-10	0
51.056398	1.58378E-10	0
51.166649	1.54317E-10	0
51.275555	1.580557E-10	0
51.383467	1.576689E-10	0
51.492591	1.548971E-10	0
51.601751	1.538658E-10	0
51.709013	1.56702E-10	0
51.818896	1.529633E-10	0
51.929693	1.563797E-10	0
52.040055	1.545748E-10	0
52.147346	1.537368E-10	0
52.254626	1.532856E-10	0
52.362018	1.54317E-10	0
52.469784	1.524476E-10	0
52.577085	1.561863E-10	0
52.683875	1.527699E-10	0
52.792663	1.571532E-10	0
52.902423	1.543814E-10	0
53.011872	1.553483E-10	0
53.118769	1.550905E-10	0
53.227837	1.568309E-10	0
53.338025	1.559285E-10	0
53.447796	1.566375E-10	0
53.558069	1.586358E-10	0
53.668607	1.590226E-10	0
53.777608	1.547682E-10	0
53.885346	1.570243E-10	0
53.994131	1.55864E-10	0
54.101097	1.552839E-10	0
54.20947	1.557996E-10	0
54.32175	1.55155E-10	0
54.437994	1.556062E-10	0
54.547202	1.545104E-10	0
54.654961	1.546393E-10	0
54.763058	1.552839E-10	0
54.870023	1.547037E-10	0
54.976906	1.517386E-10	0
55.092573	1.563797E-10	0
55.200172	1.535435E-10	0
55.308752	1.539302E-10	0
55.415613	1.565086E-10	0
55.524922	1.572177E-10	0
55.631262	1.536724E-10	0
55.741246	1.569598E-10	0
55.848282	1.566375E-10	0
55.957439	1.563797E-10	0
56.068314	1.557351E-10	0
56.175004	1.579268E-10	0
56.281436	1.562508E-10	0
56.391779	1.563152E-10	0
56.502094	1.555417E-10	0
56.610035	1.543814E-10	0
56.719229	1.577978E-10	0
56.828017	1.561863E-10	0
56.936265	1.56702E-10	0
57.045776	1.532212E-10	0
57.152241	1.557996E-10	0
57.262226	1.518675E-10	0
57.369824	1.53479E-10	0
57.477504	1.583135E-10	0
57.585877	1.559285E-10	0
57.696613	1.578623E-10	0
57.8059	1.570243E-10	0
57.914898	1.556062E-10	0
58.026848	1.553483E-10	0
58.137125	1.56702E-10	0
58.245819	1.536079E-10	0
58.35726	1.549616E-10	0
58.466038	1.570243E-10	0
58.574048	1.550905E-10	0
58.682247	1.541236E-10	0
58.79009	1.55026E-10	0
58.89914	1.536724E-10	0
59.00962	1.562508E-10	0
59.117846	1.561219E-10	0
59.225098	1.54317E-10	0
59.33336	1.547682E-10	0
59.443976	1.545104E-10	0
59.556078	1.55026E-10	0
59.664482	1.560574E-10	0
59.774506	1.532212E-10	0
59.884615	1.567665E-10	0
59.993383	1.532212E-10	0
60.103056	7.952927E-8	0
60.211919	9.829863E-8	1
60.321949	9.210427E-8	1
60.432828	8.612283E-8	1
60.542947	8.130966E-8	1
60.652861	7.742556E-8	1
60.761298	7.425328E-8	1
60.872182	7.185808E-8	1
60.981002	6.987348E-8	1
61.092121	6.823072E-8	1
61.202105	6.695982E-8	1
61.312363	6.588907E-8	1
61.420694	6.499637E-8	1
61.528821	6.423471E-8	1
61.640113	6.35845E-8	1
61.755387	6.300442E-8	1
61.865059	6.253709E-8	1
61.974979	6.214079E-8	1
62.084877	6.177981E-8	1
62.195022	6.149148E-8	1
62.303508	6.121662E-8	1
62.415159	6.09981E-8	1
62.524637	6.076837E-8	1
62.632582	6.057563E-8	1
62.742158	6.041016E-8	1
62.850821	6.027576E-8	1
62.960272	6.013453E-8	1
63.067153	5.998582E-8	1
63.176719	5.985316E-8	1
63.286846	5.975029E-8	1
63.394588	5.96643E-8	1
63.501818	5.956168E-8	1
63.61104	5.945209E-8	1
63.71907	5.937184E-8	1
63.827338	5.929133E-8	1
63.936117	5.922004E-8	1
64.045665	5.9149E-8	1
64.152516	5.908744E-8	1
64.265611	5.902363E-8	1
64.374942	5.894782E-8	1
64.483847	5.888742E-8	1
64.595752	5.883837E-8	1
64.708692	5.878474E-8	1
64.817731	5.874335E-8	1
64.925873	5.868869E-8	1
65.035687	5.863648E-8	1
65.144279	5.859651E-8	1
65.253362	5.854159E-8	1
65.361279	5.851678E-8	1
65.470617	5.847552E-8	1
65.578844	5.843498E-8	1
65.689256	5.839972E-8	1
65.798542	5.836665E-8	1
65.907035	5.831515E-8	1
66.015123	5.828466E-8	1
66.125135	5.825101E-8	1
66.233725	5.821665E-8	1
66.342514	5.817772E-8	1
66.45283	5.815529E-8	1
66.560718	5.811758E-8	1
66.669635	5.809476E-8	1
66.777879	5.80809E-8	1
66.888913	5.803423E-8	1
66.997716	5.801109E-8	1
67.105725	5.79913E-8	1
67.214331	5.795469E-8	1
67.323909	5.794115E-8	1
67.432658	5.790086E-8	1
67.541102	5.788849E-8	1
67.650651	5.785258E-8	1
67.759896	5.783718E-8	1
67.868296	5.7815E-8	1
67.977859	5.778831E-8	1
68.088175	5.776395E-8	1
68.195952	5.774171E-8	1
68.303327	5.771386E-8	1
68.411275	5.770426E-8	1
68.521204	5.768034E-8	1
68.627723	5.765997E-8	1
68.735702	5.764689E-8	1
68.845633	5.761962E-8	1
68.956378	5.760486E-8	1
69.064886	5.75803E-8	1
69.174562	5.756096E-8	1
69.284735	5.753808E-8	1
69.393954	5.752003E-8	1
69.503133	5.75112E-8	1
69.611743	5.749683E-8	1
69.721053	5.746801E-8	1
69.827794	5.746453E-8	1
69.937015	5.74432E-8	1
70.045802	5.741271E-8	1
70.154913	5.740568E-8	1
70.263863	5.738086E-8	1
70.376032	5.736481E-8	1
70.486829	5.735856E-8	1
70.59596	5.733252E-8	1
70.705434	5.732768E-8	1
70.815211	5.730209E-8	1
70.92311	5.729391E-8	1
71.034665	5.72776E-8	1
71.142039	5.726238E-8	1
71.25196	5.724459E-8	1
71.361942	5.723132E-8	1
71.468676	5.722493E-8	1
71.577939	5.721546E-8	1
71.689108	5.718097E-8	1
71.801279	5.718252E-8	1
71.90966	5.71742E-8	1
72.019347	5.715712E-8	1
72.128572	5.714352E-8	1
72.238684	5.712599E-8	1
72.347563	5.712354E-8	1
72.457094	5.710175E-8	1
72.564556	5.708776E-8	1
72.675864	5.709118E-8	1
72.785426	5.706965E-8	1
72.894456	5.70507E-8	1
73.004003	5.704941E-8	1
73.112251	5.703555E-8	1
73.22091	5.702362E-8	1
73.331308	5.701512E-8	1
73.439303	5.7001E-8	1
73.547643	5.697889E-8	1
73.655612	5.69883E-8	1
73.765151	5.69736E-8	1
73.87397	5.694866E-8	1
73.981591	5.696213E-8	1
74.09209	5.693699E-8	1
74.201611	5.691772E-8	1
74.317941	5.691572E-8	1
74.430156	5.690908E-8	1
74.538273	5.689896E-8	1
74.647161	5.689219E-8	1
74.756619	5.687459E-8	1
74.865952	5.686434E-8	1
74.976737	5.685841E-8	1
75.085111	5.684198E-8	1
75.196818	5.683856E-8	1
75.304649	5.682966E-8	1
75.411955	5.681181E-8	1
75.519957	5.68207E-8	1
75.632533	5.679853E-8	1
75.741817	5.678951E-8	1
75.853148	5.678345E-8	1
75.964072	5.677249E-8	1
76.072199	5.676849E-8	1
76.179062	5.675592E-8	1
76.286646	5.675315E-8	1
76.39638	5.674213E-8	1
76.504909	5.673149E-8	1
76.613164	5.672285E-8	1
76.720515	5.672105E-8	1
76.829228	5.671054E-8	1
76.939514	5.669327E-8	1
77.046339	5.669037E-8	1
77.154446	5.66807E-8	1
77.264893	5.667921E-8	1
77.375575	5.667567E-8	1
77.486833	5.664853E-8	1
77.598059	5.664512E-8	1
77.708162	5.664286E-8	1
77.816385	5.663197E-8	1
77.924638	5.6631E-8	1
78.032498	5.661701E-8	1
78.141528	5.661508E-8	1
78.250428	5.660354E-8	1
78.357326	5.65987E-8	1
78.468	5.659219E-8	1
78.577032	5.658588E-8	1
78.686903	5.657692E-8	1
78.797221	5.656873E-8	1
78.908526	5.656589E-8	1
79.019375	5.655474E-8	1
79.128779	5.655996E-8	1
79.237372	5.65356E-8	1
79.344607	5.654114E-8	1
79.451984	5.653476E-8	1
79.560386	5.653244E-8	1
79.672966	5.651736E-8	1
79.782931	5.652045E-8	1
79.893101	5.651014E-8	1
80.001063	5.649602E-8	1
80.11085	5.64917E-8	1
80.220278	5.648313E-8	1
80.327096	5.6483E-8	1
80.435649	5.647707E-8	1
80.54306	5.647069E-8	1
80.653381	5.647204E-8	1
80.760658	5.645754E-8	1
80.86889	5.645122E-8	1
80.981383	5.645135E-8	1
81.092107	5.643149E-8	1
81.202236	5.643427E-8	1
81.312	5.642743E-8	1
81.421884	5.641499E-8	1
81.530427	5.641712E-8	1
81.643133	5.640822E-8	1
81.754414	5.639391E-8	1
81.862406	5.640049E-8	1
81.972273	5.638979E-8	1
82.083738	5.638773E-8	1
82.192788	5.638553E-8	1
82.303099	5.637393E-8	1
82.413526	5.580017E-8	1
82.521754	5.640307E-8	1
82.632305	5.642363E-8	1
82.74342	5.641893E-8	1
82.854378	5.641448E-8	1
82.963919	5.641467E-8	1
83.075153	5.640706E-8	1
83.182372	5.639688E-8	1
83.291876	5.639849E-8	1
83.403166	5.638979E-8	1
83.509875	5.63836E-8	1
83.619756	5.638392E-8	1
83.729152	5.637748E-8	1
83.839231	5.637297E-8	1
83.947733	5.636716E-8	1
84.05732	5.63613E-8	1
84.166985	5.636175E-8	1
84.275798	5.63477E-8	1
84.386282	5.63448E-8	1
84.494608	5.634035E-8	1
84.604167	5.634518E-8	1
84.714252	5.633358E-8	1
84.825009	5.632868E-8	1
84.935292	5.633049E-8	1
85.044661	5.631527E-8	1
85.15513	5.631869E-8	1
85.263381	5.630412E-8	1
85.372993	5.630212E-8	1
85.483792	5.629187E-8	1
85.594533	5.630328E-8	1
85.70337	5.630122E-8	1
85.810161	5.627885E-8	1
85.918743	5.628485E-8	1
86.028477	5.628846E-8	1
86.139692	5.626996E-8	1
86.249502	5.626738E-8	1
86.363173	5.626467E-8	1
86.472031	5.625977E-8	1
86.580307	5.624546E-8	1
86.688951	5.625429E-8	1
86.795855	5.624746E-8	1
86.905366	5.623708E-8	1
87.013077	5.624327E-8	1
87.123505	5.623695E-8	1
87.232062	5.623218E-8	1
87.340842	5.622471E-8	1
87.449071	5.622567E-8	1
87.556907	5.621684E-8	1
87.666203	5.621149E-8	1
87.774271	5.621755E-8	1
87.883592	5.619912E-8	1
87.993116	5.620169E-8	1
88.102705	5.62035E-8	1
88.212193	5.619074E-8	1
88.321899	5.619151E-8	1
88.43075	5.6189E-8	1
88.539083	5.619067E-8	1
88.650343	5.617527E-8	1
88.75896	5.617759E-8	1
88.86781	5.617623E-8	1
88.978009	5.616379E-8	1
89.086307	5.617114E-8	1
89.1957	5.616225E-8	1
89.309068	5.616663E-8	1
89.419224	5.615999E-8	1
89.527482	5.615702E-8	1
89.636202	5.615167E-8	1
89.743	5.615831E-8	1
89.85172	5.61491E-8	1
89.961947	5.614968E-8	1
90.069175	5.614555E-8	1
90.178832	5.614104E-8	1
90.28694	5.613633E-8	1
90.397725	5.612744E-8	1
90.50727	5.612518E-8	1
90.616112	5.612389E-8	1
90.724846	5.611532E-8	1
90.835086	5.611255E-8	1
90.943017	5.610758E-8	1
91.053998	5.611293E-8	1
91.163031	5.610417E-8	1
91.273639	5.610346E-8	1
91.381295	5.610314E-8	1
91.489546	5.609443E-8	1
91.601432	5.60914E-8	1
91.710656	5.608599E-8	1
91.819882	5.608386E-8	1
91.929544	5.608032E-8	1
92.037584	5.607464E-8	1
92.147346	5.607497E-8	1
92.256816	5.607754E-8	1
92.366393	5.607458E-8	1
92.47349	5.606974E-8	1
92.584808	5.605543E-8	1
92.693888	5.605782E-8	1
92.801625	5.605002E-8	1
92.912664	5.605698E-8	1
93.02105	5.604938E-8	1
93.140249	5.604667E-8	1
93.248869	5.604544E-8	1
93.358967	5.603971E-8	1
93.466016	5.603797E-8	1
93.577705	5.603777E-8	1
93.688766	5.602617E-8	1
93.797814	5.6033E-8	1
93.908032	5.604093E-8	1
94.016219	5.602527E-8	1
94.125305	5.602314E-8	1
94.235472	5.602533E-8	1
94.345127	5.601979E-8	1
94.455971	5.601244E-8	1
94.564031	5.601579E-8	1
94.673414	5.601283E-8	1
94.78163	5.601109E-8	1
94.889777	5.601031E-8	1
94.998241	5.600419E-8	1
95.114553	5.59989E-8	1
95.224841	5.599652E-8	1
95.335104	5.599761E-8	1
95.444498	5.600103E-8	1
95.554722	5.59815E-8	1
95.663159	5.598156E-8	1
95.774011	5.599233E-8	1
95.883389	5.597434E-8	1
95.994069	5.597228E-8	1
96.106403	5.59737E-8	1
96.216673	5.59784E-8	1
96.324805	5.597718E-8	1
96.435281	5.597209E-8	1
96.546548	5.597879E-8	1
96.654902	5.5957E-8	1
96.763201	5.596203E-8	1
96.873824	5.594991E-8	1
96.98251	5.59483E-8	1
97.092981	5.594559E-8	1
97.201007	5.594753E-8	1
97.313654	5.594598E-8	1
97.421657	5.593528E-8	1
97.530135	5.593612E-8	1
97.64394	5.593831E-8	1
97.754289	5.593122E-8	1
97.863573	5.593734E-8	1
97.974244	5.593509E-8	1
98.083286	5.592523E-8	1
98.191782	5.592058E-8	1
98.301522	5.591917E-8	1
98.409379	5.59251E-8	1
98.519271	5.591607E-8	1
98.628282	5.591014E-8	1
98.736807	5.591407E-8	1
98.843841	5.591343E-8	1
98.952233	5.590769E-8	1
99.062607	5.591014E-8	1
99.174241	5.590789E-8	1
99.281811	5.590698E-8	1
99.390559	5.590859E-8	1
99.498135	5.589564E-8	1
99.606646	5.589345E-8	1
99.716877	5.589235E-8	1
99.825828	5.589325E-8	1
99.935016	5.589222E-8	1
100.043312	5.588771E-8	1
100.151667	5.588468E-8	1
100.260921	5.588004E-8	1
100.370906	5.587804E-8	1
100.48025	5.587714E-8	1
100.593584	5.587443E-8	1
100.701788	5.587669E-8	1
100.810844	5.587682E-8	1
100.919452	5.586966E-8	1
101.031242	5.586547E-8	1
101.148213	5.587533E-8	1
101.257626	5.586599E-8	1
101.365499	5.586276E-8	1
101.473709	5.586315E-8	1
101.585029	5.586141E-8	1
101.692897	5.585316E-8	1
101.801127	5.585232E-8	1
101.909695	5.585058E-8	1
102.01944	5.585071E-8	1
102.129748	5.58509E-8	1
102.237347	5.584852E-8	1
102.345883	5.584285E-8	1
102.455873	5.585077E-8	1
102.563132	5.58355E-8	1
102.671368	5.582854E-8	1
102.781273	5.584433E-8	1
102.890168	5.583505E-8	1
103.004902	5.583079E-8	1
103.11328	5.582261E-8	1
103.222798	5.583298E-8	1
103.329346	5.582712E-8	1
103.438948	5.582415E-8	1
103.546572	5.581674E-8	1
103.65745	5.582338E-8	1
103.766621	5.582344E-8	1
103.875352	5.580726E-8	1
103.98616	5.583124E-8	1
104.094515	5.581945E-8	1
104.204916	5.57954E-8	1
104.314947	5.57994E-8	1
104.423501	5.581738E-8	1
104.534779	5.580668E-8	1
104.644067	5.580056E-8	1
104.754288	5.579689E-8	1
104.86351	5.579463E-8	1
104.972757	5.579547E-8	1
105.083752	5.580559E-8	1
105.193701	5.580095E-8	1
105.304602	5.579218E-8	1
105.412344	5.580056E-8	1
105.520256	5.580185E-8	1
105.628624	5.579553E-8	1
105.737204	5.579405E-8	1
105.844497	5.578013E-8	1
105.953788	5.577568E-8	1
106.068039	5.577858E-8	1
106.17579	5.577974E-8	1
106.283006	5.577362E-8	1
106.392281	5.578322E-8	1
106.50227	5.577149E-8	1
106.610857	5.577129E-8	1
106.718858	5.577452E-8	1
106.828174	5.578038E-8	1
106.937496	5.576491E-8	1
107.048756	5.519573E-8	1
107.157901	5.582634E-8	1
107.267385	5.581951E-8	1
107.378395	5.582757E-8	1
107.490553	5.583569E-8	1
107.599021	5.581461E-8	1
107.710618	5.581468E-8	1
107.819036	5.582061E-8	1
107.927479	5.581719E-8	1
108.037011	5.581365E-8	1
108.147634	5.582621E-8	1
108.256261	5.57994E-8	1
108.364655	5.580643E-8	1
108.47437	5.580842E-8	1
108.583125	5.580159E-8	1
108.692005	5.579837E-8	1
108.800226	5.579979E-8	1
108.909004	5.581577E-8	1
109.017756	5.581958E-8	1
109.126809	5.57956E-8	1
109.236034	5.578206E-8	1
109.343302	5.579547E-8	1
109.452796	5.578876E-8	1
109.563842	5.578593E-8	1
109.673056	5.580449E-8	1
109.786269	5.578838E-8	1
109.897337	5.577129E-8	1
110.008052	5.577774E-8	1
110.119953	5.579308E-8	1
110.229357	5.579244E-8	1
110.341376	5.577342E-8	1
110.450817	5.578077E-8	1
110.55917	5.578148E-8	1
110.666788	5.577445E-8	1
110.778811	5.577362E-8	1
110.89066	5.578883E-8	1
111.000746	5.57644E-8	1
111.111143	5.575505E-8	1
111.218445	5.577774E-8	1
111.327196	5.575628E-8	1
111.442434	5.577129E-8	1
111.549709	5.577362E-8	1
111.660425	5.575118E-8	1
111.77125	5.576253E-8	1
111.88043	5.576034E-8	1
111.990513	5.574815E-8	1
112.0988	5.576453E-8	1
112.207373	5.575518E-8	1
112.318002	5.575434E-8	1
112.425758	5.574525E-8	1
112.533822	5.57459E-8	1
112.64255	5.575782E-8	1
112.751578	5.574293E-8	1
112.860487	5.573681E-8	1
112.970272	5.57448E-8	1
113.07817	5.575305E-8	1
113.190701	5.574042E-8	1
113.300082	5.572901E-8	1
113.40803	5.573861E-8	1
113.51643	5.574422E-8	1
113.63218	5.574964E-8	1
113.740571	5.573642E-8	1
113.849247	5.571463E-8	1
113.95899	5.572366E-8	1
114.070744	5.573172E-8	1
114.178303	5.574119E-8	1
114.288927	5.574184E-8	1
114.397288	5.571683E-8	1
114.507002	5.571586E-8	1
114.618186	5.572682E-8	1
114.726316	5.573526E-8	1
114.835703	5.574216E-8	1
114.945876	5.571567E-8	1
115.055614	5.570413E-8	1
115.163965	5.571167E-8	1
115.273677	5.570432E-8	1
115.382264	5.572192E-8	1
115.488763	5.570903E-8	1
115.598403	5.570316E-8	1
115.708501	5.571476E-8	1
115.815725	5.572121E-8	1
115.925691	5.570078E-8	1
116.036078	5.569272E-8	1
116.14633	5.571367E-8	1
116.254623	5.569478E-8	1
116.36524	5.57107E-8	1
116.474441	5.569833E-8	1
116.583619	5.569845E-8	1
116.693185	5.569646E-8	1
116.804134	5.569381E-8	1
116.913657	5.569298E-8	1
117.024114	5.569066E-8	1
117.136281	5.570335E-8	1
117.244859	5.570393E-8	1
117.354474	5.568737E-8	1
117.464503	5.569059E-8	1
117.572244	5.568879E-8	1
117.686576	5.569214E-8	1
117.796081	5.568659E-8	1
117.904376	5.56864E-8	1
118.012703	5.568698E-8	1
118.122512	5.568653E-8	1
118.231599	5.568659E-8	1
118.340758	5.568859E-8	1
118.449477	5.568337E-8	1
118.558238	5.568879E-8	1
118.668661	5.568163E-8	1
118.779267	5.567995E-8	1
118.887943	5.568028E-8	1
118.999601	5.568163E-8	1
119.108805	5.566983E-8	1
119.21703	5.567228E-8	1
119.328645	5.566693E-8	1
119.438117	5.566977E-8	1
119.549309	5.566603E-8	1
119.660065	5.56728E-8	1
119.769837	5.566809E-8	1
119.879215	5.566365E-8	1
119.988074	5.567467E-8	1
120.098302	5.567106E-8	1
120.207751	5.565739E-8	1
120.31713	5.56534E-8	1
120.424722	5.566681E-8	1
120.534253	5.56561E-8	1
120.64325	5.565166E-8	1
120.755477	5.564998E-8	1
120.865196	5.564373E-8	1
120.972643	5.565288E-8	1
121.080594	5.565623E-8	1
121.191061	5.56514E-8	1
121.301937	5.564676E-8	1
121.412025	5.564843E-8	1
121.522097	5.564959E-8	1
121.631537	5.563889E-8	1
121.73982	5.56329E-8	1
121.852923	5.565159E-8	1
121.964502	5.562736E-8	1
122.077237	5.564083E-8	1
122.213642	5.562845E-8	1
122.326375	5.564785E-8	1
122.433789	5.563335E-8	1
122.544075	5.561936E-8	1
122.652837	5.564083E-8	1
122.763079	5.564637E-8	1
122.875573	5.563271E-8	1
122.983877	5.562465E-8	1
123.09364	5.561975E-8	1
123.203744	5.562329E-8	1
123.313034	5.564005E-8	1
123.422464	5.56193E-8	1
123.531833	5.560944E-8	1
123.641821	5.561956E-8	1
123.754134	5.562922E-8	1
123.864518	5.563316E-8	1
123.973579	5.562355E-8	1
124.082982	5.561382E-8	1
124.192943	5.559957E-8	1
124.308397	5.56095E-8	1
124.416934	5.562188E-8	1
124.526283	5.562478E-8	1
124.636425	5.561085E-8	1
124.747287	5.560389E-8	1
124.858527	5.559919E-8	1
124.967994	5.560247E-8	1
125.078272	5.559635E-8	1
125.191512	5.560808E-8	1
125.300599	5.560267E-8	1
125.408611	5.560041E-8	1
125.516223	5.560989E-8	1
125.624492	5.559809E-8	1
125.733016	5.559841E-8	1
125.842389	5.559545E-8	1
125.953549	5.55948E-8	1
126.0621	5.559783E-8	1
126.17363	5.559255E-8	1
126.282521	5.559564E-8	1
126.391799	5.560131E-8	1
126.50061	5.560492E-8	1
126.610804	5.560499E-8	1
126.719883	5.557882E-8	1
126.829091	5.5593E-8	1
126.938154	5.559977E-8	1
127.046388	5.559158E-8	1
127.157283	5.559448E-8	1
127.264493	5.558642E-8	1
127.373684	5.559171E-8	1
127.484241	5.557959E-8	1
127.596618	5.558268E-8	1
127.706186	5.559029E-8	1
127.816823	5.558978E-8	1
127.927289	5.558268E-8	1
128.037007	5.558378E-8	1
128.145448	5.55812E-8	1
128.2558	5.558159E-8	1
128.365323	5.55812E-8	1
128.47725	5.557721E-8	1
128.587324	5.556444E-8	1
128.698101	5.557005E-8	1
128.808639	5.557895E-8	1
128.916869	5.502027E-8	1
129.024679	5.563541E-8	1
129.133053	5.566287E-8	1
129.242476	5.564695E-8	1
129.350135	5.564811E-8	1
129.460635	5.565411E-8	1
129.571348	5.565146E-8	1
129.681159	5.564508E-8	1
129.791484	5.564263E-8	1
129.89965	5.565249E-8	1
130.008373	5.56436E-8	1
130.117152	5.563935E-8	1
130.225032	5.563999E-8	1
130.334532	5.564785E-8	1
130.445069	5.563838E-8	1
130.557725	5.563458E-8	1
130.666651	5.56378E-8	1
130.776242	5.56318E-8	1
130.884547	5.563464E-8	1
130.99377	5.56347E-8	1
131.104021	5.56329E-8	1
131.212829	5.563399E-8	1
131.320063	5.56358E-8	1
131.429557	5.562413E-8	1
131.54325	5.562819E-8	1
131.653129	5.563E-8	1
131.764545	5.563006E-8	1
131.875679	5.561672E-8	1
131.987422	5.562104E-8	1
132.098852	5.562097E-8	1
132.210138	5.562317E-8	1
132.318768	5.562723E-8	1
132.428155	5.561646E-8	1
132.536107	5.562317E-8	1
132.645163	5.562445E-8	1
132.754474	5.5626E-8	1
132.861847	5.562935E-8	1
132.970733	5.561678E-8	1
133.080546	5.563116E-8	1
133.187912	5.561923E-8	1
133.296149	5.56202E-8	1
133.406537	5.561814E-8	1
133.515011	5.561569E-8	1
133.624817	5.561537E-8	1
133.734805	5.560937E-8	1
133.845581	5.561511E-8	1
133.955316	5.560924E-8	1
134.066584	5.561221E-8	1
134.176553	5.561266E-8	1
134.285992	5.56075E-8	1
134.396578	5.560718E-8	1
134.507702	5.560918E-8	1
134.616532	5.560692E-8	1
134.725525	5.560583E-8	1
134.836286	5.560653E-8	1
134.944261	5.561002E-8	1
135.053067	5.560344E-8	1
135.161651	5.559403E-8	1
135.269722	5.560454E-8	1
135.377977	5.559184E-8	1
135.488247	5.558713E-8	1
135.597947	5.560118E-8	1
135.705259	5.560144E-8	1
135.818849	5.559448E-8	1
135.928437	5.559164E-8	1
136.037355	5.560918E-8	1
136.147016	5.55919E-8	1
136.257612	5.559319E-8	1
136.369157	5.559783E-8	1
136.477521	5.55919E-8	1
136.586462	5.558778E-8	1
136.695996	5.559861E-8	1
136.806021	5.558758E-8	1
136.914199	5.5595E-8	1
137.022664	5.559545E-8	1
137.133048	5.55843E-8	1
137.242924	5.559152E-8	1
137.355294	5.559222E-8	1
137.464141	5.559197E-8	1
137.574132	5.558075E-8	1
137.685203	5.558443E-8	1
137.793468	5.55821E-8	1
137.904123	5.558223E-8	1
138.013424	5.557766E-8	1
138.12175	5.558165E-8	1
138.229517	5.557862E-8	1
138.339139	5.557701E-8	1
138.447416	5.558082E-8	1
138.55552	5.557463E-8	1
138.665604	5.556612E-8	1
138.776025	5.557482E-8	1
138.882862	5.55765E-8	1
138.991269	5.557746E-8	1
139.100329	5.556489E-8	1
139.211279	5.557128E-8	1
139.324687	5.557489E-8	1
139.432602	5.557276E-8	1
139.542533	5.556947E-8	1
139.65282	5.557186E-8	1
139.763051	5.557115E-8	1
139.873507	5.55656E-8	1
139.983402	5.556702E-8	1
140.091758	5.55636E-8	1
140.200454	5.556721E-8	1
140.312734	5.556496E-8	1
140.422773	5.557147E-8	1
140.530236	5.55685E-8	1
140.637864	5.556277E-8	1
140.748614	5.556779E-8	1
140.85855	5.556341E-8	1
140.969286	5.556902E-8	1
141.077532	5.556232E-8	1
141.183872	5.556019E-8	1
141.293477	5.556341E-8	1
141.403057	5.556322E-8	1
141.50973	5.55598E-8	1
141.618569	5.5556E-8	1
141.728558	5.556193E-8	1
141.83895	5.555929E-8	1
141.947689	5.556019E-8	1
142.055443	5.555613E-8	1
142.167861	5.556212E-8	1
142.278149	5.555755E-8	1
142.38627	5.555619E-8	1
142.49846	5.555323E-8	1
142.605375	5.555432E-8	1
142.715722	5.554626E-8	1
142.824191	5.555336E-8	1
142.931229	5.555168E-8	1
143.04062	5.555065E-8	1
143.151856	5.554955E-8	1
143.258288	5.555497E-8	1
143.36561	5.554336E-8	1
143.47356	5.55473E-8	1
143.581869	5.554794E-8	1
143.690336	5.554568E-8	1
143.79804	5.554788E-8	1
143.907255	5.554678E-8	1
144.015992	5.553524E-8	1
144.124992	5.55366E-8	1
144.2333	5.554201E-8	1
144.343735	5.553795E-8	1
144.452514	5.554169E-8	1
144.563203	5.553969E-8	1
144.672213	5.553879E-8	1
144.78235	5.553421E-8	1
144.89209	5.553511E-8	1
145.000707	5.553286E-8	1
145.12006	5.553614E-8	1
145.228308	5.55306E-8	1
145.336143	5.553021E-8	1
145.444192	5.55375E-8	1
145.553231	5.553911E-8	1
145.661631	5.552506E-8	1
145.771452	5.553041E-8	1
145.878736	5.55384E-8	1
145.990893	5.553073E-8	1
146.098996	5.552357E-8	1
146.208952	5.553118E-8	1
146.31718	5.552873E-8	1
146.4281	5.552841E-8	1
146.538344	5.552731E-8	1
146.64633	5.552474E-8	1
146.757225	5.552325E-8	1
146.864128	5.552145E-8	1
146.973388	5.552802E-8	1
147.080112	5.552042E-8	1
147.192853	5.55373E-8	1
147.300956	5.551706E-8	1
147.410757	5.552622E-8	1
147.520919	5.55179E-8	1
147.628458	5.551739E-8	1
147.737624	5.553131E-8	1
147.844315	5.551919E-8	1
147.953689	5.552035E-8	1
148.063487	5.551803E-8	1
148.172045	5.551739E-8	1
148.280556	5.551313E-8	1
148.387385	5.551906E-8	1
148.495663	5.551133E-8	1
148.605974	5.551126E-8	1
148.714853	5.552357E-8	1
148.823468	5.551287E-8	1
148.933699	5.551681E-8	1
149.043029	5.552093E-8	1
149.1495	5.550643E-8	1
149.25952	5.550926E-8	1
149.368542	5.55161E-8	1
149.477612	5.551545E-8	1
149.585005	5.549747E-8	1
149.693496	5.551771E-8	1
149.803004	5.552029E-8	1
149.910882	5.549386E-8	1
150.020307	5.549992E-8	1
150.128447	5.551642E-8	1
150.236871	5.551436E-8	1
150.345531	5.55081E-8	1
150.45339	5.54985E-8	1
150.560618	5.549289E-8	1
150.66945	5.549992E-8	1
150.778652	5.552138E-8	1
150.888013	5.550211E-8	1
150.996416	5.548226E-8	1
151.106138	5.549218E-8	1
151.215839	5.551333E-8	1
151.323809	5.549586E-8	1
151.430832	5.547865E-8	1
151.538689	5.551326E-8	1
151.646042	5.550263E-8	1
151.753363	5.549586E-8	1
151.860652	5.548774E-8	1
151.971448	5.54945E-8	1
152.079958	5.551107E-8	1
152.190007	5.549238E-8	1
152.298117	5.548155E-8	1
152.406786	5.549373E-8	1
152.517181	5.55043E-8	1
152.627819	5.547878E-8	1
152.735775	5.550701E-8	1
152.843999	5.549463E-8	1
152.953982	5.549392E-8	1
153.060958	5.550237E-8	1
153.169674	5.548329E-8	1
153.277262	5.548832E-8	1
153.386425	5.54956E-8	1
153.495348	5.548335E-8	1
153.603085	5.549534E-8	1
153.710752	5.548413E-8	1
153.820552	5.547523E-8	1
153.929176	5.549302E-8	1
154.037998	5.548625E-8	1
154.147116	5.547626E-8	1
154.257043	5.548877E-8	1
154.368562	5.547549E-8	1
154.477967	5.54867E-8	1
154.584774	5.548348E-8	1
154.693743	5.547929E-8	1
154.802098	5.54809E-8	1
154.908658	5.549154E-8	1
155.016892	5.547652E-8	1
155.125203	5.546189E-8	1
155.234126	5.547388E-8	1
155.342862	5.549934E-8	1
155.450138	5.547491E-8	1
155.559649	5.547181E-8	1
155.66952	5.547839E-8	1
155.778577	5.547446E-8	1
155.885797	5.547697E-8	1
155.995909	5.547529E-8	1
156.104676	5.547658E-8	1
156.211946	5.546885E-8	1
156.322213	5.547652E-8	1
156.43201	5.547336E-8	1
156.540274	5.547575E-8	1
156.651266	5.547297E-8	1
156.762153	5.548064E-8	1
156.869978	5.546672E-8	1
156.979595	5.546556E-8	1
157.087729	5.546737E-8	1
157.195954	5.546833E-8	1
157.304009	5.546917E-8	1
157.412955	5.547052E-8	1
157.521833	5.546679E-8	1
157.629035	5.546008E-8	1
157.738274	5.546505E-8	1
157.847631	5.546795E-8	1
157.955919	5.546936E-8	1
158.063488	5.547523E-8	1
158.17268	5.546163E-8	1
158.28054	5.546144E-8	1
158.390109	5.546511E-8	1
158.497561	5.546956E-8	1
158.605652	5.546421E-8	1
158.715565	5.546717E-8	1
158.825249	5.547568E-8	1
158.933906	5.54615E-8	1
159.042799	5.546363E-8	1
159.14997	5.546859E-8	1
159.258195	5.545505E-8	1
159.369924	5.545402E-8	1
159.478386	5.546214E-8	1
159.586625	5.546086E-8	1
159.696483	5.546053E-8	1
159.803727	5.546253E-8	1
159.913798	5.54633E-8	1
160.021859	5.545538E-8	1
160.129992	5.545924E-8	1
160.237681	5.546131E-8	1
160.34628	5.545667E-8	1
160.453018	5.545634E-8	1
160.56222	5.546066E-8	1
160.672403	5.545705E-8	1
160.779488	5.544287E-8	1
160.886464	5.546021E-8	1
160.995621	5.544777E-8	1
161.107021	5.545132E-8	1
161.214922	5.545177E-8	1
161.323625	5.545177E-8	1
161.431892	5.544783E-8	1
161.542322	5.544829E-8	1
161.65001	5.49172E-8	1
161.76044	5.542134E-8	1
161.870842	5.547388E-8	1
161.981092	5.547703E-8	1
162.089478	5.54858E-8	1
162.201838	5.548406E-8	1
162.308839	5.548645E-8	1
162.416452	5.548587E-8	1
162.524146	5.548432E-8	1
162.632814	5.548097E-8	1
162.739673	5.547871E-8	1
162.849197	5.548664E-8	1
162.957162	5.54791E-8	1
163.068308	5.547826E-8	1
163.177944	5.548122E-8	1
163.288232	5.547401E-8	1
163.396839	5.547878E-8	1
163.50627	5.547665E-8	1
163.614254	5.547839E-8	1
163.722512	5.547555E-8	1
163.829446	5.54742E-8	1
163.936426	5.547426E-8	1
164.043971	5.547749E-8	1
164.151745	5.546517E-8	1
164.260156	5.547098E-8	1
164.367258	5.54704E-8	1
164.476712	5.546756E-8	1
164.584986	5.546272E-8	1
164.694541	5.547162E-8	1
164.803104	5.546646E-8	1
164.912826	5.547246E-8	1
165.023043	5.546724E-8	1
165.129331	5.547065E-8	1
165.241869	5.546356E-8	1
165.351065	5.54655E-8	1
165.460784	5.546182E-8	1
165.569046	5.545937E-8	1
165.677576	5.546582E-8	1
165.785092	5.546182E-8	1
165.895401	5.546053E-8	1
166.002633	5.546691E-8	1
166.110691	5.546666E-8	1
166.219913	5.546601E-8	1
166.327002	5.546563E-8	1
166.435384	5.54664E-8	1
166.542789	5.54684E-8	1
166.651101	5.546782E-8	1
166.759285	5.546053E-8	1
166.867109	5.546337E-8	1
166.976612	5.546582E-8	1
167.086728	5.546704E-8	1
167.194591	5.546318E-8	1
167.303922	5.546214E-8	1
167.414956	5.546118E-8	1
167.523587	5.545886E-8	1
167.632349	5.545325E-8	1
167.741103	5.54644E-8	1
167.848445	5.545531E-8	1
167.957899	5.546015E-8	1
168.064169	5.546221E-8	1
168.171402	5.545789E-8	1
168.279735	5.544822E-8	1
168.388105	5.546202E-8	1
168.497179	5.545879E-8	1
168.608614	5.545164E-8	1
168.718956	5.545518E-8	1
168.825331	5.545815E-8	1
168.936138	5.545009E-8	1
169.044507	5.544745E-8	1
169.153768	5.545196E-8	1
169.264706	5.54488E-8	1
169.373449	5.54488E-8	1
169.481717	5.545254E-8	1
169.589964	5.545415E-8	1
169.697762	5.54566E-8	1
169.805922	5.545499E-8	1
169.914052	5.54519E-8	1
170.023362	5.544667E-8	1
170.131559	5.544848E-8	1
170.241427	5.544339E-8	1
170.34817	5.544938E-8	1
170.456459	5.545312E-8	1
170.563701	5.544526E-8	1
170.671942	5.544165E-8	1
170.780756	5.545028E-8	1
170.89012	5.543887E-8	1
170.998561	5.544474E-8	1
171.105793	5.544616E-8	1
171.214837	5.54312E-8	1
171.32451	5.544461E-8	1
171.43316	5.544049E-8	1
171.540991	5.544236E-8	1
171.650147	5.543456E-8	1
171.758483	5.543836E-8	1
171.867154	5.543675E-8	1
171.974487	5.543694E-8	1
172.08419	5.543958E-8	1
172.194093	5.544526E-8	1
172.304402	5.544242E-8	1
172.414648	5.543984E-8	1
172.524873	5.543481E-8	1
172.633835	5.544113E-8	1
172.741486	5.543223E-8	1
172.852834	5.543559E-8	1
172.959301	5.544158E-8	1
173.066825	5.544248E-8	1
173.17546	5.543926E-8	1
173.28383	5.543572E-8	1
173.391501	5.544538E-8	1
173.499702	5.543095E-8	1
173.60746	5.544951E-8	1
173.715805	5.544358E-8	1
173.822743	5.54392E-8	1
173.931081	5.543075E-8	1
174.040451	5.543842E-8	1
174.148093	5.542966E-8	1
174.257225	5.54283E-8	1
174.366065	5.54283E-8	1
174.475588	5.544816E-8	1
174.586145	5.542811E-8	1
174.695364	5.542966E-8	1
174.802886	5.543662E-8	1
174.909884	5.542946E-8	1
175.01814	5.542863E-8	1
175.126619	5.54361E-8	1
175.235157	5.542128E-8	1
175.343642	5.486312E-8	1
175.452902	5.544526E-8	1
175.561131	5.547452E-8	1
175.669005	5.546956E-8	1
175.777535	5.548006E-8	1
175.886425	5.547587E-8	1
175.994011	5.545789E-8	1
176.103642	5.547703E-8	1
176.212905	5.546646E-8	1
176.324665	5.54704E-8	1
176.432592	5.548032E-8	1
176.540081	5.54733E-8	1
176.647013	5.546131E-8	1
176.755682	5.547755E-8	1
176.864613	5.546008E-8	1
176.974444	5.546936E-8	1
177.082576	5.54633E-8	1
177.190919	5.547413E-8	1
177.297345	5.546569E-8	1
177.410583	5.544951E-8	1
177.519073	5.54733E-8	1
177.627285	5.54624E-8	1
177.73768	5.545409E-8	1
177.844656	5.54702E-8	1
177.952781	5.545731E-8	1
178.060883	5.54441E-8	1
178.169788	5.546962E-8	1
178.27874	5.547149E-8	1
178.386213	5.545028E-8	1
178.493101	5.54499E-8	1
178.600404	5.546795E-8	1
178.70915	5.547491E-8	1
178.819977	5.546047E-8	1
178.927193	5.544294E-8	1
179.037563	5.546414E-8	1
179.145848	5.547484E-8	1
179.253145	5.545757E-8	1
179.360772	5.545699E-8	1
179.468485	5.544609E-8	1
179.574949	5.545293E-8	1
179.684235	5.545402E-8	1
179.792347	5.54575E-8	1
179.902874	5.546582E-8	1
180.012442	5.547594E-8	1
180.122313	5.545028E-8	1
180.232548	5.545699E-8	1
180.342122	5.546459E-8	1
180.45059	5.544635E-8	1
180.559639	5.545602E-8	1
180.669711	5.545086E-8	1
180.777926	5.545647E-8	1
180.888702	5.545241E-8	1
180.997462	5.545383E-8	1
181.107319	5.545866E-8	1
181.219551	5.546182E-8	1
181.328788	5.54566E-8	1
181.437654	5.545544E-8	1
181.549969	5.545441E-8	1
181.6587	5.546202E-8	1
181.765687	5.54508E-8	1
181.87667	5.544996E-8	1
181.984819	5.54575E-8	1
182.091689	5.545789E-8	1
182.199968	5.545138E-8	1
182.307449	5.545531E-8	1
182.415487	5.544983E-8	1
182.523228	5.545364E-8	1
182.631971	5.54577E-8	1
182.741214	5.545157E-8	1
182.850045	5.545299E-8	1
182.958326	5.544887E-8	1
183.068315	5.545202E-8	1
183.177728	5.545654E-8	1
183.284671	5.545009E-8	1
183.393082	5.544861E-8	1
183.501877	5.544294E-8	1
183.61026	5.545267E-8	1
183.719273	5.544925E-8	1
183.828388	5.544687E-8	1
183.937031	5.544603E-8	1
184.046138	5.544294E-8	1
184.154974	5.545164E-8	1
184.263099	5.54448E-8	1
184.373872	5.544281E-8	1
184.483291	5.544242E-8	1
184.591594	5.54352E-8	1
184.701832	5.544945E-8	1
184.811274	5.544294E-8	1
184.920275	5.544165E-8	1
185.027829	5.544184E-8	1
185.136834	5.544519E-8	1
185.245484	5.54441E-8	1
185.353887	5.544377E-8	1
185.461879	5.544957E-8	1
185.573091	5.544197E-8	1
185.681863	5.54361E-8	1
185.790921	5.544358E-8	1
185.903417	5.544319E-8	1
186.010515	5.54392E-8	1
186.119784	5.544899E-8	1
186.228534	5.544248E-8	1
186.338168	5.543746E-8	1
186.446865	5.544036E-8	1
186.555562	5.544029E-8	1
186.663256	5.5439E-8	1
186.77369	5.543894E-8	1
186.881691	5.543385E-8	1
186.989905	5.543913E-8	1
187.098236	5.544422E-8	1
187.205808	5.544661E-8	1
187.313397	5.54401E-8	1
187.422441	5.543526E-8	1
187.531696	5.543243E-8	1
187.639944	5.543939E-8	1
187.748213	5.543153E-8	1
187.854583	5.543907E-8	1
187.962972	5.543443E-8	1
188.072116	5.543688E-8	1
188.181707	5.543191E-8	1
188.290579	5.543765E-8	1
188.399588	5.543288E-8	1
188.508838	5.543301E-8	1
188.616575	5.543481E-8	1
188.727284	5.543062E-8	1
188.837218	5.543572E-8	1
188.948267	5.544236E-8	1
189.057816	5.542643E-8	1
189.167044	5.543372E-8	1
189.274338	5.54334E-8	1
189.38465	5.542946E-8	1
189.494116	5.543391E-8	1
189.60317	5.543475E-8	1
189.712062	5.542856E-8	1
189.845106	5.544261E-8	1
189.956329	5.543642E-8	1
190.065998	5.54294E-8	1
190.176028	5.543436E-8	1
190.283915	5.543726E-8	1
190.389984	5.487839E-8	1
190.49977	5.547052E-8	1
190.60904	5.548902E-8	1
190.717942	5.550333E-8	1
190.828161	5.549418E-8	1
190.936813	5.549051E-8	1
191.044954	5.548599E-8	1
191.153793	5.549669E-8	1
191.263732	5.54751E-8	1
191.372867	5.549309E-8	1
191.481159	5.549263E-8	1
191.589556	5.548174E-8	1
191.696286	5.548954E-8	1
191.806051	5.549031E-8	1
191.915561	5.547678E-8	1
192.024745	5.54889E-8	1
192.133483	5.549927E-8	1
192.242261	5.549837E-8	1
192.351355	5.546975E-8	1
192.459538	5.548548E-8	1
192.567984	5.549076E-8	1
192.675604	5.549831E-8	1
192.782726	5.549728E-8	1
192.892694	5.548645E-8	1
192.999176	5.548309E-8	1
193.107917	5.548251E-8	1
193.216563	5.548226E-8	1
193.325309	5.547768E-8	1
193.435215	5.547446E-8	1
193.54473	5.549753E-8	1
193.651373	5.550643E-8	1
193.75916	5.546846E-8	1
193.86831	5.54751E-8	1
193.976665	5.550101E-8	1
194.084084	5.548748E-8	1
194.192769	5.547587E-8	1
194.302512	5.549631E-8	1
194.412801	5.548071E-8	1
194.521953	5.548238E-8	1
194.62902	5.549592E-8	1
194.737557	5.547955E-8	1
194.846235	5.547626E-8	1
194.954442	5.548284E-8	1
195.0639	5.548168E-8	1
195.171181	5.547755E-8	1
195.279838	5.54867E-8	1
195.389695	5.54818E-8	1
195.497506	5.547188E-8	1
195.60636	5.548754E-8	1
195.714031	5.547143E-8	1
195.826876	5.546827E-8	1
195.937133	5.547342E-8	1
196.044855	5.54838E-8	1
196.151933	5.547968E-8	1
196.259367	5.547807E-8	1
196.366509	5.548548E-8	1
196.474733	5.548767E-8	1
196.584672	5.546969E-8	1
196.692629	5.548226E-8	1
196.802476	5.548039E-8	1
196.911475	5.54664E-8	1
197.021525	5.5484E-8	1
197.12878	5.547961E-8	1
197.23563	5.547736E-8	1
197.345421	5.548393E-8	1
197.453912	5.547768E-8	1
197.561141	5.545931E-8	1
197.670892	5.548245E-8	1
197.779713	5.547594E-8	1
197.889285	5.54606E-8	1
197.996866	5.548335E-8	1
198.106694	5.547272E-8	1
198.213262	5.547104E-8	1
198.320306	5.548E-8	1
198.429244	5.547291E-8	1
198.537068	5.546775E-8	1
198.648287	5.547433E-8	1
198.757517	5.547819E-8	1
198.864799	5.546311E-8	1
198.974008	5.547297E-8	1
199.082709	5.54771E-8	1
199.190834	5.547304E-8	1
199.30223	5.547903E-8	1
199.411136	5.546911E-8	1
199.519063	5.547491E-8	1
199.62852	5.546543E-8	1
199.743463	5.547297E-8	1
199.849836	5.547587E-8	1
199.958906	5.547085E-8	1
200.067836	5.546923E-8	1
200.176099	5.547233E-8	1
200.28593	5.547542E-8	1
200.395645	5.546279E-8	1
200.502818	5.547607E-8	1
200.611522	5.547033E-8	1
200.722939	5.547381E-8	1
200.830161	5.546878E-8	1
200.937391	5.546956E-8	1
201.04469	5.547633E-8	1
201.153957	5.546369E-8	1
201.262856	5.547452E-8	1
201.371492	5.547104E-8	1
201.490791	5.546659E-8	1
201.600009	5.547749E-8	1
201.707928	5.547239E-8	1
201.815004	5.547446E-8	1
201.923614	5.547291E-8	1
202.031615	5.547194E-8	1
202.139999	5.547239E-8	1
202.247702	5.547336E-8	1
202.356406	5.547923E-8	1
202.463623	5.547194E-8	1
202.576458	5.547542E-8	1
202.686022	5.547252E-8	1
202.79481	5.547446E-8	1
202.902735	5.546743E-8	1
203.009289	5.547742E-8	1
203.118499	5.547807E-8	1
203.228104	5.548058E-8	1
203.335399	5.546563E-8	1
203.44466	5.547781E-8	1
203.552879	5.547826E-8	1
203.660143	5.547858E-8	1
203.769206	5.547529E-8	1
203.878377	5.546936E-8	1
203.985719	5.546846E-8	1
204.09517	5.54809E-8	1
204.203433	5.547465E-8	1
204.310357	5.546975E-8	1
204.419941	5.547781E-8	1
204.528943	5.547201E-8	1
204.637529	5.548116E-8	1
204.746315	5.547633E-8	1
204.854359	5.546891E-8	1
204.963452	5.547652E-8	1
205.073907	5.546176E-8	1
205.183036	5.547349E-8	1
205.289266	5.546388E-8	1
205.401378	5.546324E-8	1
205.51143	5.54791E-8	1
205.619884	5.547587E-8	1
205.731038	5.546988E-8	1
205.83797	5.546923E-8	1
205.944807	5.547207E-8	1
206.053084	5.547665E-8	1
206.160526	5.548142E-8	1
206.268444	5.547568E-8	1
206.376052	5.546949E-8	1
206.48497	5.547027E-8	1
206.593585	5.54664E-8	1
206.704053	5.547575E-8	1
206.812638	5.546485E-8	1
206.921884	5.547542E-8	1
207.02945	5.547078E-8	1
207.13836	5.547613E-8	1
207.248762	5.5482E-8	1
207.374134	5.547781E-8	1
207.48236	5.547426E-8	1
207.590535	5.54789E-8	1
207.698522	5.547884E-8	1
207.809081	5.546621E-8	1
207.917692	5.547439E-8	1
208.026545	5.546543E-8	1
208.135095	5.54653E-8	1
208.242176	5.548529E-8	1
208.350127	5.545886E-8	1
208.457468	5.546382E-8	1
208.566484	5.547987E-8	1
208.673745	5.546369E-8	1
208.785001	5.547729E-8	1
208.893628	5.546833E-8	1
209.002172	5.545344E-8	1
209.109944	5.547433E-8	1
209.222007	5.547678E-8	1
209.330584	5.54537E-8	1
209.439229	5.545802E-8	1
209.546453	5.548548E-8	1
209.656674	5.546163E-8	1
209.765399	5.544938E-8	1
209.873755	5.547484E-8	1
209.987281	5.547368E-8	1
210.095173	5.546917E-8	1
210.203882	5.545834E-8	1
210.315264	5.546685E-8	1
210.425652	5.546169E-8	1
210.533269	5.547987E-8	1
210.640687	5.548516E-8	1
210.750014	5.546827E-8	1
210.857952	5.54664E-8	1
210.965156	5.545969E-8	1
211.073093	5.547542E-8	1
211.179447	5.547323E-8	1
211.28798	5.547136E-8	1
211.397337	5.545402E-8	1
211.506519	5.547923E-8	1
211.614411	5.546859E-8	1
211.723865	5.547452E-8	1
211.831112	5.546382E-8	1
211.938048	5.547065E-8	1
212.045245	5.546292E-8	1
212.155545	5.546369E-8	1
212.264955	5.488723E-8	1
212.376224	5.549437E-8	1
212.486378	5.549831E-8	1
212.594973	5.548599E-8	1
212.704146	5.54849E-8	1
212.812135	5.549102E-8	1
212.920643	5.549837E-8	1
213.02899	5.549276E-8	1
213.136271	5.549715E-8	1
213.243719	5.550462E-8	1
213.352837	5.549328E-8	1
213.463072	5.549044E-8	1
213.575312	5.547633E-8	1
213.682602	5.549547E-8	1
213.792601	5.549276E-8	1
213.90111	5.548786E-8	1
214.009353	5.549457E-8	1
214.11776	5.549006E-8	1
214.22671	5.548413E-8	1
214.334919	5.549205E-8	1
214.443075	5.54996E-8	1
214.553425	5.548928E-8	1
214.660615	5.548838E-8	1
214.770517	5.549115E-8	1
214.879023	5.549012E-8	1
214.987221	5.548735E-8	1
215.096411	5.54996E-8	1
215.205891	5.548271E-8	1
215.314079	5.549238E-8	1
215.427001	5.549566E-8	1
215.53465	5.549089E-8	1
215.645947	5.54889E-8	1
215.756274	5.548548E-8	1
215.864612	5.54965E-8	1
215.9741	5.549167E-8	1
216.082186	5.548696E-8	1
216.191384	5.549547E-8	1
216.299421	5.548496E-8	1
216.406305	5.548226E-8	1
216.515198	5.549154E-8	1
216.622838	5.548703E-8	1
216.729857	5.548264E-8	1
216.841094	5.549096E-8	1
216.949653	5.548516E-8	1
217.058261	5.548393E-8	1
217.168781	5.54947E-8	1
217.279131	5.548902E-8	1
217.387666	5.548709E-8	1
217.498085	5.549038E-8	1
217.607006	5.548832E-8	1
217.71472	5.549044E-8	1
217.822999	5.548567E-8	1
217.932091	5.548245E-8	1
218.040652	5.550179E-8	1
218.149457	5.549502E-8	1
218.25693	5.548367E-8	1
218.365158	5.549186E-8	1
218.476868	5.549328E-8	1
218.585022	5.548941E-8	1
218.693048	5.549192E-8	1
218.80059	5.548883E-8	1
218.908465	5.548632E-8	1
219.017736	5.5482E-8	1
219.125388	5.549334E-8	1
219.234807	5.548387E-8	1
219.342703	5.548664E-8	1
219.450824	5.549064E-8	1
219.558467	5.548561E-8	1
219.668228	5.548277E-8	1
219.775458	5.548883E-8	1
219.884384	5.548342E-8	1
219.993961	5.548638E-8	1
220.102083	5.549379E-8	1
220.214077	5.548954E-8	1
220.323144	5.549096E-8	1
220.430807	5.549315E-8	1
220.54056	5.548361E-8	1
220.648934	5.549147E-8	1
220.75817	5.549031E-8	1
220.868552	5.548587E-8	1
220.975946	5.549347E-8	1
221.086785	5.549089E-8	1
221.196431	5.549309E-8	1
221.304992	5.548006E-8	1
221.415501	5.549315E-8	1
221.522454	5.548058E-8	1
221.630466	5.548226E-8	1
221.743414	5.548342E-8	1
221.85465	5.548039E-8	1
221.963056	5.549373E-8	1
222.073144	5.547852E-8	1
222.179925	5.549115E-8	1
222.287314	5.548973E-8	1
222.396046	5.547652E-8	1
222.507312	5.548483E-8	1
222.615096	5.547826E-8	1
222.723326	5.549167E-8	1
222.831756	5.547826E-8	1
222.941158	5.548677E-8	1
223.051221	5.548915E-8	1
223.159609	5.547336E-8	1
223.267538	5.549315E-8	1
223.376289	5.547336E-8	1
223.484868	5.548529E-8	1
223.593199	5.548838E-8	1
223.700744	5.547897E-8	1
223.808494	5.548271E-8	1
223.915792	5.548419E-8	1
224.022989	5.547033E-8	1
224.131874	5.549283E-8	1
224.242609	5.548857E-8	1
224.3506	5.549212E-8	1
224.46004	5.547078E-8	1
224.569355	5.548116E-8	1
224.67787	5.547658E-8	1
224.786202	5.54742E-8	1
224.894579	5.548954E-8	1
225.002093	5.549863E-8	1
225.111662	5.547594E-8	1
225.220647	5.548258E-8	1
225.326752	5.547961E-8	1
225.435981	5.548844E-8	1
225.54412	5.547272E-8	1
225.651582	5.548838E-8	1
225.760745	5.548471E-8	1
225.869174	5.505218E-8	1
225.975659	5.539942E-8	1
226.084106	5.551352E-8	1
226.193487	5.552461E-8	1
226.303156	5.552486E-8	1
226.412314	5.553092E-8	1
226.520686	5.552493E-8	1
226.632258	5.552615E-8	1
226.739993	5.551932E-8	1
226.84738	5.551732E-8	1
226.956683	5.551971E-8	1
227.064014	5.552474E-8	1
227.172629	5.552113E-8	1
227.280038	5.551906E-8	1
227.387058	5.552467E-8	1
227.495288	5.551816E-8	1
227.603613	5.551997E-8	1
227.711586	5.552345E-8	1
227.821466	5.551861E-8	1
227.930705	5.552016E-8	1
228.039381	5.551984E-8	1
228.148737	5.55268E-8	1
228.256258	5.55315E-8	1
228.368508	5.551603E-8	1
228.476911	5.552525E-8	1
228.584923	5.552235E-8	1
228.692073	5.551803E-8	1
228.799357	5.55268E-8	1
228.909241	5.551371E-8	1
229.019341	5.552177E-8	1
229.127312	5.551932E-8	1
229.236077	5.552177E-8	1
229.342481	5.551984E-8	1
229.452215	5.552216E-8	1
229.567471	5.552074E-8	1
229.677801	5.551719E-8	1
229.785557	5.552119E-8	1
229.89356	5.552944E-8	1
230.001588	5.551616E-8	1
230.113091	5.551752E-8	1
230.220806	5.551964E-8	1
230.330793	5.552667E-8	1
230.438169	5.551313E-8	1
230.546183	5.552564E-8	1
230.658131	5.552892E-8	1
230.767513	5.551191E-8	1
230.875283	5.552441E-8	1
230.985591	5.553202E-8	1
231.095129	5.552003E-8	1
231.203993	5.552093E-8	1
231.312063	5.552815E-8	1
231.421292	5.551507E-8	1
231.529655	5.552712E-8	1
231.636946	5.552615E-8	1
231.744627	5.552525E-8	1
231.85396	5.55259E-8	1
231.96156	5.553389E-8	1
232.071415	5.551565E-8	1
232.178784	5.551893E-8	1
232.287228	5.553498E-8	1
232.396892	5.552499E-8	1
232.505784	5.55199E-8	1
232.614651	5.552396E-8	1
232.724841	5.55237E-8	1
232.833453	5.552699E-8	1
232.942676	5.552564E-8	1
233.050922	5.55188E-8	1
233.157831	5.552428E-8	1
233.267165	5.552138E-8	1
233.376081	5.552802E-8	1
233.484858	5.551275E-8	1
233.594087	5.552357E-8	1
233.701907	5.552834E-8	1
233.809852	5.55239E-8	1
233.918741	5.55208E-8	1
234.025506	5.553015E-8	1
234.133187	5.552544E-8	1
234.241171	5.552287E-8	1
234.349533	5.552177E-8	1
234.458126	5.55266E-8	1
234.567356	5.552718E-8	1
234.675553	5.552216E-8	1
234.786378	5.553099E-8	1
234.894204	5.551784E-8	1
235.001344	5.551868E-8	1
235.110367	5.553988E-8	1
235.221065	5.552222E-8	1
235.330162	5.552216E-8	1
235.441702	5.552493E-8	1
235.550968	5.553344E-8	1
235.658313	5.551732E-8	1
235.769086	5.553112E-8	1
235.877354	5.552822E-8	1
235.986337	5.551958E-8	1
236.099758	5.553479E-8	1
236.208458	5.552499E-8	1
236.316217	5.553183E-8	1
236.427573	5.552538E-8	1
236.537327	5.552731E-8	1
236.644947	5.552854E-8	1
236.753845	5.552235E-8	1
236.86347	5.553202E-8	1
236.973502	5.55268E-8	1
237.083362	5.551687E-8	1
237.192	5.552151E-8	1
237.301853	5.552957E-8	1
237.41325	5.5521E-8	1
237.521224	5.552499E-8	1
237.640203	5.552551E-8	1
237.746435	5.552532E-8	1
237.85617	5.552428E-8	1
237.963396	5.552486E-8	1
238.072637	5.551752E-8	1
238.180733	5.55208E-8	1
238.29295	5.552583E-8	1
238.402178	5.552499E-8	1
238.509181	5.551822E-8	1
238.620414	5.552796E-8	1
238.729625	5.552551E-8	1
238.837872	5.552183E-8	1
238.950089	5.552596E-8	1
239.060209	5.552912E-8	1
239.167429	5.552486E-8	1
239.282703	5.552667E-8	1
239.39198	5.553505E-8	1
239.500217	5.551378E-8	1
239.611448	5.492796E-8	1
239.720658	5.553105E-8	1
239.828915	5.554253E-8	1
239.937137	5.553627E-8	1
240.046374	5.553531E-8	1
240.156624	5.554581E-8	1
240.264379	5.553415E-8	1
240.375611	5.553885E-8	1
240.484866	5.554504E-8	1
240.593098	5.554285E-8	1
240.702319	5.553337E-8	1
240.809603	5.554581E-8	1
240.922821	5.554543E-8	1
241.031069	5.549006E-8	1
241.138314	5.547504E-8	1
241.248546	5.547291E-8	1
241.361308	5.547349E-8	1
241.470543	5.547175E-8	1
241.578778	5.548935E-8	1
241.686011	5.547736E-8	1
241.794243	5.547297E-8	1
241.902471	5.548967E-8	1
242.011701	5.547381E-8	1
242.120931	5.547865E-8	1
242.228167	5.547923E-8	1
242.341408	5.548735E-8	1
242.451634	5.54684E-8	1
242.559902	5.548625E-8	1
242.666668	5.548271E-8	1
242.772952	5.5478E-8	1
242.884175	5.548799E-8	1
242.993402	5.547871E-8	1
243.10163	5.547671E-8	1
243.210876	5.548367E-8	1
243.318104	5.548851E-8	1
243.424343	5.547607E-8	1
243.532579	5.549605E-8	1
243.642824	5.547832E-8	1
243.751053	5.548148E-8	1
243.859365	5.546762E-8	1
243.968105	5.549231E-8	1
244.122799	5.548226E-8	1
244.231548	5.548226E-8	1
244.342817	5.547149E-8	1
244.451045	5.546962E-8	1
244.561278	5.547981E-8	1
244.670022	5.548915E-8	1
244.778281	5.549147E-8	1
244.886513	5.549328E-8	1
244.993771	5.547201E-8	1
245.101996	5.546833E-8	1
245.211226	5.547974E-8	1
245.317468	5.54838E-8	1
245.425757	5.547826E-8	1
245.533986	5.547942E-8	1
245.64423	5.548367E-8	1
245.750505	5.547433E-8	1
245.85975	5.547755E-8	1
245.968976	5.550282E-8	1
246.075721	5.547671E-8	1
246.184951	5.547259E-8	1
246.294185	5.546923E-8	1
246.402418	5.548954E-8	1
246.512645	5.548522E-8	1
246.620873	5.548071E-8	1
246.729112	5.547459E-8	1
246.837351	5.547807E-8	1
246.945579	5.548864E-8	1
247.056802	5.548161E-8	1
247.166026	5.548496E-8	1
247.273258	5.547014E-8	1
247.382997	5.548786E-8	1
247.48923	5.54818E-8	1
247.597456	5.547968E-8	1
247.708694	5.548232E-8	1
247.816926	5.547865E-8	1
247.924162	5.547523E-8	1
248.032389	5.548277E-8	1
248.141614	5.548271E-8	1
248.250838	5.548819E-8	1
248.360065	5.548071E-8	1
248.472289	5.548309E-8	1
248.582029	5.548632E-8	1
248.691258	5.548006E-8	1
248.801486	5.547987E-8	1
248.908719	5.548761E-8	1
249.016954	5.548445E-8	1
249.126178	5.549025E-8	1
249.233773	5.548799E-8	1
249.342677	5.548168E-8	1
249.452813	5.548741E-8	1
249.561112	5.548709E-8	1
249.670584	5.549547E-8	1
249.780622	5.548355E-8	1
249.889933	5.548806E-8	1
249.998624	5.548438E-8	1
250.107029	5.548767E-8	1
250.217284	5.547923E-8	1
250.325518	5.548954E-8	1
250.433794	5.548232E-8	1
250.542136	5.549463E-8	1
250.651564	5.548593E-8	1
250.759595	5.549006E-8	1
250.868741	5.549611E-8	1
250.977718	5.548451E-8	1
251.086095	5.548316E-8	1
251.194436	5.549167E-8	1
251.303638	5.549728E-8	1
251.411032	5.548741E-8	1
251.518787	5.548754E-8	1
251.625681	5.550134E-8	1
251.736887	5.548619E-8	1
251.844714	5.547575E-8	1
251.955119	5.550817E-8	1
252.063207	5.549309E-8	1
252.171053	5.547955E-8	1
252.279471	5.550153E-8	1
252.389318	5.549599E-8	1
252.497618	5.548142E-8	1
252.606605	5.550127E-8	1
252.715819	5.549837E-8	1
252.823956	5.549238E-8	1
252.932437	5.548625E-8	1
253.041051	5.549637E-8	1
253.149917	5.55014E-8	1
253.276187	5.495278E-8	1
253.385468	5.554285E-8	1
253.494107	5.556895E-8	1
253.602522	5.557514E-8	1
253.711092	5.556908E-8	1
253.819244	5.557186E-8	1
253.92907	5.556934E-8	1
254.037581	5.555935E-8	1
254.147799	5.556792E-8	1
254.258603	5.556425E-8	1
254.365831	5.557095E-8	1
254.474339	5.556831E-8	1
254.583531	5.55705E-8	1
254.692086	5.556335E-8	1
254.801055	5.556863E-8	1
254.911037	5.556676E-8	1
255.019706	5.556322E-8	1
255.127434	5.555883E-8	1
255.237824	5.556199E-8	1
255.347908	5.556045E-8	1
255.457254	5.55667E-8	1
255.56859	5.556418E-8	1
255.677051	5.556167E-8	1
255.784267	5.557489E-8	1
255.89616	5.556747E-8	1
256.003746	5.556206E-8	1
256.110347	5.556709E-8	1
256.219606	5.556116E-8	1
256.326623	5.556773E-8	1
256.43578	5.557024E-8	1
256.54626	5.556464E-8	1
256.657718	5.556644E-8	1
256.766296	5.556489E-8	1
256.87425	5.556464E-8	1
256.983402	5.556863E-8	1
257.090635	5.556908E-8	1
257.200369	5.55618E-8	1
257.307657	5.557334E-8	1
257.423615	5.556341E-8	1
257.531836	5.55676E-8	1
257.639803	5.556786E-8	1
257.748894	5.556045E-8	1
257.858123	5.557347E-8	1
257.965176	5.557353E-8	1
258.073378	5.557263E-8	1
258.182115	5.557927E-8	1
258.29007	5.557489E-8	1
258.397053	5.557153E-8	1
258.506253	5.55656E-8	1
258.616262	5.55578E-8	1
258.724728	5.556257E-8	1
258.834157	5.557998E-8	1
258.943444	5.556812E-8	1
259.059752	5.555987E-8	1
259.167526	5.557553E-8	1
259.278766	5.557005E-8	1
259.387467	5.556676E-8	1
259.49678	5.556335E-8	1
259.604708	5.556676E-8	1
259.716214	5.556792E-8	1
259.824728	5.557966E-8	1
259.931959	5.557398E-8	1
260.040187	5.556631E-8	1
260.146606	5.556915E-8	1
260.254932	5.557443E-8	1
260.364664	5.55763E-8	1
260.474394	5.556857E-8	1
260.584945	5.558133E-8	1
260.695372	5.557308E-8	1
260.802452	5.558855E-8	1
260.911228	5.556973E-8	1
261.020601	5.557037E-8	1
261.129219	5.557089E-8	1
261.238898	5.55823E-8	1
261.346277	5.557527E-8	1
261.454623	5.557637E-8	1
261.56274	5.557508E-8	1
261.669563	5.557733E-8	1
261.780282	5.557392E-8	1
261.887875	5.557592E-8	1
261.998107	5.559435E-8	1
262.109085	5.557411E-8	1
262.216409	5.558069E-8	1
262.324397	5.556805E-8	1
262.432283	5.556586E-8	1
262.54521	5.557102E-8	1
262.651416	5.558952E-8	1
262.761017	5.55881E-8	1
262.871837	5.555813E-8	1
262.980237	5.556895E-8	1
263.087486	5.557501E-8	1
263.194097	5.558823E-8	1
263.302074	5.558475E-8	1
263.412488	5.556045E-8	1
263.519965	5.556747E-8	1
263.627114	5.558275E-8	1
263.735882	5.557508E-8	1
263.844608	5.557302E-8	1
263.952578	5.55794E-8	1
264.061237	5.557102E-8	1
264.171269	5.557914E-8	1
264.280715	5.557585E-8	1
264.389941	5.557405E-8	1
264.501393	5.557559E-8	1
264.612528	5.557592E-8	1
264.720117	5.557824E-8	1
264.829066	5.558082E-8	1
264.937376	5.55843E-8	1
265.044103	5.55705E-8	1
265.152023	5.558571E-8	1
265.258388	5.558036E-8	1
265.367856	5.557998E-8	1
265.476927	5.557534E-8	1
265.58589	5.558249E-8	1
265.693442	5.558004E-8	1
265.803185	5.557727E-8	1
265.911187	5.558436E-8	1
266.019809	5.557862E-8	1
266.130734	5.558526E-8	1
266.237802	5.557811E-8	1
266.347326	5.559222E-8	1
266.458496	5.558423E-8	1
266.56672	5.557811E-8	1
266.675297	5.558365E-8	1
266.78315	5.558365E-8	1
266.8913	5.506056E-8	1
267.001583	5.559222E-8	1
267.111215	5.564721E-8	1
267.217233	5.565449E-8	1
267.325352	5.564901E-8	1
267.434227	5.566416E-8	1
267.541711	5.565314E-8	1
267.650042	5.565204E-8	1
267.757909	5.565191E-8	1
267.868322	5.564889E-8	1
267.97648	5.564695E-8	1
268.085478	5.565043E-8	1
268.195056	5.564985E-8	1
268.303498	5.565075E-8	1
268.411695	5.564218E-8	1
268.521678	5.565366E-8	1
268.629172	5.564644E-8	1
268.7404	5.565295E-8	1
268.85	5.565275E-8	1
268.956202	5.564605E-8	1
269.064834	5.564708E-8	1
269.172665	5.565378E-8	1
269.280313	5.564876E-8	1
269.390141	5.564889E-8	1
269.498719	5.564766E-8	1
269.605947	5.565101E-8	1
269.712905	5.564508E-8	1
269.824252	5.564998E-8	1
269.930595	5.565398E-8	1
270.042895	5.56436E-8	1
270.152289	5.565101E-8	1
270.259989	5.565494E-8	1
270.367461	5.564237E-8	1
270.474355	5.565346E-8	1
270.583576	5.566403E-8	1
270.693146	5.565224E-8	1
270.800688	5.565295E-8	1
270.908422	5.565907E-8	1
271.01792	5.56561E-8	1
271.126299	5.565179E-8	1
271.234269	5.565881E-8	1
271.343496	5.566397E-8	1
271.451261	5.565166E-8	1
271.558919	5.565707E-8	1
271.66651	5.566081E-8	1
271.775723	5.564901E-8	1
271.885271	5.565133E-8	1
271.99415	5.56641E-8	1
272.102272	5.56572E-8	1
272.208806	5.565894E-8	1
272.321065	5.566552E-8	1
272.429077	5.565701E-8	1
272.537627	5.565346E-8	1
272.644913	5.566055E-8	1
272.752293	5.567235E-8	1
272.862174	5.565901E-8	1
272.990587	5.565843E-8	1
273.10182	5.566713E-8	1
273.210286	5.565804E-8	1
273.319359	5.565701E-8	1
273.428822	5.566552E-8	1
273.535836	5.565385E-8	1
273.642244	5.565424E-8	1
273.751273	5.565946E-8	1
273.860015	5.566249E-8	1
273.970162	5.565752E-8	1
274.078537	5.566771E-8	1
274.187376	5.566771E-8	1
274.294923	5.566294E-8	1
274.404514	5.566204E-8	1
274.51432	5.567203E-8	1
274.623631	5.566584E-8	1
274.7313	5.566287E-8	1
274.840071	5.567216E-8	1
274.946244	5.565778E-8	1
275.054348	5.566487E-8	1
275.164051	5.566829E-8	1
275.271187	5.565997E-8	1
275.379477	5.566835E-8	1
275.487962	5.567009E-8	1
275.597145	5.566913E-8	1
275.705863	5.566133E-8	1
275.814878	5.566249E-8	1
275.924708	5.565559E-8	1
276.032574	5.566732E-8	1
276.141547	5.566468E-8	1
276.249579	5.566358E-8	1
276.358219	5.566532E-8	1
276.468678	5.566081E-8	1
276.57797	5.566055E-8	1
276.687193	5.565959E-8	1
276.795444	5.566158E-8	1
276.904426	5.565843E-8	1
277.013445	5.566223E-8	1
277.120324	5.565971E-8	1
277.22985	5.566068E-8	1
277.33896	5.566487E-8	1
277.446152	5.566087E-8	1
277.555889	5.566455E-8	1
277.661917	5.565694E-8	1
277.769584	5.565656E-8	1
277.881048	5.566307E-8	1
277.990236	5.565772E-8	1
278.098506	5.56659E-8	1
278.206839	5.566494E-8	1
278.314233	5.565514E-8	1
278.422344	5.566384E-8	1
278.530117	5.566242E-8	1
278.638026	5.566094E-8	1
278.746903	5.565959E-8	1
278.856509	5.566068E-8	1
278.964879	5.567035E-8	1
279.071064	5.566197E-8	1
279.179508	5.566229E-8	1
279.290822	5.565739E-8	1
279.396683	5.565681E-8	1
279.505834	5.56661E-8	1
279.614667	5.567293E-8	1
279.723928	5.566184E-8	1
279.830438	5.566584E-8	1
279.939312	5.566397E-8	1
280.051541	5.566249E-8	1
280.160379	5.566481E-8	1
280.267318	5.566545E-8	1
280.379152	5.566474E-8	1
280.487379	5.56572E-8	1
280.596076	5.511122E-8	1
280.703827	5.56991E-8	1
280.810392	5.57165E-8	1
280.920384	5.572205E-8	1
281.028726	5.571966E-8	1
281.135568	5.572095E-8	1
281.245253	5.571502E-8	1
281.353606	5.572121E-8	1
281.463018	5.571902E-8	1
281.571438	5.572991E-8	1
281.678989	5.571567E-8	1
281.787938	5.571354E-8	1
281.895722	5.572392E-8	1
282.002199	5.571902E-8	1
282.109925	5.571889E-8	1
282.218641	5.571547E-8	1
282.327889	5.572263E-8	1
282.436276	5.571979E-8	1
282.545814	5.572024E-8	1
282.654211	5.572437E-8	1
282.762114	5.571953E-8	1
282.869031	5.572952E-8	1
282.978475	5.572282E-8	1
283.087286	5.572991E-8	1
283.196239	5.572308E-8	1
283.30765	5.572959E-8	1
283.414888	5.572559E-8	1
283.527346	5.571992E-8	1
283.635581	5.572379E-8	1
283.743956	5.572559E-8	1
283.853004	5.572192E-8	1
283.962571	5.573056E-8	1
284.072411	5.572411E-8	1
284.180208	5.571792E-8	1
284.28953	5.572637E-8	1
284.396774	5.571644E-8	1
284.508172	5.572533E-8	1
284.617015	5.57292E-8	1
284.726782	5.572521E-8	1
284.836939	5.572205E-8	1
284.946158	5.573114E-8	1
285.054149	5.572824E-8	1
285.16149	5.573359E-8	1
285.269866	5.572147E-8	1
285.380408	5.572849E-8	1
285.488717	5.573017E-8	1
285.597217	5.574151E-8	1
285.704065	5.573056E-8	1
285.81224	5.572662E-8	1
285.921309	5.572894E-8	1
286.032327	5.57216E-8	1
286.139134	5.573429E-8	1
286.247364	5.572546E-8	1
286.356114	5.57312E-8	1
286.464604	5.572591E-8	1
286.576701	5.573281E-8	1
286.687566	5.572521E-8	1
286.796018	5.5735E-8	1
286.904296	5.572514E-8	1
287.010621	5.572224E-8	1
287.117852	5.572514E-8	1
287.22477	5.574545E-8	1
287.338074	5.573243E-8	1
287.44644	5.572056E-8	1
287.553677	5.572411E-8	1
287.662239	5.573881E-8	1
287.770305	5.574603E-8	1
287.886959	5.573139E-8	1
287.994539	5.572314E-8	1
288.104827	5.573861E-8	1
288.216474	5.573404E-8	1
288.324512	5.573926E-8	1
288.433331	5.573752E-8	1
288.539748	5.57312E-8	1
288.648757	5.574422E-8	1
288.758263	5.57263E-8	1
288.867015	5.572579E-8	1
288.974582	5.574132E-8	1
289.082867	5.573391E-8	1
289.190101	5.574261E-8	1
289.299328	5.572604E-8	1
289.406861	5.574558E-8	1
289.514924	5.573687E-8	1
289.622492	5.573707E-8	1
289.731554	5.573127E-8	1
289.841033	5.574203E-8	1
289.950274	5.57274E-8	1
290.058388	5.57332E-8	1
290.165694	5.573565E-8	1
290.274454	5.573894E-8	1
290.383423	5.573797E-8	1
290.49224	5.573494E-8	1
290.600159	5.573894E-8	1
290.709533	5.573823E-8	1
290.819554	5.574113E-8	1
290.928127	5.573932E-8	1
291.035344	5.5739E-8	1
291.144786	5.573945E-8	1
291.252598	5.574171E-8	1
291.360246	5.574209E-8	1
291.467124	5.57372E-8	1
291.574485	5.57428E-8	1
291.685834	5.573539E-8	1
291.794523	5.573623E-8	1
291.902517	5.573494E-8	1
292.012508	5.574164E-8	1
292.121736	5.574616E-8	1
292.229556	5.573881E-8	1
292.340964	5.574216E-8	1
292.450815	5.575705E-8	1
292.558681	5.57372E-8	1
292.668649	5.572907E-8	1
292.775733	5.574622E-8	1
292.883452	5.574506E-8	1
292.993272	5.573088E-8	1
293.10108	5.574732E-8	1
293.209986	5.574616E-8	1
293.318735	5.574345E-8	1
293.426956	5.574371E-8	1
293.537882	5.574906E-8	1
293.647423	5.574158E-8	1
293.755545	5.574622E-8	1
293.863483	5.575093E-8	1
293.975845	5.574358E-8	1
294.083916	5.575286E-8	1
294.194773	5.553814E-8	1
294.303484	5.561072E-8	1
294.411285	5.58023E-8	1
294.522043	5.581584E-8	1
294.630125	5.580707E-8	1
294.740146	5.581597E-8	1
294.847374	5.5815E-8	1
294.95989	5.581345E-8	1
295.068086	5.581139E-8	1
295.179315	5.58061E-8	1
295.287251	5.5815E-8	1
295.396014	5.581629E-8	1
295.5046	5.581564E-8	1
295.613928	5.581506E-8	1
295.722541	5.581042E-8	1
295.831291	5.580926E-8	1
295.941007	5.581738E-8	1
296.048252	5.5811E-8	1
296.157075	5.580694E-8	1
296.265308	5.581725E-8	1
296.373886	5.581674E-8	1
296.486125	5.581332E-8	1
296.594593	5.581506E-8	1
296.701549	5.581951E-8	1
296.811068	5.581132E-8	1
296.921299	5.581042E-8	1
297.030238	5.581371E-8	1
297.139984	5.581642E-8	1
297.247149	5.581777E-8	1
297.355506	5.582312E-8	1
297.46508	5.581977E-8	1
297.573623	5.581287E-8	1
297.682199	5.58188E-8	1
297.799253	5.581745E-8	1
297.908217	5.581287E-8	1
298.01705	5.581719E-8	1
298.124539	5.581919E-8	1
298.233013	5.581648E-8	1
298.341569	5.582054E-8	1
298.448652	5.582261E-8	1
298.555929	5.581197E-8	1
298.663363	5.582293E-8	1
298.773947	5.581738E-8	1
298.88226	5.582319E-8	1
298.990352	5.582209E-8	1
299.097972	5.582196E-8	1
299.207278	5.581783E-8	1
299.314467	5.58297E-8	1
299.421629	5.582119E-8	1
299.530759	5.582312E-8	1
299.641584	5.582441E-8	1
299.749309	5.581861E-8	1
299.857363	5.58179E-8	1
299.969138	5.581738E-8	1
300.076034	2.126582E-8	1
300.184756	1.579268E-10	0
300.29174	1.565086E-10	0
300.399658	1.594738E-10	0
300.508183	1.566375E-10	0
300.617643	1.564442E-10	0
300.727118	1.584424E-10	0
300.83481	1.548971E-10	0
300.941558	1.567665E-10	0
301.052112	1.565086E-10	0
301.16299	1.545748E-10	0
301.271628	1.560574E-10	0
301.37986	1.55864E-10	0
301.488089	1.543814E-10	0
301.594558	1.568309E-10	0
301.703363	1.540591E-10	0
301.811986	1.521253E-10	0
301.920508	1.505783E-10	0
302.031145	1.545104E-10	0
302.141274	1.538658E-10	0
302.25167	1.543814E-10	0
302.361618	1.561219E-10	0
302.469629	1.542525E-10	0
302.579906	1.541236E-10	0
302.688121	1.536724E-10	0
302.795519	1.561219E-10	0
302.903431	1.563797E-10	0
303.011112	1.548971E-10	0
303.11989	1.521898E-10	0
303.228262	1.530278E-10	0
303.336537	1.541881E-10	0
303.443618	1.541881E-10	0
303.552517	1.55155E-10	0
303.66163	1.563152E-10	0
303.768524	1.577334E-10	0
303.881396	1.516097E-10	0
303.98879	1.550905E-10	0
304.095807	1.542525E-10	0
304.209077	1.563152E-10	0
304.318305	1.547037E-10	0
304.426678	1.565731E-10	0
304.533216	1.538013E-10	0
304.640406	1.53479E-10	0
304.747703	1.553483E-10	0
304.85563	1.556062E-10	0
304.963646	1.572177E-10	0
305.071621	1.556706E-10	0
305.179722	1.554128E-10	0
305.287627	1.562508E-10	0
305.394061	1.532212E-10	0
305.503829	1.55864E-10	0
305.613969	1.545748E-10	0
305.720895	1.568309E-10	0
305.830084	1.533501E-10	0
305.937122	1.534145E-10	0
306.045846	1.530278E-10	0
306.156264	1.538013E-10	0
306.264962	1.553483E-10	0
306.373941	1.557996E-10	0
306.481666	1.55864E-10	0
306.59196	1.555417E-10	0
306.700902	1.539302E-10	0
306.809711	1.535435E-10	0
306.919072	1.557351E-10	0
307.026815	1.54317E-10	0
307.13634	1.546393E-10	0
307.243777	1.527055E-10	0
307.351903	1.538013E-10	0
307.460311	1.504494E-10	0
307.568003	1.530278E-10	0
307.674545	1.554773E-10	0
307.782678	1.549616E-10	0
307.920157	1.545104E-10	0
308.030356	1.528344E-10	0
308.138034	1.540591E-10	0
308.247105	1.547682E-10	0
308.35414	1.519964E-10	0
308.462231	1.560574E-10	0
308.573099	1.5754E-10	0
308.681183	1.542525E-10	0
308.788765	1.514807E-10	0
308.898872	1.518675E-10	0
309.010821	1.539947E-10	0
309.119321	1.536724E-10	0
309.227962	1.539947E-10	0
309.336011	1.547037E-10	0
309.444896	1.542525E-10	0
309.551718	1.530922E-10	0
309.6617	1.570888E-10	0
309.769087	1.53479E-10	0
309.875666	1.51932E-10	0
309.985154	1.545104E-10	0
310.094081	1.556062E-10	0
310.202333	1.543814E-10	0
310.309826	1.541881E-10	0
310.418245	1.578623E-10	0
310.528847	1.525766E-10	0
310.63621	1.578623E-10	0
310.742416	1.55155E-10	0
310.85268	1.547682E-10	0
310.961712	1.527699E-10	0
311.069808	1.542525E-10	0
311.178033	1.557996E-10	0
311.286358	1.565086E-10	0
311.394965	1.538658E-10	0
311.504148	1.525121E-10	0
311.611446	1.539302E-10	0
311.720387	1.55864E-10	0
311.829133	1.522543E-10	0
311.943097	1.548327E-10	0
312.053579	1.552839E-10	0
312.161724	1.561219E-10	0
312.268979	1.546393E-10	0
312.377203	1.549616E-10	0
312.485672	1.554773E-10	0
312.594344	1.55155E-10	0
312.703613	1.580557E-10	0
312.813624	1.548327E-10	0
312.921638	1.538013E-10	0
313.030698	1.576045E-10	0
313.141559	1.514807E-10	0
313.247784	1.596672E-10	0
313.356637	1.553483E-10	0
313.46374	1.552194E-10	0
313.57411	1.55155E-10	0
313.682685	1.562508E-10	0
313.79197	1.539302E-10	0
313.902723	1.584424E-10	0
314.011514	1.588292E-10	0
314.119458	1.550905E-10	0
314.227681	1.556062E-10	0
314.338082	1.530278E-10	0
314.446463	1.566375E-10	0
314.556807	1.545104E-10	0
314.664658	1.563797E-10	0
314.774215	1.569598E-10	0
314.883406	1.538658E-10	0
314.993381	1.531567E-10	0
315.102196	1.557996E-10	0
315.211757	1.563152E-10	0
315.319624	1.570888E-10	0
315.428853	1.548327E-10	0
315.538882	1.559929E-10	0
315.649269	1.568309E-10	0
315.757905	1.570243E-10	0
315.86618	1.54317E-10	0
315.973631	1.568954E-10	0
316.082483	1.571532E-10	0
316.188645	1.562508E-10	0
316.296616	1.532212E-10	0
316.408136	1.55864E-10	0
316.516571	1.576689E-10	0
316.626981	1.55864E-10	0
316.736213	1.554773E-10	0
316.844579	1.562508E-10	0
316.954068	1.54317E-10	0
317.062827	1.546393E-10	0
317.170972	1.556706E-10	0
317.280512	1.534145E-10	0
317.394578	1.561219E-10	0
317.50582	1.567665E-10	0
317.61541	1.579912E-10	0
317.722554	1.60763E-10	0
317.83085	1.55155E-10	0
317.943949	1.538013E-10	0
318.053133	1.572177E-10	0
318.161873	1.580557E-10	0
318.271281	1.561219E-10	0
318.379685	1.582491E-10	0
318.488914	1.594738E-10	0
318.596336	1.56702E-10	0
318.705098	1.587003E-10	0
318.814453	1.561219E-10	0
318.923694	1.568309E-10	0
319.031835	1.554773E-10	0
319.138449	1.557996E-10	0
319.247779	1.541881E-10	0
319.357351	1.581846E-10	0
319.465802	1.571532E-10	0
319.572812	1.5754E-10	0
319.681243	1.577978E-10	0
319.793309	1.553483E-10	0
319.900594	1.594738E-10	0
320.009794	1.560574E-10	0
320.117674	1.59216E-10	0
320.225602	1.573466E-10	0
320.336524	1.585714E-10	0
320.447626	1.55026E-10	0
320.55567	1.554128E-10	0
320.665407	1.544459E-10	0
320.771826	1.523832E-10	0
320.881001	1.541236E-10	0
320.989487	1.564442E-10	0
321.097714	1.537368E-10	0
321.208234	1.556062E-10	0
321.318166	1.547037E-10	0
321.427356	1.564442E-10	0
321.535313	1.561219E-10	0
321.643084	1.552194E-10	0
321.753194	1.571532E-10	0
321.862081	1.552839E-10	0
321.971103	1.556706E-10	0
322.080449	1.55026E-10	0
322.188247	1.533501E-10	0
322.299109	1.532212E-10	0
322.406358	1.560574E-10	0
322.514186	1.576689E-10	0
322.623639	1.550905E-10	0
322.731381	1.560574E-10	0
322.838408	1.557996E-10	0
322.946294	1.547682E-10	0
323.054692	1.536079E-10	0
323.163451	1.543814E-10	0
323.273835	1.545748E-10	0
323.383514	1.549616E-10	0
323.494186	1.536724E-10	0
323.601318	1.556062E-10	0
323.710568	1.535435E-10	0
323.819871	1.530922E-10	0
323.928675	1.541236E-10	0
324.038079	1.527055E-10	0
324.147527	1.538658E-10	0
324.255507	1.545748E-10	0
324.366352	1.541236E-10	0
324.47492	1.535435E-10	0
324.582938	1.51932E-10	0
324.69029	1.556062E-10	0
324.79848	1.578623E-10	0
324.906687	1.537368E-10	0
325.015488	1.55026E-10	0
325.123582	1.55026E-10	0
325.234848	1.556706E-10	0
325.343426	1.534145E-10	0
325.451842	1.568954E-10	0
325.562801	1.528989E-10	0
325.672497	1.564442E-10	0
325.780259	1.539302E-10	0
325.889656	1.570243E-10	0
325.996134	1.574755E-10	0
326.105548	1.508361E-10	0
326.214066	1.53479E-10	0
326.321789	1.572822E-10	0
326.429596	1.539947E-10	0
326.538385	1.576045E-10	0
326.647397	1.538658E-10	0
326.755236	1.566375E-10	0
326.864011	1.528344E-10	0
326.973208	1.530922E-10	0
327.08292	1.586358E-10	0
327.191185	1.530278E-10	0
327.298737	1.527699E-10	0
327.407556	1.566375E-10	0
327.51446	1.5754E-10	0
327.623697	1.564442E-10	0
327.731906	1.581201E-10	0
327.838149	1.565086E-10	0
327.947058	1.55155E-10	0
328.057837	1.552839E-10	0
328.164135	1.544459E-10	0
328.27513	1.554128E-10	0
328.38206	1.553483E-10	0
328.490295	1.570888E-10	0
328.601551	1.577978E-10	0
328.7128	1.561219E-10	0
328.820081	1.539302E-10	0
328.927752	1.55864E-10	0
329.037585	1.545104E-10	0
329.14605	1.561863E-10	0
329.254337	1.564442E-10	0
329.361631	1.581201E-10	0
329.46946	1.572177E-10	0
329.576596	1.542525E-10	0
329.685606	1.555417E-10	0
329.792833	1.553483E-10	0
329.901181	1.509651E-10	0
330.010006	1.524476E-10	0
330.120136	1.547037E-10	0
330.232445	1.524476E-10	0
330.342354	1.528989E-10	0
330.450704	1.528989E-10	0
330.558211	1.562508E-10	0
330.668515	1.538658E-10	0
330.7775	1.545748E-10	0
330.885713	1.539947E-10	0
330.993725	1.538658E-10	0
331.100276	1.562508E-10	0
331.209147	1.528989E-10	0
331.317413	1.539947E-10	0
331.426791	1.536724E-10	0
331.537014	1.498048E-10	0
331.644215	1.552194E-10	0
331.75049	1.539302E-10	0
331.859851	1.570243E-10	0
331.968844	1.568954E-10	0
332.077291	1.582491E-10	0
332.187237	1.542525E-10	0
332.296376	1.557996E-10	0
332.407899	1.552839E-10	0
332.515655	1.554773E-10	0
332.623715	1.547037E-10	0
332.731956	1.556706E-10	0
332.838634	1.55155E-10	0
332.949363	1.569598E-10	0
333.057636	1.556706E-10	0
333.166155	1.547682E-10	0
333.274375	1.570888E-10	0
333.382319	1.585069E-10	0
333.492975	1.56702E-10	0
333.601363	1.576045E-10	0
333.710053	1.557351E-10	0
333.821397	1.570888E-10	0
333.930603	1.55026E-10	0
334.036848	1.525121E-10	0
334.145077	1.541236E-10	0
334.253314	1.545748E-10	0
334.361548	1.562508E-10	0
334.46979	1.532212E-10	0
334.577565	1.576689E-10	0
334.687794	1.565086E-10	0
334.795296	1.561863E-10	0
334.903517	1.560574E-10	0
335.014752	1.574111E-10	0
335.123842	1.580557E-10	0
335.232973	1.54317E-10	0
335.341281	1.516741E-10	0
335.44873	1.556706E-10	0
335.55773	1.55026E-10	0
335.665569	1.553483E-10	0
335.775816	1.547682E-10	0
335.883099	1.557351E-10	0
335.991285	1.556062E-10	0
336.097484	1.56702E-10	0
336.208699	1.576689E-10	0
336.317886	1.562508E-10	0
336.424694	1.559929E-10	0
336.534259	1.530922E-10	0
336.641588	1.554128E-10	0
336.749031	1.552839E-10	0
336.856424	1.543814E-10	0
336.966887	1.573466E-10	0
337.076215	1.561863E-10	0
337.18581	1.585069E-10	0
337.292633	1.54317E-10	0
337.401953	1.568954E-10	0
337.51104	1.562508E-10	0
337.620636	1.546393E-10	0
337.728479	1.529633E-10	0
337.836189	1.557996E-10	0
337.943473	1.545104E-10	0
338.05288	1.574111E-10	0
338.161248	1.56702E-10	0
338.270544	1.594093E-10	0
338.38662	1.554128E-10	0
338.496844	1.560574E-10	0
338.605093	1.576045E-10	0
338.715384	1.554128E-10	0
338.824692	1.55155E-10	0
338.932034	1.55864E-10	0
339.041094	1.55864E-10	0
339.148728	1.571532E-10	0
339.257272	1.559285E-10	0
339.364455	1.55864E-10	0
339.47283	1.565086E-10	0
339.581326	1.553483E-10	0
339.688748	1.552839E-10	0
339.798461	1.548327E-10	0
339.906872	1.554773E-10	0
340.015136	1.560574E-10	0
340.123637	1.527699E-10	0
340.231817	1.55026E-10	0
340.339121	1.577334E-10	0
340.447044	1.569598E-10	0
340.554305	1.544459E-10	0
340.662534	1.5754E-10	0
340.771815	1.5754E-10	0
340.87971	1.561219E-10	0
340.991313	1.55155E-10	0
341.098932	1.559285E-10	0
341.209416	1.556706E-10	0
341.319858	1.547682E-10	0
341.428264	1.562508E-10	0
341.535536	1.566375E-10	0
341.644937	1.536724E-10	0
341.754415	1.565731E-10	0
341.862857	1.565731E-10	0
341.970704	1.556706E-10	0
342.078587	1.55864E-10	0
342.187236	1.552194E-10	0
342.295154	1.552839E-10	0
342.404266	1.578623E-10	0
342.513634	1.577334E-10	0
342.623252	1.548971E-10	0
342.731979	1.588292E-10	0
342.843204	1.568954E-10	0
342.951258	1.567665E-10	0
343.059322	1.574111E-10	0
343.167248	1.578623E-10	0
343.275053	1.574111E-10	0
343.383854	1.568309E-10	0
343.492391	1.581201E-10	0
343.602529	1.574111E-10	0
343.712463	1.560574E-10	0
343.821505	1.574755E-10	0
343.932033	1.56702E-10	0
344.041785	1.578623E-10	0
344.149889	1.567665E-10	0
344.25955	1.560574E-10	0
344.367602	1.572822E-10	0
344.475302	1.574755E-10	0
344.583641	1.55155E-10	0
344.692127	1.58378E-10	0
344.801576	1.579912E-10	0
344.909809	1.521898E-10	0
345.016043	1.528989E-10	0
345.124064	1.563152E-10	0
345.232272	1.556706E-10	0
345.340683	1.553483E-10	0
345.448472	1.55155E-10	0
345.557805	1.580557E-10	0
345.666293	1.571532E-10	0
345.774306	1.55026E-10	0
345.882112	1.573466E-10	0
345.98998	1.56702E-10	0
346.09787	1.547682E-10	0
346.206752	1.570243E-10	0
346.315147	1.561219E-10	0
346.424118	1.548971E-10	0
346.531376	1.546393E-10	0
346.643354	1.545104E-10	0
346.751442	1.577978E-10	0
346.859066	1.581201E-10	0
346.967906	1.543814E-10	0
347.078918	1.542525E-10	0
347.188162	1.559285E-10	0
347.294932	1.537368E-10	0
347.404866	1.547037E-10	0
347.515199	1.517386E-10	0
347.622133	1.538658E-10	0
347.729527	1.586358E-10	0
347.838746	1.572822E-10	0
347.948158	1.571532E-10	0
348.056087	1.563797E-10	0
348.162837	1.5754E-10	0
348.273141	1.589581E-10	0
348.384011	1.573466E-10	0
348.491726	1.555417E-10	0
348.602913	1.556706E-10	0
348.713318	1.548971E-10	0
348.821024	1.525121E-10	0
348.92949	1.548971E-10	0
349.037758	1.554128E-10	0
349.147174	1.538658E-10	0
349.255991	1.579912E-10	0
349.363386	1.577978E-10	0
349.471978	1.545104E-10	0
349.579807	1.554128E-10	0
349.688065	1.561219E-10	0
349.79782	1.556062E-10	0
349.909371	1.564442E-10	0
350.018105	1.564442E-10	0
350.12668	1.570243E-10	0
350.233072	1.5754E-10	0
350.342169	1.548327E-10	0
350.450165	1.572822E-10	0
350.557557	1.578623E-10	0
350.669682	1.573466E-10	0
350.778065	1.556706E-10	0
350.885151	1.527699E-10	0
350.995808	1.5754E-10	0
351.104227	1.555417E-10	0
351.212479	1.586358E-10	0
351.320551	1.556706E-10	0
351.428745	1.557351E-10	0
351.536595	1.578623E-10	0
351.644955	1.569598E-10	0
351.752872	1.544459E-10	0
351.861235	1.563152E-10	0
351.969549	1.570888E-10	0
352.078247	1.562508E-10	0
352.18656	1.569598E-10	0
352.296393	1.576045E-10	0
352.402204	1.594093E-10	0
352.511546	1.559929E-10	0
352.61967	1.544459E-10	0
352.728889	1.590226E-10	0
352.837333	1.5754E-10	0
352.94451	1.561219E-10	0
353.053743	1.590226E-10	0
353.161417	1.552839E-10	0
353.269976	1.568309E-10	0
353.375976	1.564442E-10	0
353.487093	1.560574E-10	0
353.595811	1.560574E-10	0
353.704523	1.548327E-10	0
353.817733	1.55864E-10	0
353.926077	1.60763E-10	0
354.033885	1.559929E-10	0
354.142253	1.554773E-10	0
354.249618	1.548327E-10	0
354.358479	1.577334E-10	0
354.466271	1.546393E-10	0
354.573193	1.55864E-10	0
354.681373	1.552194E-10	0
354.791706	1.546393E-10	0
354.902133	1.535435E-10	0
355.013712	1.566375E-10	0
355.121087	1.549616E-10	0
355.230831	1.539947E-10	0
355.340648	1.548327E-10	0
355.454353	1.505783E-10	0
355.568336	1.557351E-10	0
355.678727	1.55026E-10	0
355.787117	1.549616E-10	0
355.895362	1.538013E-10	0
356.002119	1.572822E-10	0
356.108686	1.5754E-10	0
356.217004	1.561219E-10	0
356.32577	1.540591E-10	0
356.43484	1.544459E-10	0
356.545213	1.568309E-10	0
356.654162	1.572822E-10	0
356.762525	1.538013E-10	0
356.871767	1.561863E-10	0
356.979635	1.56702E-10	0
357.086851	1.570888E-10	0
357.196379	1.530922E-10	0
357.305596	1.556706E-10	0
357.413609	1.585069E-10	0
357.523092	1.559285E-10	0
357.630163	1.572822E-10	0
357.7395	1.534145E-10	0
357.849052	1.570888E-10	0
357.958116	1.550905E-10	0
358.068285	1.559285E-10	0
358.17551	1.569598E-10	0
358.284103	1.569598E-10	0
358.394657	1.566375E-10	0
358.504934	1.561219E-10	0
358.612242	1.559285E-10	0
358.720758	1.544459E-10	0
358.830061	1.553483E-10	0
358.938657	1.547682E-10	0
359.045629	1.541881E-10	0
359.152721	1.546393E-10	0
359.261693	1.523187E-10	0
359.368672	1.565731E-10	0
359.478277	1.53479E-10	0
359.588395	1.577334E-10	0
359.697759	1.539302E-10	0
359.808538	1.568309E-10	0
359.917112	1.586358E-10	0
360.02734	1.571532E-10	0
