Time,s	TEY,A	Shutter
0	1.576689E-10	0
0.106238	1.59925E-10	0
0.213525	1.581201E-10	0
0.320764	1.574755E-10	0
0.427998	1.556706E-10	0
0.534235	1.580557E-10	0
0.641469	1.568954E-10	0
0.748721	1.596672E-10	0
0.855951	1.589581E-10	0
0.962184	1.571532E-10	0
1.070414	1.588937E-10	0
1.176816	1.586358E-10	0
1.283804	1.556062E-10	0
1.39061	1.577978E-10	0
1.499627	1.570243E-10	0
1.608834	1.570243E-10	0
1.71653	1.580557E-10	0
1.824568	1.579268E-10	0
1.933063	1.603762E-10	0
2.041958	1.578623E-10	0
2.150489	1.585714E-10	0
2.257578	1.584424E-10	0
2.365847	1.591515E-10	0
2.472852	1.566375E-10	0
2.581811	1.570888E-10	0
2.691174	1.580557E-10	0
2.798903	1.55026E-10	0
2.905876	1.566375E-10	0
3.015042	1.570888E-10	0
3.122821	1.574755E-10	0
3.231575	1.571532E-10	0
3.340463	1.559929E-10	0
3.448244	1.565731E-10	0
3.554987	1.545104E-10	0
3.663206	1.563152E-10	0
3.771135	1.570243E-10	0
3.880388	1.601184E-10	0
3.988085	1.568309E-10	0
4.096856	1.586358E-10	0
4.204152	1.602473E-10	0
4.313587	1.587647E-10	0
4.422048	1.566375E-10	0
4.528695	1.563152E-10	0
4.637264	1.563152E-10	0
4.745383	1.550905E-10	0
4.853409	1.555417E-10	0
4.961131	1.570243E-10	0
5.068084	1.597961E-10	0
5.178269	1.561219E-10	0
5.287268	1.574111E-10	0
5.394531	1.555417E-10	0
5.503504	1.591515E-10	0
5.611844	1.584424E-10	0
5.7194	1.587003E-10	0
5.827601	1.554773E-10	0
5.935358	1.573466E-10	0
6.043671	1.586358E-10	0
6.151453	1.574111E-10	0
6.258577	1.58378E-10	0
6.366891	1.5754E-10	0
6.475245	1.584424E-10	0
6.582794	1.581201E-10	0
6.691199	1.545104E-10	0
6.800603	1.596672E-10	0
6.908806	1.573466E-10	0
7.016898	1.600539E-10	0
7.125903	1.581201E-10	0
7.233292	1.574755E-10	0
7.340695	1.566375E-10	0
7.449498	1.601184E-10	0
7.557209	1.565731E-10	0
7.664202	1.554128E-10	0
7.771881	1.574755E-10	0
7.88003	1.597316E-10	0
7.988019	1.577334E-10	0
8.096943	1.570243E-10	0
8.204279	1.595383E-10	0
8.312227	1.576045E-10	0
8.421235	1.625034E-10	0
8.528412	1.586358E-10	0
8.635612	1.570243E-10	0
8.742904	1.592804E-10	0
8.849136	1.603118E-10	0
8.957689	1.585069E-10	0
9.064863	1.555417E-10	0
9.172815	1.554773E-10	0
9.281151	1.541236E-10	0
9.389832	1.587647E-10	0
9.497126	1.556706E-10	0
9.603396	1.576689E-10	0
9.717647	1.574111E-10	0
9.827426	1.589581E-10	0
9.935947	1.602473E-10	0
10.044268	1.583135E-10	0
10.152724	1.606341E-10	0
10.261589	1.565731E-10	0
10.369771	1.572822E-10	0
10.477411	1.577978E-10	0
10.58594	1.568954E-10	0
10.695184	1.602473E-10	0
10.803637	1.560574E-10	0
10.911081	1.59216E-10	0
11.019843	1.589581E-10	0
11.128097	1.580557E-10	0
11.235947	1.585069E-10	0
11.345949	1.587647E-10	0
11.453722	1.587003E-10	0
11.560796	1.565086E-10	0
11.668935	1.545748E-10	0
11.776323	1.600539E-10	0
11.884836	1.571532E-10	0
11.992066	1.536079E-10	0
12.098938	1.577334E-10	0
12.206972	1.556062E-10	0
12.315221	1.58378E-10	0
12.425464	1.572177E-10	0
12.53396	1.55864E-10	0
12.642384	1.533501E-10	0
12.749797	1.579912E-10	0
12.857686	1.579912E-10	0
12.96826	1.56702E-10	0
13.075967	1.587647E-10	0
13.183242	1.569598E-10	0
13.291836	1.567665E-10	0
13.399642	1.594738E-10	0
13.508238	1.569598E-10	0
13.615426	1.565731E-10	0
13.724889	1.573466E-10	0
13.833882	1.579268E-10	0
13.940881	1.574755E-10	0
14.049678	1.561219E-10	0
14.156904	1.572822E-10	0
14.264552	1.579912E-10	0
14.372233	1.574755E-10	0
14.480103	1.565731E-10	0
14.588387	1.538013E-10	0
14.695266	1.597316E-10	0
14.803407	1.588937E-10	0
14.911572	1.579268E-10	0
15.01913	1.597961E-10	0
15.127493	1.597316E-10	0
15.237679	1.595383E-10	0
15.345994	1.589581E-10	0
15.452466	1.579912E-10	0
15.560438	1.601829E-10	0
15.667572	1.587003E-10	0
15.775999	1.587647E-10	0
15.884099	1.605052E-10	0
15.993495	1.568309E-10	0
16.101814	1.581201E-10	0
16.209272	1.557996E-10	0
16.3175	1.604407E-10	0
16.424552	1.59925E-10	0
16.531514	1.590226E-10	0
16.639347	1.541236E-10	0
16.748399	1.577334E-10	0
16.856013	1.566375E-10	0
16.964679	1.579912E-10	0
17.073358	1.552194E-10	0
17.181242	1.585069E-10	0
17.288661	1.600539E-10	0
17.396017	1.591515E-10	0
17.504727	1.583135E-10	0
17.613225	1.563152E-10	0
17.721445	1.566375E-10	0
17.830009	1.579268E-10	0
17.938319	1.585714E-10	0
18.046514	1.5754E-10	0
18.153665	1.570243E-10	0
18.261247	1.536079E-10	0
18.36941	1.585714E-10	0
18.477635	1.557351E-10	0
18.584258	1.556062E-10	0
18.692097	1.582491E-10	0
18.799062	1.548327E-10	0
18.907088	1.583135E-10	0
19.014703	1.548971E-10	0
19.123059	1.573466E-10	0
19.230396	1.554128E-10	0
19.338875	1.581846E-10	0
19.448411	1.550905E-10	0
19.555733	1.56702E-10	0
19.664212	1.572177E-10	0
19.772096	1.578623E-10	0
19.881152	1.576045E-10	0
19.990673	1.559929E-10	0
20.09844	1.563797E-10	0
20.206671	1.580557E-10	0
20.316051	1.593449E-10	0
20.422929	1.565086E-10	0
20.532283	1.579268E-10	0
20.638703	1.569598E-10	0
20.746055	1.586358E-10	0
20.853802	1.572822E-10	0
20.961715	1.568309E-10	0
21.070312	1.565086E-10	0
21.178215	1.568309E-10	0
21.286126	1.548327E-10	0
21.39449	1.566375E-10	0
21.502149	1.554773E-10	0
21.610833	1.530922E-10	0
21.719634	1.573466E-10	0
21.827804	1.574755E-10	0
21.937094	1.569598E-10	0
22.044109	1.555417E-10	0
22.15196	1.572822E-10	0
22.259896	1.603118E-10	0
22.369415	1.577978E-10	0
22.477839	1.602473E-10	0
22.584803	1.570888E-10	0
22.6919	1.536079E-10	0
22.799621	1.564442E-10	0
22.907089	1.572177E-10	0
23.014564	1.579268E-10	0
23.121969	1.56702E-10	0
23.231609	1.55155E-10	0
23.339489	1.572822E-10	0
23.447854	1.55026E-10	0
23.556705	1.563152E-10	0
23.663934	1.596672E-10	0
23.771164	1.55864E-10	0
23.879434	1.563797E-10	0
23.98766	1.567665E-10	0
24.095047	1.588937E-10	0
24.202281	1.580557E-10	0
24.321258	1.570888E-10	0
24.43549	1.569598E-10	0
24.54272	1.571532E-10	0
24.648957	1.565086E-10	0
24.757773	1.538658E-10	0
24.864588	1.564442E-10	0
24.971294	1.550905E-10	0
25.078542	1.549616E-10	0
25.186772	1.574755E-10	0
25.296109	1.574755E-10	0
25.404346	1.596027E-10	0
25.512326	1.552839E-10	0
25.619841	1.58378E-10	0
25.728149	1.546393E-10	0
25.838558	1.576045E-10	0
25.947502	1.550905E-10	0
26.054654	1.589581E-10	0
26.16485	1.568954E-10	0
26.272444	1.619877E-10	0
26.382338	1.571532E-10	0
26.489818	1.589581E-10	0
26.599283	1.564442E-10	0
26.707676	1.570243E-10	0
26.815411	1.605696E-10	0
26.923645	1.555417E-10	0
27.029881	1.560574E-10	0
27.135954	1.593449E-10	0
27.244225	1.556062E-10	0
27.351854	1.58378E-10	0
27.460071	1.574755E-10	0
27.567968	1.565731E-10	0
27.675364	1.572822E-10	0
27.783951	1.544459E-10	0
27.892049	1.539947E-10	0
27.999805	1.602473E-10	0
28.108446	1.580557E-10	0
28.216142	1.561863E-10	0
28.325254	1.556706E-10	0
28.432458	1.556706E-10	0
28.539299	1.584424E-10	0
28.647169	1.530922E-10	0
28.755144	1.58378E-10	0
28.863427	1.574755E-10	0
28.972076	1.577978E-10	0
29.079745	1.548971E-10	0
29.186014	1.563152E-10	0
29.292862	1.574111E-10	0
29.400198	1.603762E-10	0
29.508532	1.568954E-10	0
29.616802	1.576689E-10	0
29.726159	1.557996E-10	0
29.834118	1.561219E-10	0
29.943031	1.611498E-10	0
30.052025	1.599895E-10	0
30.166373	1.569598E-10	0
30.274979	1.585714E-10	0
30.384157	1.568954E-10	0
30.4913	1.588292E-10	0
30.598308	1.553483E-10	0
30.705253	1.566375E-10	0
30.812924	1.565086E-10	0
30.922302	1.587647E-10	0
31.030142	1.55155E-10	0
31.138216	1.568309E-10	0
31.248048	1.596027E-10	0
31.355412	1.590226E-10	0
31.463873	1.601184E-10	0
31.571974	1.584424E-10	0
31.680088	1.569598E-10	0
31.78865	1.554128E-10	0
31.898131	1.553483E-10	0
32.00577	1.548327E-10	0
32.114275	1.593449E-10	0
32.222388	1.579912E-10	0
32.329499	1.594093E-10	0
32.43719	1.576689E-10	0
32.545083	1.527699E-10	0
32.65219	1.564442E-10	0
32.761061	1.566375E-10	0
32.869739	1.556706E-10	0
32.97858	1.569598E-10	0
33.085166	1.596672E-10	0
33.193288	1.570888E-10	0
33.301412	1.589581E-10	0
33.409661	1.578623E-10	0
33.516096	1.59925E-10	0
33.624699	1.565731E-10	0
33.732283	1.564442E-10	0
33.839214	1.5754E-10	0
33.94509	1.567665E-10	0
34.052118	1.56702E-10	0
34.159531	1.576045E-10	0
34.266913	1.58378E-10	0
34.375315	1.557996E-10	0
34.483857	1.577978E-10	0
34.591912	1.55026E-10	0
34.700842	1.579912E-10	0
34.809137	1.59216E-10	0
34.918995	1.605052E-10	0
35.027189	1.602473E-10	0
35.134916	1.573466E-10	0
35.242417	1.619233E-10	0
35.351278	1.567665E-10	0
35.458619	1.574755E-10	0
35.567128	1.556706E-10	0
35.674831	1.59087E-10	0
35.782075	1.587003E-10	0
35.889257	1.582491E-10	0
35.997028	1.613431E-10	0
36.104849	1.581201E-10	0
36.213554	1.556062E-10	0
36.319782	1.561863E-10	0
36.427075	1.559929E-10	0
36.534809	1.596027E-10	0
36.645931	1.585714E-10	0
36.752159	1.598606E-10	0
36.859382	1.56702E-10	0
36.967633	1.578623E-10	0
37.077265	1.601184E-10	0
37.185661	1.597961E-10	0
37.293762	1.561219E-10	0
37.402173	1.5754E-10	0
37.511117	1.567665E-10	0
37.619306	1.579912E-10	0
37.726443	1.565086E-10	0
37.833156	1.596672E-10	0
37.939956	1.601184E-10	0
38.047281	1.601184E-10	0
38.15464	1.572822E-10	0
38.263339	1.564442E-10	0
38.370727	1.614721E-10	0
38.478954	1.578623E-10	0
38.586938	1.55864E-10	0
38.695205	1.572822E-10	0
38.803312	1.581846E-10	0
38.911706	1.552839E-10	0
39.020412	1.611498E-10	0
39.127713	1.588937E-10	0
39.23637	1.570888E-10	0
39.343405	1.532856E-10	0
39.451225	1.584424E-10	0
39.559595	1.5754E-10	0
39.669261	1.59087E-10	0
39.779006	1.576689E-10	0
39.886555	1.582491E-10	0
39.994539	1.596027E-10	0
40.103375	1.554773E-10	0
40.210503	1.574111E-10	0
40.318655	1.587647E-10	0
40.428275	1.567665E-10	0
40.535368	1.579912E-10	0
40.642611	1.587647E-10	0
40.750959	1.5754E-10	0
40.857976	1.563797E-10	0
40.965968	1.569598E-10	0
41.07295	1.568309E-10	0
41.180838	1.582491E-10	0
41.289481	1.576689E-10	0
41.39715	1.581846E-10	0
41.504858	1.570243E-10	0
41.613778	1.574755E-10	0
41.721036	1.590226E-10	0
41.829199	1.5754E-10	0
41.936697	1.603118E-10	0
42.044464	1.581201E-10	0
42.151745	1.598606E-10	0
42.261023	1.563797E-10	0
42.369946	1.576045E-10	0
42.478699	1.576689E-10	0
42.587304	1.588937E-10	0
42.695889	1.568309E-10	0
42.803376	1.584424E-10	0
42.91077	1.599895E-10	0
43.019026	1.560574E-10	0
43.127701	1.600539E-10	0
43.236677	1.584424E-10	0
43.344969	1.596672E-10	0
43.453009	1.568309E-10	0
43.561389	1.578623E-10	0
43.669405	1.582491E-10	0
43.778288	1.594093E-10	0
43.88752	1.586358E-10	0
43.994962	1.589581E-10	0
44.104062	1.569598E-10	0
44.210335	1.590226E-10	0
44.318676	1.581201E-10	0
44.426326	1.571532E-10	0
44.534571	1.5754E-10	0
44.64337	1.565731E-10	0
44.751482	1.587003E-10	0
44.8604	1.565731E-10	0
44.966981	1.581201E-10	0
45.076332	1.588292E-10	0
45.18538	1.556062E-10	0
45.294524	1.583135E-10	0
45.401844	1.572177E-10	0
45.510786	1.593449E-10	0
45.619755	1.574111E-10	0
45.728067	1.570243E-10	0
45.83636	1.574755E-10	0
45.944799	1.579912E-10	0
46.052417	1.579268E-10	0
46.161343	1.578623E-10	0
46.268741	1.564442E-10	0
46.375967	1.5754E-10	0
46.482175	1.570888E-10	0
46.589468	1.56702E-10	0
46.69818	1.589581E-10	0
46.805068	1.604407E-10	0
46.914619	1.581846E-10	0
47.022079	1.597316E-10	0
47.130263	1.576045E-10	0
47.23875	1.553483E-10	0
47.346509	1.585069E-10	0
47.454842	1.562508E-10	0
47.562526	1.591515E-10	0
47.670829	1.584424E-10	0
47.777755	1.579912E-10	0
47.887326	1.569598E-10	0
47.995578	1.589581E-10	0
48.103539	1.572822E-10	0
48.211948	1.571532E-10	0
48.32135	1.598606E-10	0
48.429188	1.596027E-10	0
48.537423	1.59216E-10	0
48.643213	1.59925E-10	0
48.751159	1.580557E-10	0
48.860268	1.593449E-10	0
48.969138	1.577978E-10	0
49.078183	1.599895E-10	0
49.186489	1.572822E-10	0
49.295777	1.593449E-10	0
49.404315	1.585714E-10	0
49.512168	1.58378E-10	0
49.62039	1.574111E-10	0
49.727613	1.597316E-10	0
49.834842	1.5754E-10	0
49.942067	1.600539E-10	0
50.050015	1.590226E-10	0
50.157086	1.610208E-10	0
50.266476	1.594093E-10	0
50.374666	1.577334E-10	0
50.482966	1.581201E-10	0
50.590361	1.550905E-10	0
50.699834	1.557351E-10	0
50.807792	1.567665E-10	0
50.91742	1.582491E-10	0
51.023656	1.580557E-10	0
51.132293	1.573466E-10	0
51.240431	1.594738E-10	0
51.349088	1.567665E-10	0
51.456102	1.571532E-10	0
51.564691	1.569598E-10	0
51.673051	1.581846E-10	0
51.78104	1.603762E-10	0
51.889685	1.574111E-10	0
51.998746	1.561863E-10	0
52.10641	1.579268E-10	0
52.214171	1.582491E-10	0
52.322223	1.579268E-10	0
52.429764	1.574755E-10	0
52.537126	1.582491E-10	0
52.645451	1.582491E-10	0
52.752676	1.599895E-10	0
52.859069	1.579268E-10	0
52.967263	1.570888E-10	0
53.075207	1.588937E-10	0
53.182125	1.609564E-10	0
53.291986	1.604407E-10	0
53.399959	1.603762E-10	0
53.507055	1.601184E-10	0
53.615338	1.594093E-10	0
53.724349	1.610208E-10	0
53.833297	1.596027E-10	0
53.941734	1.595383E-10	0
54.049372	1.615365E-10	0
54.157903	1.569598E-10	0
54.267213	1.59216E-10	0
54.375398	1.583135E-10	0
54.483995	1.585714E-10	0
54.591337	1.597316E-10	0
54.700482	1.597316E-10	0
54.808105	1.581201E-10	0
54.915787	1.582491E-10	0
55.024212	1.606341E-10	0
55.133104	1.577978E-10	0
55.241793	1.570243E-10	0
55.350332	1.572822E-10	0
55.459709	1.597961E-10	0
55.568774	1.557351E-10	0
55.678209	1.594093E-10	0
55.784901	1.603762E-10	0
55.893945	1.587003E-10	0
56.002396	1.583135E-10	0
56.109529	1.590226E-10	0
56.217462	1.588937E-10	0
56.324296	1.593449E-10	0
56.432889	1.594093E-10	0
56.540905	1.583135E-10	0
56.648809	1.581201E-10	0
56.756831	1.55864E-10	0
56.864429	1.585714E-10	0
56.974217	1.582491E-10	0
57.081516	1.582491E-10	0
57.190573	1.572177E-10	0
57.299649	1.577334E-10	0
57.406138	1.570888E-10	0
57.515796	1.596672E-10	0
57.622747	1.570888E-10	0
57.731734	1.5754E-10	0
57.840542	1.568954E-10	0
57.949339	1.58378E-10	0
58.05758	1.568309E-10	0
58.164354	1.563797E-10	0
58.272668	1.600539E-10	0
58.380516	1.586358E-10	0
58.489904	1.570243E-10	0
58.5996	1.578623E-10	0
58.709644	1.587003E-10	0
58.817617	1.577978E-10	0
58.925204	1.596672E-10	0
59.033551	1.559929E-10	0
59.143206	1.589581E-10	0
59.249451	1.594738E-10	0
59.35837	1.576045E-10	0
59.467503	1.605052E-10	0
59.575123	1.59925E-10	0
59.683939	1.605696E-10	0
59.791942	1.594738E-10	0
59.901679	1.572177E-10	0
60.010662	1.100548E-7	0
60.119588	1.291832E-7	1
60.226529	1.179511E-7	1
60.334153	1.08282E-7	1
60.442583	1.010059E-7	1
60.551358	9.553374E-8	1
60.661207	9.123129E-8	1
60.770359	8.787859E-8	1
60.879459	8.515947E-8	1
60.987514	8.291485E-8	1
61.095703	8.107909E-8	1
61.204947	7.94632E-8	1
61.312549	7.812076E-8	1
61.418779	7.695049E-8	1
61.526253	7.5911E-8	1
61.633987	7.500373E-8	1
61.743193	7.419198E-8	1
61.850727	7.348904E-8	1
61.958837	7.284522E-8	1
62.068043	7.225605E-8	1
62.176142	7.173206E-8	1
62.28755	7.125183E-8	1
62.394802	7.082104E-8	1
62.504993	7.043596E-8	1
62.613973	7.0051E-8	1
62.738671	6.967888E-8	1
62.849337	6.936624E-8	1
62.957561	6.908642E-8	1
63.065483	6.882981E-8	1
63.173854	6.859085E-8	1
63.282986	6.836415E-8	1
63.391558	6.815659E-8	1
63.500395	6.793968E-8	1
63.609614	6.776551E-8	1
63.718359	6.758508E-8	1
63.827872	6.742135E-8	1
63.937552	6.726923E-8	1
64.047493	6.711865E-8	1
64.157461	6.697265E-8	1
64.265594	6.685694E-8	1
64.373418	6.672016E-8	1
64.483486	6.660652E-8	1
64.59113	6.6495E-8	1
64.699403	6.6382E-8	1
64.807539	6.628299E-8	1
64.916566	6.618591E-8	1
65.024741	6.608664E-8	1
65.132964	6.601741E-8	1
65.240044	6.592227E-8	1
65.348797	6.583609E-8	1
65.457571	6.575242E-8	1
65.566635	6.567475E-8	1
65.675054	6.559752E-8	1
65.782579	6.553893E-8	1
65.891802	6.547311E-8	1
66.000753	6.540853E-8	1
66.108842	6.535012E-8	1
66.217841	6.528147E-8	1
66.326177	6.523461E-8	1
66.434129	6.516912E-8	1
66.542399	6.511974E-8	1
66.650498	6.506012E-8	1
66.759766	6.502002E-8	1
66.869901	6.495537E-8	1
66.977891	6.490625E-8	1
67.087733	6.48641E-8	1
67.196585	6.482361E-8	1
67.305439	6.477179E-8	1
67.413639	6.4748E-8	1
67.522545	6.468735E-8	1
67.630387	6.464532E-8	1
67.738934	6.461515E-8	1
67.847202	6.457119E-8	1
67.95504	6.45271E-8	1
68.063828	6.449809E-8	1
68.172247	6.447179E-8	1
68.280429	6.442822E-8	1
68.388166	6.437981E-8	1
68.4966	6.434358E-8	1
68.605246	6.431541E-8	1
68.714314	6.42991E-8	1
68.823213	6.426359E-8	1
68.930393	6.423948E-8	1
69.039602	6.420609E-8	1
69.148853	6.417173E-8	1
69.257003	6.414446E-8	1
69.366609	6.411062E-8	1
69.474444	6.4084E-8	1
69.58326	6.40577E-8	1
69.691213	6.402663E-8	1
69.800328	6.400942E-8	1
69.908434	6.397771E-8	1
70.015663	6.396565E-8	1
70.124507	6.394025E-8	1
70.232455	6.390777E-8	1
70.341197	6.387341E-8	1
70.449012	6.385929E-8	1
70.559039	6.384956E-8	1
70.667627	6.383763E-8	1
70.775941	6.380876E-8	1
70.883575	6.377891E-8	1
70.993307	6.375338E-8	1
71.101851	6.373811E-8	1
71.211216	6.370923E-8	1
71.32767	6.369144E-8	1
71.436558	6.367681E-8	1
71.544977	6.366875E-8	1
71.654399	6.36418E-8	1
71.762696	6.362556E-8	1
71.871416	6.361202E-8	1
71.978937	6.359133E-8	1
72.088261	6.356348E-8	1
72.197233	6.356207E-8	1
72.306317	6.352429E-8	1
72.412828	6.353132E-8	1
72.521577	6.351578E-8	1
72.63039	6.349838E-8	1
72.739252	6.348098E-8	1
72.84806	6.347582E-8	1
72.956779	6.344655E-8	1
73.064833	6.343153E-8	1
73.173409	6.343179E-8	1
73.281278	6.341703E-8	1
73.389443	6.337417E-8	1
73.499313	6.335908E-8	1
73.608467	6.335586E-8	1
73.718395	6.334819E-8	1
73.827658	6.310743E-8	1
73.937689	6.339421E-8	1
74.046662	6.338429E-8	1
74.156492	6.337088E-8	1
74.264407	6.336495E-8	1
74.372787	6.334084E-8	1
74.481956	6.333117E-8	1
74.591314	6.332937E-8	1
74.698731	6.33137E-8	1
74.807719	6.330577E-8	1
74.916672	6.32954E-8	1
75.025168	6.329991E-8	1
75.134671	6.326291E-8	1
75.242801	6.325491E-8	1
75.351995	6.324073E-8	1
75.461251	6.323506E-8	1
75.569108	6.324299E-8	1
75.677956	6.322861E-8	1
75.787688	6.320612E-8	1
75.895296	6.318143E-8	1
76.004042	6.319671E-8	1
76.112307	6.319406E-8	1
76.220714	6.317137E-8	1
76.328256	6.31581E-8	1
76.436308	6.31579E-8	1
76.544002	6.314411E-8	1
76.6539	6.313773E-8	1
76.762974	6.31307E-8	1
76.8722	6.311981E-8	1
76.980146	6.31102E-8	1
77.089296	6.310376E-8	1
77.198047	6.309654E-8	1
77.305416	6.308925E-8	1
77.413507	6.308352E-8	1
77.522366	6.30821E-8	1
77.632734	6.307746E-8	1
77.741777	6.305522E-8	1
77.851724	6.305896E-8	1
77.957937	6.304477E-8	1
78.066872	6.303098E-8	1
78.175414	6.305064E-8	1
78.283611	6.302118E-8	1
78.392138	6.30275E-8	1
78.501671	6.301596E-8	1
78.610803	6.301467E-8	1
78.719161	6.300172E-8	1
78.827605	6.298927E-8	1
78.936722	6.298915E-8	1
79.045998	6.298328E-8	1
79.154949	6.296652E-8	1
79.263542	6.2976E-8	1
79.372958	6.295949E-8	1
79.481626	6.295008E-8	1
79.590394	6.296375E-8	1
79.700587	6.293951E-8	1
79.809344	6.294744E-8	1
79.919276	6.293719E-8	1
80.026732	6.293242E-8	1
80.135868	6.292707E-8	1
80.242666	6.291966E-8	1
80.351289	6.292559E-8	1
80.460098	6.291179E-8	1
80.569921	6.290773E-8	1
80.678557	6.289864E-8	1
80.786059	6.2894E-8	1
80.894508	6.289613E-8	1
81.003654	6.288981E-8	1
81.110838	6.288846E-8	1
81.219296	6.288427E-8	1
81.329437	6.288504E-8	1
81.439465	6.287299E-8	1
81.54775	6.287305E-8	1
81.656886	6.286016E-8	1
81.765535	6.286454E-8	1
81.874691	6.285081E-8	1
81.983795	6.283902E-8	1
82.092061	6.283876E-8	1
82.200583	6.284095E-8	1
82.309894	6.283521E-8	1
82.419489	6.283128E-8	1
82.530874	6.282097E-8	1
82.639322	6.281916E-8	1
82.74777	6.281781E-8	1
82.856722	6.281433E-8	1
82.966351	6.281736E-8	1
83.075883	6.281111E-8	1
83.185905	6.280518E-8	1
83.293508	6.279957E-8	1
83.403188	6.280073E-8	1
83.511759	6.278565E-8	1
83.619772	6.279164E-8	1
83.728473	6.278313E-8	1
83.836622	6.27772E-8	1
83.944389	6.278158E-8	1
84.053574	6.278287E-8	1
84.161588	6.278055E-8	1
84.271281	6.277127E-8	1
84.379852	6.276959E-8	1
84.488994	6.277308E-8	1
84.596787	6.276611E-8	1
84.705917	6.276605E-8	1
84.812707	6.275986E-8	1
84.920441	6.27569E-8	1
85.030123	6.275754E-8	1
85.137262	6.274787E-8	1
85.245186	6.274703E-8	1
85.352676	6.274439E-8	1
85.461869	6.274304E-8	1
85.571618	6.273317E-8	1
85.680619	6.273143E-8	1
85.790423	6.273633E-8	1
85.899858	6.273311E-8	1
86.008026	6.272995E-8	1
86.116061	6.272505E-8	1
86.224132	6.272086E-8	1
86.331255	6.272731E-8	1
86.441315	6.271764E-8	1
86.549423	6.271906E-8	1
86.65872	6.272106E-8	1
86.767628	6.270636E-8	1
86.87625	6.270223E-8	1
86.98507	6.270694E-8	1
87.094352	6.269817E-8	1
87.203993	6.270842E-8	1
87.310228	6.270004E-8	1
87.417815	6.215658E-8	1
87.527131	6.268277E-8	1
87.634849	6.273807E-8	1
87.742452	6.273027E-8	1
87.852068	6.273375E-8	1
87.961796	6.274072E-8	1
88.070124	6.273182E-8	1
88.180125	6.272989E-8	1
88.286714	6.273156E-8	1
88.394989	6.27333E-8	1
88.503664	6.272467E-8	1
88.610743	6.272589E-8	1
88.719224	6.272415E-8	1
88.82683	6.272331E-8	1
88.934124	6.271977E-8	1
89.041911	6.272982E-8	1
89.150221	6.271932E-8	1
89.257803	6.272396E-8	1
89.366818	6.273053E-8	1
89.474235	6.271113E-8	1
89.583418	6.271287E-8	1
89.691177	6.272273E-8	1
89.800806	6.272144E-8	1
89.909451	6.270223E-8	1
90.018744	6.271893E-8	1
90.12785	6.271003E-8	1
90.235896	6.27021E-8	1
90.34434	6.270662E-8	1
90.452625	6.271538E-8	1
90.561191	6.270217E-8	1
90.66941	6.270397E-8	1
90.778751	6.270004E-8	1
90.887857	6.269882E-8	1
90.997135	6.269637E-8	1
91.105679	6.270578E-8	1
91.21349	6.270301E-8	1
91.322341	6.269205E-8	1
91.43071	6.269437E-8	1
91.539337	6.270004E-8	1
91.64787	6.270288E-8	1
91.755485	6.269295E-8	1
91.865173	6.269321E-8	1
91.975139	6.269443E-8	1
92.083099	6.268966E-8	1
92.190662	6.269147E-8	1
92.300495	6.269824E-8	1
92.409943	6.267716E-8	1
92.518431	6.269057E-8	1
92.626877	6.268483E-8	1
92.736321	6.267503E-8	1
92.845617	6.269063E-8	1
92.954316	6.268934E-8	1
93.064335	6.268696E-8	1
93.171814	6.268921E-8	1
93.281015	6.269353E-8	1
93.389927	6.268277E-8	1
93.499933	6.268631E-8	1
93.610168	6.270056E-8	1
93.717895	6.268477E-8	1
93.827043	6.268683E-8	1
93.934722	6.269198E-8	1
94.04384	6.268986E-8	1
94.152522	6.268837E-8	1
94.261281	6.269282E-8	1
94.369246	6.26847E-8	1
94.476328	6.266807E-8	1
94.585361	6.269269E-8	1
94.694371	6.268651E-8	1
94.803191	6.267265E-8	1
94.911575	6.269347E-8	1
95.019337	6.268754E-8	1
95.127904	6.267426E-8	1
95.236644	6.267858E-8	1
95.343909	6.268921E-8	1
95.452244	6.268348E-8	1
95.560371	6.267503E-8	1
95.669558	6.269211E-8	1
95.778054	6.267632E-8	1
95.886279	6.267883E-8	1
95.994756	6.268966E-8	1
96.103016	6.268522E-8	1
96.2112	6.268483E-8	1
96.320955	6.26867E-8	1
96.429934	6.268141E-8	1
96.537992	6.268116E-8	1
96.647232	6.268831E-8	1
96.756291	6.268257E-8	1
96.865888	6.267342E-8	1
96.976051	6.267555E-8	1
97.083795	6.267896E-8	1
97.192805	6.268116E-8	1
97.302699	6.268322E-8	1
97.411627	6.269289E-8	1
97.521463	6.268238E-8	1
97.630052	6.2676E-8	1
97.737936	6.267284E-8	1
97.848325	6.268812E-8	1
97.956747	6.267387E-8	1
98.066543	6.267626E-8	1
98.175714	6.268483E-8	1
98.283161	6.26702E-8	1
98.392235	6.267574E-8	1
98.501296	6.268045E-8	1
98.610574	6.267903E-8	1
98.720037	6.268103E-8	1
98.82796	6.269205E-8	1
98.937139	6.267935E-8	1
99.045793	6.268232E-8	1
99.154047	6.269218E-8	1
99.263073	6.26916E-8	1
99.372446	6.268399E-8	1
99.481221	6.267529E-8	1
99.591083	6.269437E-8	1
99.701095	6.268696E-8	1
99.809373	6.268477E-8	1
99.918537	6.268992E-8	1
100.025169	6.268805E-8	1
100.132616	6.268734E-8	1
100.242672	6.268702E-8	1
100.352206	6.268451E-8	1
100.460701	6.268412E-8	1
100.569355	6.269037E-8	1
100.678884	6.269179E-8	1
100.787991	6.268805E-8	1
100.896783	6.268812E-8	1
101.004393	6.269153E-8	1
101.113531	6.210682E-8	1
101.22115	6.273923E-8	1
101.329456	6.276354E-8	1
101.438733	6.275393E-8	1
101.548197	6.27567E-8	1
101.657981	6.276502E-8	1
101.767478	6.276031E-8	1
101.875209	6.276399E-8	1
101.98449	6.276167E-8	1
102.092896	6.276598E-8	1
102.201881	6.276418E-8	1
102.309122	6.276979E-8	1
102.416721	6.276167E-8	1
102.525661	6.276843E-8	1
102.635647	6.276128E-8	1
102.745095	6.27627E-8	1
102.853429	6.27723E-8	1
102.963208	6.277185E-8	1
103.071767	6.276573E-8	1
103.179985	6.276876E-8	1
103.287729	6.277572E-8	1
103.394982	6.276611E-8	1
103.502223	6.275973E-8	1
103.611446	6.277211E-8	1
103.719409	6.276218E-8	1
103.827637	6.276482E-8	1
103.936204	6.276947E-8	1
104.045172	6.277069E-8	1
104.15425	6.276785E-8	1
104.26361	6.27732E-8	1
104.371714	6.277636E-8	1
104.47998	6.276392E-8	1
104.588914	6.277714E-8	1
104.697536	6.276914E-8	1
104.807366	6.277378E-8	1
104.916039	6.277179E-8	1
105.024617	6.277552E-8	1
105.133248	6.277146E-8	1
105.241765	6.276669E-8	1
105.351532	6.277578E-8	1
105.459755	6.278539E-8	1
105.569073	6.276663E-8	1
105.678024	6.277778E-8	1
105.787169	6.278861E-8	1
105.896775	6.27743E-8	1
106.004169	6.277675E-8	1
106.112103	6.277269E-8	1
106.219464	6.277868E-8	1
106.328032	6.279061E-8	1
106.435505	6.277933E-8	1
106.543513	6.277185E-8	1
106.652291	6.278661E-8	1
106.759662	6.279564E-8	1
106.869557	6.277192E-8	1
106.976459	6.278268E-8	1
107.084701	6.278345E-8	1
107.193481	6.278577E-8	1
107.301027	6.278906E-8	1
107.410895	6.279125E-8	1
107.519435	6.279022E-8	1
107.630247	6.278526E-8	1
107.739316	6.277881E-8	1
107.846522	6.278661E-8	1
107.955994	6.278552E-8	1
108.064252	6.278951E-8	1
108.174064	6.279441E-8	1
108.2909	6.278867E-8	1
108.400937	6.279325E-8	1
108.509912	6.279087E-8	1
108.618895	6.279054E-8	1
108.728034	6.279377E-8	1
108.835027	6.279693E-8	1
108.943815	6.279203E-8	1
109.053071	6.279886E-8	1
109.160915	6.279531E-8	1
109.269456	6.279409E-8	1
109.378088	6.278565E-8	1
109.486676	6.279744E-8	1
109.595435	6.27997E-8	1
109.705099	6.278971E-8	1
109.814286	6.280124E-8	1
109.922849	6.280073E-8	1
110.033348	6.280924E-8	1
110.152998	6.280253E-8	1
110.261635	6.280969E-8	1
110.369819	6.281136E-8	1
110.478948	6.280466E-8	1
110.586883	6.280892E-8	1
110.696715	6.281755E-8	1
110.805249	6.280466E-8	1
110.912494	6.28095E-8	1
111.019532	6.281265E-8	1
111.128345	6.280363E-8	1
111.238092	6.280176E-8	1
111.348087	6.281536E-8	1
111.456082	6.280885E-8	1
111.563735	6.280685E-8	1
111.674357	6.282123E-8	1
111.78268	6.281465E-8	1
111.892777	6.279628E-8	1
112.000771	6.282258E-8	1
112.110707	6.28182E-8	1
112.221295	6.280743E-8	1
112.32889	6.281523E-8	1
112.438138	6.282284E-8	1
112.545887	6.281833E-8	1
112.653728	6.281897E-8	1
112.763043	6.28269E-8	1
112.871055	6.281008E-8	1
112.978654	6.282187E-8	1
113.087354	6.282329E-8	1
113.197108	6.282613E-8	1
113.305529	6.281955E-8	1
113.414389	6.282232E-8	1
113.523941	6.280962E-8	1
113.63239	6.281298E-8	1
113.741591	6.281755E-8	1
113.849239	6.281955E-8	1
113.959119	6.282555E-8	1
114.067322	6.281285E-8	1
114.175704	6.282316E-8	1
114.284408	6.281994E-8	1
114.393689	6.282265E-8	1
114.503927	6.282207E-8	1
114.612092	6.282458E-8	1
114.722867	6.250312E-8	1
114.831612	6.272963E-8	1
114.940131	6.289452E-8	1
115.04953	6.290728E-8	1
115.160153	6.290483E-8	1
115.269863	6.290535E-8	1
115.378007	6.291257E-8	1
115.486894	6.290818E-8	1
115.596947	6.290851E-8	1
115.705331	6.29127E-8	1
115.81479	6.291476E-8	1
115.922737	6.29156E-8	1
116.03139	6.291263E-8	1
116.140179	6.291179E-8	1
116.251364	6.291515E-8	1
116.359982	6.291405E-8	1
116.46821	6.29116E-8	1
116.576466	6.291914E-8	1
116.684709	6.291379E-8	1
116.794028	6.292101E-8	1
116.904412	6.29076E-8	1
117.014405	6.291192E-8	1
117.123039	6.291237E-8	1
117.230348	6.290851E-8	1
117.338279	6.291547E-8	1
117.445599	6.291205E-8	1
117.554681	6.291643E-8	1
117.662944	6.291811E-8	1
117.770831	6.291785E-8	1
117.87916	6.292075E-8	1
117.98675	6.29183E-8	1
118.094799	6.292514E-8	1
118.203613	6.292353E-8	1
118.313164	6.292417E-8	1
118.420924	6.29261E-8	1
118.529592	6.292907E-8	1
118.638546	6.292243E-8	1
118.74717	6.292037E-8	1
118.855927	6.292469E-8	1
118.965168	6.291876E-8	1
119.073787	6.291611E-8	1
119.182844	6.293016E-8	1
119.291763	6.292804E-8	1
119.402034	6.292024E-8	1
119.510957	6.292481E-8	1
119.618862	6.293384E-8	1
119.728186	6.292643E-8	1
119.837924	6.293822E-8	1
119.946391	6.293893E-8	1
120.054617	6.293751E-8	1
120.164182	6.293713E-8	1
120.272222	6.294267E-8	1
120.381338	6.294261E-8	1
120.489619	6.294048E-8	1
120.599613	6.294712E-8	1
120.709211	6.294905E-8	1
120.81828	6.294673E-8	1
120.925314	6.29475E-8	1
121.036301	6.29457E-8	1
121.145424	6.294048E-8	1
121.252503	6.294873E-8	1
121.362992	6.295305E-8	1
121.471583	6.294757E-8	1
121.580635	6.294841E-8	1
121.689033	6.294931E-8	1
121.798739	6.295376E-8	1
121.907504	6.294299E-8	1
122.017317	6.295666E-8	1
122.126082	6.29709E-8	1
122.236021	6.29564E-8	1
122.344847	6.296542E-8	1
122.453677	6.29631E-8	1
122.561346	6.296343E-8	1
122.67218	6.295891E-8	1
122.780358	6.296156E-8	1
122.889626	6.295324E-8	1
122.999928	6.296394E-8	1
123.109567	6.296762E-8	1
123.21824	6.296336E-8	1
123.326502	6.29602E-8	1
123.43595	6.296916E-8	1
123.545405	6.29653E-8	1
123.654233	6.296568E-8	1
123.762969	6.296736E-8	1
123.872704	6.296355E-8	1
123.981483	6.29613E-8	1
124.090189	6.297155E-8	1
124.199632	6.296555E-8	1
124.307801	6.295917E-8	1
124.416344	6.296388E-8	1
124.52402	6.297503E-8	1
124.63277	6.296594E-8	1
124.742072	6.297574E-8	1
124.851193	6.296426E-8	1
124.960174	6.297284E-8	1
125.070959	6.296865E-8	1
125.179328	6.297516E-8	1
125.287413	6.296987E-8	1
125.395316	6.297251E-8	1
125.504496	6.297129E-8	1
125.61399	6.296897E-8	1
125.723951	6.296433E-8	1
125.833399	6.296588E-8	1
125.941712	6.296078E-8	1
126.051026	6.295924E-8	1
126.159427	6.296381E-8	1
126.26965	6.296169E-8	1
126.379577	6.295704E-8	1
126.487259	6.296671E-8	1
126.596335	6.296813E-8	1
126.705926	6.296736E-8	1
126.815613	6.296368E-8	1
126.923843	6.295698E-8	1
127.033246	6.297838E-8	1
127.142593	6.297387E-8	1
127.250287	6.296555E-8	1
127.360857	6.297612E-8	1
127.469919	6.297032E-8	1
127.57758	6.297232E-8	1
127.685799	6.297774E-8	1
127.793025	6.297045E-8	1
127.903058	6.296794E-8	1
128.009289	6.297677E-8	1
128.115929	6.297329E-8	1
128.224187	6.2974E-8	1
128.33224	6.298734E-8	1
128.440005	6.240121E-8	1
128.549401	6.301319E-8	1
128.658822	6.304645E-8	1
128.766634	6.304007E-8	1
128.875913	6.303994E-8	1
128.985266	6.305212E-8	1
129.09294	6.304954E-8	1
129.200749	6.304529E-8	1
129.309013	6.305083E-8	1
129.418808	6.304426E-8	1
129.528623	6.303304E-8	1
129.639386	6.305083E-8	1
129.749913	6.305464E-8	1
129.858562	6.3044E-8	1
129.969314	6.305122E-8	1
130.078318	6.305051E-8	1
130.187992	6.304593E-8	1
130.297235	6.305141E-8	1
130.405849	6.305902E-8	1
130.516229	6.305225E-8	1
130.626196	6.305412E-8	1
130.733243	6.305754E-8	1
130.841178	6.306186E-8	1
130.949677	6.304993E-8	1
131.058832	6.304993E-8	1
131.168347	6.305025E-8	1
131.277236	6.305941E-8	1
131.386883	6.307011E-8	1
131.496429	6.306443E-8	1
131.604311	6.307758E-8	1
131.714319	6.306373E-8	1
131.823399	6.307907E-8	1
131.932432	6.307404E-8	1
132.042591	6.307791E-8	1
132.157239	6.307494E-8	1
132.267467	6.306366E-8	1
132.377202	6.309099E-8	1
132.486446	6.308384E-8	1
132.5969	6.307456E-8	1
132.705834	6.307926E-8	1
132.815572	6.309383E-8	1
132.926278	6.307991E-8	1
133.035503	6.307378E-8	1
133.143747	6.307746E-8	1
133.252036	6.310395E-8	1
133.36119	6.30841E-8	1
133.469125	6.308152E-8	1
133.577541	6.308938E-8	1
133.687098	6.307868E-8	1
133.795568	6.30975E-8	1
133.904914	6.307398E-8	1
134.014124	6.310272E-8	1
134.123647	6.310111E-8	1
134.231367	6.308867E-8	1
134.341	6.309067E-8	1
134.4522	6.308932E-8	1
134.560422	6.310195E-8	1
134.668409	6.308642E-8	1
134.777421	6.310737E-8	1
134.887596	6.309963E-8	1
134.995622	6.308635E-8	1
135.105241	6.309138E-8	1
135.213312	6.308712E-8	1
135.321749	6.308055E-8	1
135.431759	6.308558E-8	1
135.539876	6.309215E-8	1
135.649766	6.309054E-8	1
135.759945	6.310047E-8	1
135.870605	6.308938E-8	1
135.979761	6.309402E-8	1
136.086512	6.308945E-8	1
136.194385	6.310073E-8	1
136.304749	6.308674E-8	1
136.413689	6.309357E-8	1
136.5242	6.309725E-8	1
136.63125	6.310105E-8	1
136.739513	6.308764E-8	1
136.848516	6.309673E-8	1
136.956362	6.31122E-8	1
137.065499	6.309209E-8	1
137.175464	6.310782E-8	1
137.283735	6.310124E-8	1
137.392066	6.310247E-8	1
137.501365	6.309583E-8	1
137.608403	6.310762E-8	1
137.717422	6.309802E-8	1
137.825495	6.309318E-8	1
137.935931	6.310994E-8	1
138.043869	6.309486E-8	1
138.151789	6.310073E-8	1
138.260782	6.310376E-8	1
138.368422	6.310717E-8	1
138.476243	6.310195E-8	1
138.586251	6.310788E-8	1
138.694104	6.310608E-8	1
138.802523	6.310614E-8	1
138.910037	6.310485E-8	1
139.019378	6.310472E-8	1
139.127541	6.310911E-8	1
139.234983	6.310588E-8	1
139.34594	6.311136E-8	1
139.456084	6.311033E-8	1
139.565325	6.31053E-8	1
139.673144	6.312013E-8	1
139.78206	6.311207E-8	1
139.890831	6.311471E-8	1
139.998636	6.310962E-8	1
140.106377	6.311033E-8	1
140.214133	6.311916E-8	1
140.322151	6.312284E-8	1
140.431151	6.312142E-8	1
140.539811	6.31238E-8	1
140.648017	6.312625E-8	1
140.756213	6.312786E-8	1
140.863213	6.311839E-8	1
140.971018	6.312129E-8	1
141.08103	6.312722E-8	1
141.189231	6.31249E-8	1
141.296624	6.312425E-8	1
141.405251	6.312625E-8	1
141.514432	6.312825E-8	1
141.622056	6.312831E-8	1
141.730729	6.313657E-8	1
141.838389	6.312483E-8	1
141.946408	6.312638E-8	1
142.054315	6.284598E-8	1
142.161156	6.302518E-8	1
142.26834	6.32143E-8	1
142.375987	6.322365E-8	1
142.482402	6.3229E-8	1
142.591279	6.322268E-8	1
142.698658	6.321843E-8	1
142.808448	6.323152E-8	1
142.916051	6.321218E-8	1
143.025335	6.322584E-8	1
143.132563	6.322694E-8	1
143.240715	6.321385E-8	1
143.347625	6.322043E-8	1
143.456054	6.322236E-8	1
143.565876	6.321856E-8	1
143.67372	6.321643E-8	1
143.781427	6.322771E-8	1
143.890655	6.323455E-8	1
143.99877	6.322958E-8	1
144.107168	6.323326E-8	1
144.214994	6.322675E-8	1
144.322196	6.323061E-8	1
144.43138	6.322243E-8	1
144.539165	6.322758E-8	1
144.646546	6.323319E-8	1
144.754689	6.322823E-8	1
144.862782	6.32339E-8	1
144.971056	6.322971E-8	1
145.078047	6.322887E-8	1
145.185558	6.323551E-8	1
145.292871	6.322172E-8	1
145.402841	6.323158E-8	1
145.510369	6.323177E-8	1
145.617963	6.32368E-8	1
145.726816	6.323912E-8	1
145.83474	6.323513E-8	1
145.943382	6.323448E-8	1
146.052166	6.323461E-8	1
146.160611	6.323822E-8	1
146.269436	6.323609E-8	1
146.379072	6.323577E-8	1
146.485973	6.324421E-8	1
146.594191	6.32397E-8	1
146.7029	6.32435E-8	1
146.810223	6.324222E-8	1
146.918205	6.324222E-8	1
147.027662	6.32408E-8	1
147.135776	6.324595E-8	1
147.243932	6.324525E-8	1
147.352273	6.323815E-8	1
147.460359	6.324828E-8	1
147.567875	6.32428E-8	1
147.675911	6.324731E-8	1
147.783967	6.324944E-8	1
147.891203	6.324157E-8	1
148.002337	6.324634E-8	1
148.113561	6.325472E-8	1
148.221526	6.325259E-8	1
148.328902	6.325337E-8	1
148.436281	6.324441E-8	1
148.545595	6.324776E-8	1
148.65341	6.325098E-8	1
148.760685	6.324744E-8	1
148.868273	6.325279E-8	1
148.978877	6.325717E-8	1
149.092379	6.32515E-8	1
149.201247	6.325446E-8	1
149.310663	6.326781E-8	1
149.420657	6.325511E-8	1
149.527864	6.32524E-8	1
149.634902	6.325949E-8	1
149.742893	6.326052E-8	1
149.849696	6.325511E-8	1
149.958629	6.326091E-8	1
150.067086	6.325343E-8	1
150.175506	6.325401E-8	1
150.282181	6.325614E-8	1
150.389343	6.325749E-8	1
150.498114	6.325814E-8	1
150.606811	6.32651E-8	1
150.715388	6.326323E-8	1
150.823521	6.325801E-8	1
150.932376	6.325569E-8	1
151.040414	6.326046E-8	1
151.148571	6.325956E-8	1
151.256732	6.326897E-8	1
151.366271	6.326387E-8	1
151.481855	6.325962E-8	1
151.592069	6.326336E-8	1
151.704288	6.326536E-8	1
151.816075	6.326387E-8	1
151.923278	6.325827E-8	1
152.033865	6.325852E-8	1
152.141834	6.326529E-8	1
152.250697	6.326974E-8	1
152.360673	6.327129E-8	1
152.469291	6.325827E-8	1
152.578073	6.326671E-8	1
152.688087	6.326742E-8	1
152.798737	6.326516E-8	1
152.908175	6.326181E-8	1
153.017484	6.327586E-8	1
153.125024	6.327283E-8	1
153.234653	6.326768E-8	1
153.344091	6.326935E-8	1
153.453369	6.326555E-8	1
153.56209	6.326574E-8	1
153.670808	6.326948E-8	1
153.77948	6.326723E-8	1
153.887199	6.326948E-8	1
153.998734	6.327735E-8	1
154.107598	6.327683E-8	1
154.217795	6.327399E-8	1
154.326236	6.326922E-8	1
154.433879	6.327425E-8	1
154.542867	6.328038E-8	1
154.650826	6.327406E-8	1
154.759307	6.327006E-8	1
154.867571	6.328289E-8	1
154.976316	6.327825E-8	1
155.08437	6.327445E-8	1
155.192347	6.328869E-8	1
155.300644	6.327341E-8	1
155.40802	6.327322E-8	1
155.518803	6.327773E-8	1
155.633148	6.327077E-8	1
155.742073	6.27469E-8	1
155.849967	6.328012E-8	1
155.957218	6.334484E-8	1
156.071424	6.334052E-8	1
156.17866	6.335199E-8	1
156.286131	6.335444E-8	1
156.394036	6.335135E-8	1
156.501888	6.335708E-8	1
156.608996	6.335715E-8	1
156.716751	6.335264E-8	1
156.825032	6.334587E-8	1
156.934672	6.334832E-8	1
157.041135	6.334587E-8	1
157.149639	6.334935E-8	1
157.264	6.335554E-8	1
157.375109	6.33547E-8	1
157.484173	6.335006E-8	1
157.59259	6.33507E-8	1
157.701349	6.335463E-8	1
157.809776	6.334877E-8	1
157.917418	6.335064E-8	1
158.02472	6.33527E-8	1
158.134043	6.335728E-8	1
158.24105	6.33587E-8	1
158.349409	6.335367E-8	1
158.456924	6.33547E-8	1
158.566599	6.334832E-8	1
158.675859	6.334703E-8	1
158.789254	6.335592E-8	1
158.896089	6.335476E-8	1
159.004615	6.33585E-8	1
159.11367	6.336591E-8	1
159.221843	6.336179E-8	1
159.329133	6.335425E-8	1
159.437637	6.335979E-8	1
159.545332	6.335676E-8	1
159.653127	6.335483E-8	1
159.758995	6.335586E-8	1
159.866992	6.335315E-8	1
159.974932	6.335554E-8	1
160.083885	6.335579E-8	1
160.190964	6.33587E-8	1
160.298645	6.335212E-8	1
160.40625	6.33576E-8	1
160.512355	6.335902E-8	1
160.622309	6.33605E-8	1
160.728536	6.336263E-8	1
160.836273	6.335786E-8	1
160.943636	6.336127E-8	1
161.053993	6.336134E-8	1
161.165235	6.335721E-8	1
161.274503	6.336108E-8	1
161.381458	6.336056E-8	1
161.492358	6.336366E-8	1
161.599853	6.336952E-8	1
161.70778	6.336817E-8	1
161.815981	6.336856E-8	1
161.923548	6.336166E-8	1
162.032345	6.336579E-8	1
162.139068	6.335882E-8	1
162.24804	6.336218E-8	1
162.355163	6.337745E-8	1
162.463017	6.336334E-8	1
162.571281	6.336824E-8	1
162.678525	6.335908E-8	1
162.787673	6.336102E-8	1
162.897452	6.336282E-8	1
163.007754	6.336398E-8	1
163.114784	6.336785E-8	1
163.222736	6.336972E-8	1
163.332211	6.336495E-8	1
163.440063	6.33634E-8	1
163.547686	6.336856E-8	1
163.656061	6.336611E-8	1
163.765379	6.336172E-8	1
163.873853	6.336888E-8	1
163.980454	6.336882E-8	1
164.08899	6.337049E-8	1
164.197011	6.336785E-8	1
164.305347	6.336875E-8	1
164.414466	6.336862E-8	1
164.522263	6.336894E-8	1
164.629774	6.336772E-8	1
164.738004	6.33672E-8	1
164.845396	6.337552E-8	1
164.95442	6.336914E-8	1
165.063157	6.337062E-8	1
165.172422	6.33692E-8	1
165.281724	6.337307E-8	1
165.388068	6.336669E-8	1
165.496064	6.337539E-8	1
165.606282	6.337636E-8	1
165.713345	6.336637E-8	1
165.822035	6.337874E-8	1
165.929404	6.338267E-8	1
166.038344	6.337584E-8	1
166.146603	6.338693E-8	1
166.254442	6.33819E-8	1
166.360496	6.337816E-8	1
166.468866	6.33741E-8	1
166.576318	6.338467E-8	1
166.685935	6.338551E-8	1
166.792933	6.337732E-8	1
166.901181	6.337668E-8	1
167.009289	6.337739E-8	1
167.117461	6.337346E-8	1
167.226925	6.338557E-8	1
167.334262	6.337816E-8	1
167.443722	6.338854E-8	1
167.550136	6.337919E-8	1
167.657092	6.338087E-8	1
167.766045	6.338203E-8	1
167.873476	6.338132E-8	1
167.982712	6.337945E-8	1
168.092708	6.338416E-8	1
168.19983	6.337984E-8	1
168.30814	6.338229E-8	1
168.415685	6.338693E-8	1
168.523787	6.337874E-8	1
168.633399	6.339202E-8	1
168.741793	6.338248E-8	1
168.850523	6.338815E-8	1
168.958939	6.337778E-8	1
169.066171	6.339183E-8	1
169.174122	6.339479E-8	1
169.286886	6.338255E-8	1
169.396894	6.289684E-8	1
169.505084	6.335341E-8	1
169.613948	6.345403E-8	1
169.721624	6.346518E-8	1
169.827538	6.346435E-8	1
169.937693	6.347298E-8	1
170.045044	6.346222E-8	1
170.153452	6.346647E-8	1
170.263279	6.346248E-8	1
170.371536	6.346402E-8	1
170.47914	6.346879E-8	1
170.588528	6.345919E-8	1
170.695248	6.346286E-8	1
170.802915	6.347156E-8	1
170.911249	6.347698E-8	1
171.019725	6.346731E-8	1
171.125979	6.34715E-8	1
171.233663	6.347086E-8	1
171.342599	6.34695E-8	1
171.454012	6.347266E-8	1
171.562241	6.347169E-8	1
171.671467	6.347382E-8	1
171.779198	6.347298E-8	1
171.887779	6.347601E-8	1
171.995846	6.347176E-8	1
172.10626	6.347144E-8	1
172.214899	6.347691E-8	1
172.321599	6.346879E-8	1
172.431445	6.347098E-8	1
172.540473	6.347524E-8	1
172.650521	6.346776E-8	1
172.758736	6.34704E-8	1
172.866603	6.347363E-8	1
172.97663	6.347769E-8	1
173.086977	6.348355E-8	1
173.195253	6.347092E-8	1
173.303181	6.34793E-8	1
173.411916	6.347047E-8	1
173.520189	6.346744E-8	1
173.627508	6.347376E-8	1
173.736803	6.347002E-8	1
173.844544	6.347556E-8	1
173.951706	6.34802E-8	1
174.059193	6.347279E-8	1
174.167027	6.348046E-8	1
174.274426	6.347144E-8	1
174.381355	6.347698E-8	1
174.490398	6.347646E-8	1
174.599665	6.347324E-8	1
174.708741	6.348272E-8	1
174.816476	6.348052E-8	1
174.923872	6.347595E-8	1
175.033619	6.348568E-8	1
175.141249	6.348098E-8	1
175.250715	6.347543E-8	1
175.359396	6.347808E-8	1
175.468129	6.347672E-8	1
175.578073	6.348207E-8	1
175.687443	6.348085E-8	1
175.795005	6.348671E-8	1
175.901488	6.347982E-8	1
176.008716	6.348568E-8	1
176.116122	6.34755E-8	1
176.224378	6.348388E-8	1
176.331046	6.348349E-8	1
176.440061	6.348639E-8	1
176.549224	6.347994E-8	1
176.657795	6.348143E-8	1
176.766132	6.348297E-8	1
176.8756	6.348658E-8	1
176.985359	6.348394E-8	1
177.094296	6.348407E-8	1
177.201201	6.349316E-8	1
177.307328	6.347066E-8	1
177.416659	6.348762E-8	1
177.523373	6.347891E-8	1
177.632919	6.348323E-8	1
177.741175	6.347956E-8	1
177.847847	6.348936E-8	1
177.956	6.348304E-8	1
178.064734	6.348471E-8	1
178.17153	6.350077E-8	1
178.279503	6.348388E-8	1
178.388645	6.349374E-8	1
178.498005	6.348845E-8	1
178.604629	6.348304E-8	1
178.713295	6.34851E-8	1
178.820245	6.349683E-8	1
178.928869	6.348613E-8	1
179.038838	6.3494E-8	1
179.147438	6.349625E-8	1
179.259681	6.349593E-8	1
179.367861	6.349277E-8	1
179.477789	6.349516E-8	1
179.586505	6.350186E-8	1
179.695024	6.34938E-8	1
179.803485	6.350135E-8	1
179.910769	6.349619E-8	1
180.021008	6.349226E-8	1
180.132118	6.349045E-8	1
180.240488	6.34938E-8	1
180.346801	6.349406E-8	1
180.453789	6.348762E-8	1
180.562063	6.349799E-8	1
180.669923	6.349509E-8	1
180.778165	6.349941E-8	1
180.886601	6.34967E-8	1
180.994421	6.350167E-8	1
181.101035	6.349967E-8	1
181.208766	6.349774E-8	1
181.317066	6.350135E-8	1
181.424432	6.349064E-8	1
181.533109	6.350006E-8	1
181.640283	6.34989E-8	1
181.747413	6.349619E-8	1
181.856879	6.350251E-8	1
181.965552	6.349045E-8	1
182.074752	6.349393E-8	1
182.183633	6.350257E-8	1
182.292329	6.349973E-8	1
182.400998	6.35045E-8	1
182.5079	6.350238E-8	1
182.616175	6.349477E-8	1
182.728981	6.349284E-8	1
182.840526	6.349716E-8	1
182.950133	6.349316E-8	1
183.057289	6.305805E-8	1
183.164981	6.339151E-8	1
183.274247	6.350463E-8	1
183.382055	6.350953E-8	1
183.490809	6.351101E-8	1
183.597931	6.351604E-8	1
183.707078	6.351224E-8	1
183.813744	6.35105E-8	1
183.920243	6.351475E-8	1
184.032331	6.350521E-8	1
184.138966	6.352365E-8	1
184.248256	6.351488E-8	1
184.355781	6.350444E-8	1
184.461936	6.351011E-8	1
184.570895	6.350921E-8	1
184.682155	6.351205E-8	1
184.79226	6.350244E-8	1
184.900212	6.352313E-8	1
185.009397	6.35174E-8	1
185.117618	6.350566E-8	1
185.225891	6.351533E-8	1
185.332897	6.351346E-8	1
185.439925	6.35065E-8	1
185.549403	6.352249E-8	1
185.658169	6.35181E-8	1
185.766073	6.350708E-8	1
185.877506	6.352416E-8	1
185.988725	6.351817E-8	1
186.096927	6.351823E-8	1
186.204125	6.352081E-8	1
186.314114	6.351836E-8	1
186.430853	6.351495E-8	1
186.538119	6.351301E-8	1
186.647062	6.351707E-8	1
186.755296	6.351881E-8	1
186.864175	6.35125E-8	1
186.972025	6.351772E-8	1
187.08122	6.351263E-8	1
187.188955	6.351127E-8	1
187.296916	6.352281E-8	1
187.404054	6.352455E-8	1
187.512455	6.351733E-8	1
187.6232	6.351437E-8	1
187.731663	6.352423E-8	1
187.840353	6.351533E-8	1
187.947835	6.352043E-8	1
188.054975	6.351946E-8	1
188.164426	6.352294E-8	1
188.272625	6.352404E-8	1
188.381566	6.352281E-8	1
188.491409	6.35221E-8	1
188.599829	6.353055E-8	1
188.707436	6.352068E-8	1
188.816303	6.352861E-8	1
188.924243	6.352107E-8	1
189.030888	6.352803E-8	1
189.138976	6.352101E-8	1
189.246055	6.351849E-8	1
189.35409	6.352062E-8	1
189.462268	6.352146E-8	1
189.570965	6.352184E-8	1
189.67937	6.352939E-8	1
189.78802	6.352803E-8	1
189.89695	6.351559E-8	1
190.004717	6.352893E-8	1
190.11323	6.351927E-8	1
190.222142	6.352068E-8	1
190.330824	6.351997E-8	1
190.440914	6.35241E-8	1
190.550892	6.352352E-8	1
190.659121	6.352165E-8	1
190.767363	6.352887E-8	1
190.874928	6.352842E-8	1
190.982159	6.352346E-8	1
191.092417	6.352893E-8	1
191.200699	6.352906E-8	1
191.308962	6.352977E-8	1
191.417274	6.353254E-8	1
191.525376	6.352455E-8	1
191.63254	6.35348E-8	1
191.740105	6.352681E-8	1
191.847656	6.352868E-8	1
191.956499	6.351972E-8	1
192.065579	6.353396E-8	1
192.173759	6.35348E-8	1
192.282115	6.352771E-8	1
192.390416	6.352797E-8	1
192.498014	6.353448E-8	1
192.60741	6.352436E-8	1
192.71437	6.352152E-8	1
192.823083	6.353615E-8	1
192.930912	6.352281E-8	1
193.040484	6.353338E-8	1
193.151754	6.354202E-8	1
193.261147	6.352739E-8	1
193.369864	6.3531E-8	1
193.477993	6.353312E-8	1
193.588016	6.353003E-8	1
193.696446	6.351991E-8	1
193.80565	6.354092E-8	1
193.912169	6.353686E-8	1
194.022025	6.353254E-8	1
194.129613	6.353274E-8	1
194.26389	6.353409E-8	1
194.371129	6.352661E-8	1
194.478035	6.352694E-8	1
194.586423	6.352732E-8	1
194.696725	6.353467E-8	1
194.805048	6.352835E-8	1
194.91264	6.353461E-8	1
195.019404	6.352526E-8	1
195.126655	6.352945E-8	1
195.233721	6.352352E-8	1
195.34177	6.353422E-8	1
195.452019	6.35259E-8	1
195.559829	6.353119E-8	1
195.666547	6.353312E-8	1
195.77299	6.352713E-8	1
195.881816	6.352842E-8	1
195.98931	6.353216E-8	1
196.096298	6.353409E-8	1
196.203072	6.352352E-8	1
196.314488	6.35299E-8	1
196.422932	6.352964E-8	1
196.529639	6.353029E-8	1
196.638345	6.352584E-8	1
196.745197	6.296742E-8	1
196.852308	6.353641E-8	1
196.961516	6.357876E-8	1
197.069744	6.359488E-8	1
197.178081	6.359404E-8	1
197.284745	6.358469E-8	1
197.393135	6.359378E-8	1
197.499968	6.359301E-8	1
197.609205	6.358862E-8	1
197.717165	6.358456E-8	1
197.825524	6.358888E-8	1
197.934452	6.357915E-8	1
198.042371	6.359049E-8	1
198.151121	6.35923E-8	1
198.258003	6.358746E-8	1
198.36621	6.358476E-8	1
198.473891	6.358353E-8	1
198.583634	6.358489E-8	1
198.693051	6.358605E-8	1
198.801099	6.358946E-8	1
198.907818	6.358978E-8	1
199.015315	6.358817E-8	1
199.123719	6.358753E-8	1
199.230705	6.358714E-8	1
199.338128	6.358605E-8	1
199.446508	6.358198E-8	1
199.555161	6.358469E-8	1
199.663618	6.358856E-8	1
199.771032	6.35932E-8	1
199.879357	6.358721E-8	1
199.987525	6.358766E-8	1
200.097108	6.360203E-8	1
200.204926	6.358495E-8	1
200.31289	6.359739E-8	1
200.425412	6.359404E-8	1
200.533121	6.357973E-8	1
200.641532	6.359965E-8	1
200.750179	6.359855E-8	1
200.861434	6.358966E-8	1
200.972971	6.359339E-8	1
201.082046	6.358733E-8	1
201.190291	6.35883E-8	1
201.299741	6.359455E-8	1
201.407491	6.358115E-8	1
201.516033	6.359004E-8	1
201.624724	6.359339E-8	1
201.732821	6.357779E-8	1
201.841042	6.358153E-8	1
201.949598	6.358708E-8	1
202.057481	6.35805E-8	1
202.166198	6.357844E-8	1
202.274565	6.359223E-8	1
202.383355	6.357451E-8	1
202.490349	6.358431E-8	1
202.599624	6.358405E-8	1
202.70879	6.358282E-8	1
202.817391	6.357599E-8	1
202.925628	6.358688E-8	1
203.035039	6.35825E-8	1
203.146272	6.357154E-8	1
203.256994	6.358579E-8	1
203.364915	6.358727E-8	1
203.471748	6.358347E-8	1
203.579293	6.358547E-8	1
203.687622	6.359036E-8	1
203.795901	6.359146E-8	1
203.903407	6.359101E-8	1
204.010646	6.358772E-8	1
204.117073	6.358495E-8	1
204.229895	6.359365E-8	1
204.337738	6.358959E-8	1
204.445308	6.358888E-8	1
204.553811	6.359926E-8	1
204.660571	6.359049E-8	1
204.768155	6.360113E-8	1
204.877663	6.359372E-8	1
204.987563	6.358456E-8	1
205.09694	6.359739E-8	1
205.20591	6.359546E-8	1
205.315046	6.359939E-8	1
205.421393	6.359958E-8	1
205.528653	6.359423E-8	1
205.63807	6.35999E-8	1
205.747336	6.359339E-8	1
205.855659	6.359655E-8	1
205.963387	6.359571E-8	1
206.071024	6.358392E-8	1
206.178247	6.359365E-8	1
206.285333	6.358624E-8	1
206.394716	6.359178E-8	1
206.503937	6.359984E-8	1
206.612534	6.358714E-8	1
206.719977	6.359617E-8	1
206.827485	6.359043E-8	1
206.943911	6.359191E-8	1
207.051155	6.359159E-8	1
207.160628	6.358875E-8	1
207.269652	6.359436E-8	1
207.380907	6.359017E-8	1
207.490268	6.35883E-8	1
207.599198	6.359604E-8	1
207.707445	6.358746E-8	1
207.815459	6.35785E-8	1
207.923682	6.35885E-8	1
208.030673	6.359507E-8	1
208.138134	6.35825E-8	1
208.24652	6.360345E-8	1
208.354686	6.359694E-8	1
208.462614	6.357657E-8	1
208.572027	6.358985E-8	1
208.679819	6.35943E-8	1
208.788692	6.358057E-8	1
208.897599	6.359217E-8	1
209.008035	6.360255E-8	1
209.118813	6.359017E-8	1
209.226127	6.359281E-8	1
209.333591	6.358656E-8	1
209.441624	6.359333E-8	1
209.547836	6.359223E-8	1
209.656981	6.359185E-8	1
209.764705	6.358256E-8	1
209.872585	6.359217E-8	1
209.981246	6.35923E-8	1
210.089768	6.358437E-8	1
210.215281	6.358456E-8	1
210.324504	6.359404E-8	1
210.433872	6.298818E-8	1
210.539608	6.360132E-8	1
210.646187	6.362511E-8	1
210.754104	6.363336E-8	1
210.863328	6.362962E-8	1
210.971043	6.363658E-8	1
211.078617	6.363168E-8	1
211.184923	6.362904E-8	1
211.29491	6.363993E-8	1
211.405775	6.363407E-8	1
211.514624	6.362388E-8	1
211.622176	6.363207E-8	1
211.73201	6.363446E-8	1
211.844371	6.362305E-8	1
211.952625	6.362678E-8	1
212.06177	6.364039E-8	1
212.168836	6.363304E-8	1
212.295543	6.362885E-8	1
212.405595	6.363671E-8	1
212.513908	6.363123E-8	1
212.621193	6.362923E-8	1
212.727719	6.364116E-8	1
212.836525	6.362666E-8	1
212.94402	6.362105E-8	1
213.052884	6.364219E-8	1
213.159525	6.363194E-8	1
213.267737	6.362472E-8	1
213.376612	6.362756E-8	1
213.485292	6.362988E-8	1
213.594086	6.362736E-8	1
213.701834	6.362498E-8	1
213.810236	6.36264E-8	1
213.921494	6.362943E-8	1
214.029311	6.36293E-8	1
214.138478	6.363426E-8	1
214.246876	6.363259E-8	1
214.355565	6.362021E-8	1
214.46246	6.362749E-8	1
214.569243	6.362891E-8	1
214.676954	6.362595E-8	1
214.788711	6.362653E-8	1
214.896571	6.363155E-8	1
215.004444	6.363652E-8	1
215.113741	6.362369E-8	1
215.221533	6.363355E-8	1
215.329989	6.362672E-8	1
215.437394	6.363317E-8	1
215.546838	6.363594E-8	1
215.654333	6.363652E-8	1
215.761766	6.363542E-8	1
215.870293	6.362891E-8	1
215.980086	6.363407E-8	1
216.088295	6.362562E-8	1
216.213118	6.363155E-8	1
216.322183	6.363136E-8	1
216.431877	6.363529E-8	1
216.540789	6.363974E-8	1
216.64802	6.363723E-8	1
216.756119	6.363858E-8	1
216.867661	6.363213E-8	1
216.975927	6.36322E-8	1
217.083819	6.363213E-8	1
217.195673	6.363807E-8	1
217.302132	6.363426E-8	1
217.411508	6.363858E-8	1
217.518597	6.362678E-8	1
217.626984	6.362846E-8	1
217.735594	6.362794E-8	1
217.842648	6.362891E-8	1
217.949645	6.363091E-8	1
218.059789	6.363587E-8	1
218.166459	6.363342E-8	1
218.27313	6.362627E-8	1
218.38216	6.363471E-8	1
218.491418	6.36284E-8	1
218.600225	6.362917E-8	1
218.708451	6.363001E-8	1
218.817253	6.362852E-8	1
218.926465	6.363433E-8	1
219.034773	6.36322E-8	1
219.143091	6.363375E-8	1
219.250362	6.362859E-8	1
219.35932	6.363407E-8	1
219.46691	6.36322E-8	1
219.574977	6.362227E-8	1
219.682173	6.36253E-8	1
219.789725	6.363246E-8	1
219.897268	6.363091E-8	1
220.004186	6.363626E-8	1
220.113388	6.361666E-8	1
220.219911	6.362459E-8	1
220.328012	6.362672E-8	1
220.43608	6.361428E-8	1
220.546974	6.363665E-8	1
220.656452	6.362337E-8	1
220.764614	6.362227E-8	1
220.872209	6.362601E-8	1
220.981425	6.361776E-8	1
221.089729	6.361956E-8	1
221.199908	6.361969E-8	1
221.307252	6.363117E-8	1
221.413501	6.361396E-8	1
221.524009	6.363117E-8	1
221.633826	6.362569E-8	1
221.74433	6.362588E-8	1
221.852322	6.361596E-8	1
221.95935	6.363562E-8	1
222.069388	6.36342E-8	1
222.178418	6.36204E-8	1
222.290078	6.362189E-8	1
222.397853	6.362034E-8	1
222.505902	6.364071E-8	1
222.614055	6.36438E-8	1
222.720765	6.361467E-8	1
222.827162	6.361866E-8	1
222.934698	6.362021E-8	1
223.041994	6.363246E-8	1
223.150016	6.3636E-8	1
223.258361	6.362833E-8	1
223.366486	6.362646E-8	1
223.473834	6.362704E-8	1
223.581361	6.36342E-8	1
223.688367	6.362749E-8	1
223.797692	6.363723E-8	1
223.906097	6.361918E-8	1
224.014114	6.363278E-8	1
224.126497	6.302028E-8	1
224.236259	6.365637E-8	1
224.343866	6.36654E-8	1
224.452678	6.366759E-8	1
224.561956	6.367146E-8	1
224.669629	6.367158E-8	1
224.778403	6.367687E-8	1
224.886627	6.366662E-8	1
224.994884	6.367133E-8	1
225.103642	6.366527E-8	1
225.212801	6.366346E-8	1
225.322242	6.366604E-8	1
225.430783	6.367036E-8	1
225.539471	6.366056E-8	1
225.646803	6.366275E-8	1
225.754078	6.366043E-8	1
225.862944	6.367384E-8	1
225.970672	6.367532E-8	1
226.078293	6.365611E-8	1
226.18632	6.366894E-8	1
226.293782	6.365263E-8	1
226.402064	6.365966E-8	1
226.509319	6.366417E-8	1
226.617306	6.366733E-8	1
226.725441	6.366881E-8	1
226.833035	6.364657E-8	1
226.942607	6.365083E-8	1
227.050185	6.365773E-8	1
227.158528	6.367146E-8	1
227.267148	6.366565E-8	1
227.375671	6.367042E-8	1
227.483272	6.366314E-8	1
227.594685	6.364625E-8	1
227.703423	6.366378E-8	1
227.812299	6.367519E-8	1
227.919379	6.366353E-8	1
228.028556	6.366623E-8	1
228.135873	6.365263E-8	1
228.24474	6.365998E-8	1
228.351754	6.365985E-8	1
228.461936	6.366727E-8	1
228.571692	6.366217E-8	1
228.680784	6.365192E-8	1
228.78968	6.367139E-8	1
228.896752	6.365321E-8	1
229.006135	6.36701E-8	1
229.117099	6.366417E-8	1
229.228446	6.367055E-8	1
229.335497	6.365225E-8	1
229.445733	6.364877E-8	1
229.557305	6.364767E-8	1
229.66769	6.3671E-8	1
229.776775	6.36712E-8	1
229.884573	6.365057E-8	1
229.994139	6.366559E-8	1
230.100585	6.365598E-8	1
230.206592	6.366733E-8	1
230.314476	6.366527E-8	1
230.423257	6.364425E-8	1
230.531868	6.366211E-8	1
230.645081	6.365727E-8	1
230.753542	6.36681E-8	1
230.85998	6.365315E-8	1
230.966276	6.366101E-8	1
231.075469	6.365192E-8	1
231.182374	6.36594E-8	1
231.290148	6.364999E-8	1
231.399508	6.36507E-8	1
231.506976	6.364329E-8	1
231.613724	6.365979E-8	1
231.724052	6.365147E-8	1
231.833087	6.365121E-8	1
231.943397	6.365979E-8	1
232.050622	6.364889E-8	1
232.16196	6.364483E-8	1
232.271999	6.365882E-8	1
232.381176	6.365953E-8	1
232.490417	6.365392E-8	1
232.598459	6.364548E-8	1
232.710057	6.365863E-8	1
232.81886	6.366733E-8	1
232.928113	6.365528E-8	1
233.035182	6.366843E-8	1
233.143594	6.36585E-8	1
233.252823	6.366469E-8	1
233.363044	6.364277E-8	1
233.471059	6.365167E-8	1
233.580463	6.36545E-8	1
233.687738	6.365341E-8	1
233.794316	6.365979E-8	1
233.909919	6.366501E-8	1
234.016767	6.366772E-8	1
234.12425	6.365663E-8	1
234.233469	6.366598E-8	1
234.341157	6.367191E-8	1
234.452263	6.36498E-8	1
234.562144	6.367075E-8	1
234.669918	6.365695E-8	1
234.776756	6.366662E-8	1
234.884189	6.36545E-8	1
234.993097	6.367494E-8	1
235.100771	6.364954E-8	1
235.209717	6.367081E-8	1
235.318599	6.366166E-8	1
235.428472	6.365515E-8	1
235.536651	6.36721E-8	1
235.644639	6.367229E-8	1
235.752882	6.365657E-8	1
235.861154	6.366707E-8	1
235.974524	6.366514E-8	1
236.083129	6.365392E-8	1
236.191435	6.366514E-8	1
236.301682	6.366978E-8	1
236.409911	6.36554E-8	1
236.520041	6.365005E-8	1
236.627981	6.366707E-8	1
236.734509	6.365669E-8	1
236.842852	6.366591E-8	1
236.950978	6.366572E-8	1
237.058241	6.366353E-8	1
237.168268	6.365979E-8	1
237.275769	6.366024E-8	1
237.383102	6.366082E-8	1
237.489918	6.365747E-8	1
237.598042	6.365753E-8	1
237.706042	6.361222E-8	1
237.815387	6.352726E-8	1
237.923504	6.372541E-8	1
238.030959	6.374088E-8	1
238.138531	6.373766E-8	1
238.245685	6.374268E-8	1
238.353001	6.375487E-8	1
238.461373	6.374771E-8	1
238.572626	6.374558E-8	1
238.682605	6.374313E-8	1
238.791559	6.373688E-8	1
238.898543	6.373895E-8	1
239.00714	6.372915E-8	1
239.116142	6.373211E-8	1
239.22533	6.374913E-8	1
239.334649	6.37528E-8	1
239.442374	6.371999E-8	1
239.552082	6.373321E-8	1
239.664812	6.374391E-8	1
239.772697	6.372895E-8	1
239.882922	6.373579E-8	1
239.99256	6.373134E-8	1
240.100179	6.372335E-8	1
240.212464	6.373566E-8	1
240.321939	6.373166E-8	1
240.430607	6.372708E-8	1
240.542006	6.372186E-8	1
240.649104	6.373476E-8	1
240.763318	6.374262E-8	1
240.87233	6.37392E-8	1
240.980855	6.371432E-8	1
241.090147	6.371413E-8	1
241.200737	6.374674E-8	1
241.310281	6.37227E-8	1
241.419611	6.372354E-8	1
241.52858	6.37383E-8	1
241.637238	6.373192E-8	1
241.753114	6.37305E-8	1
241.86097	6.371013E-8	1
241.969181	6.374146E-8	1
242.077917	6.373798E-8	1
242.184546	6.372354E-8	1
242.292481	6.373895E-8	1
242.400717	6.372882E-8	1
242.509979	6.372154E-8	1
242.618005	6.375229E-8	1
242.727511	6.372747E-8	1
242.836345	6.372857E-8	1
242.944571	6.373089E-8	1
243.051684	6.373417E-8	1
243.161445	6.372502E-8	1
243.271608	6.373134E-8	1
243.379786	6.373643E-8	1
243.488914	6.373617E-8	1
243.597929	6.373076E-8	1
243.707991	6.373688E-8	1
243.816833	6.373508E-8	1
243.927898	6.372541E-8	1
244.03698	6.373604E-8	1
244.145474	6.37314E-8	1
244.257057	6.372605E-8	1
244.36745	6.373572E-8	1
244.476409	6.372831E-8	1
244.584368	6.372489E-8	1
244.690998	6.372831E-8	1
244.79879	6.372335E-8	1
244.90589	6.370994E-8	1
245.013888	6.373308E-8	1
245.121932	6.372612E-8	1
245.228802	6.373933E-8	1
245.33681	6.373585E-8	1
245.465429	6.373488E-8	1
245.574556	6.373192E-8	1
245.682936	6.373243E-8	1
245.790767	6.374062E-8	1
245.898885	6.372657E-8	1
246.006879	6.372779E-8	1
246.12283	6.372953E-8	1
246.22946	6.37403E-8	1
246.337712	6.372599E-8	1
246.445914	6.372805E-8	1
246.554044	6.373153E-8	1
246.663341	6.373482E-8	1
246.770866	6.373063E-8	1
246.879209	6.373708E-8	1
246.987433	6.372992E-8	1
247.096367	6.373521E-8	1
247.202379	6.373147E-8	1
247.310642	6.373256E-8	1
247.418592	6.372534E-8	1
247.526595	6.373843E-8	1
247.634558	6.373044E-8	1
247.743052	6.372367E-8	1
247.849643	6.372625E-8	1
247.957766	6.373604E-8	1
248.066266	6.371845E-8	1
248.173414	6.373198E-8	1
248.280654	6.371903E-8	1
248.388651	6.372541E-8	1
248.495896	6.371922E-8	1
248.604086	6.373398E-8	1
248.712457	6.372328E-8	1
248.821903	6.372289E-8	1
248.930076	6.373579E-8	1
249.03743	6.37305E-8	1
249.145395	6.372167E-8	1
249.25366	6.373082E-8	1
249.360387	6.372225E-8	1
249.468006	6.372315E-8	1
249.57525	6.372567E-8	1
249.683359	6.373514E-8	1
249.790561	6.371948E-8	1
249.899973	6.370813E-8	1
250.00706	6.37187E-8	1
250.11531	6.370613E-8	1
250.225682	6.371619E-8	1
250.335767	6.3718E-8	1
250.443797	6.372006E-8	1
250.551347	6.37111E-8	1
250.657597	6.371812E-8	1
250.765132	6.371716E-8	1
250.872641	6.370852E-8	1
250.980611	6.371548E-8	1
251.088684	6.372064E-8	1
251.199578	6.371439E-8	1
251.310369	6.371613E-8	1
251.418373	6.312425E-8	1
251.525614	6.370336E-8	1
251.633953	6.374803E-8	1
251.74101	6.375229E-8	1
251.850464	6.375255E-8	1
251.958694	6.374861E-8	1
252.067204	6.375351E-8	1
252.188348	6.375873E-8	1
252.304744	6.37528E-8	1
252.415059	6.376073E-8	1
252.522661	6.3749E-8	1
252.630725	6.375371E-8	1
252.739268	6.374861E-8	1
252.847032	6.375093E-8	1
252.960378	6.374816E-8	1
253.069702	6.374816E-8	1
253.179501	6.374842E-8	1
253.298166	6.375113E-8	1
253.406038	6.374907E-8	1
253.51401	6.374526E-8	1
253.621168	6.374223E-8	1
253.72834	6.37539E-8	1
253.83603	6.374185E-8	1
253.948023	6.3745E-8	1
254.058043	6.374674E-8	1
254.166371	6.374861E-8	1
254.274374	6.374687E-8	1
254.381705	6.374127E-8	1
254.493923	6.374255E-8	1
254.604188	6.374803E-8	1
254.713077	6.375377E-8	1
254.820115	6.374475E-8	1
254.928725	6.374707E-8	1
255.03872	6.375345E-8	1
255.151375	6.374533E-8	1
255.258267	6.373836E-8	1
255.366467	6.374971E-8	1
255.473231	6.374436E-8	1
255.581909	6.374391E-8	1
255.688751	6.374255E-8	1
255.796199	6.374765E-8	1
255.905474	6.373914E-8	1
256.013117	6.374455E-8	1
256.12077	6.374075E-8	1
256.231614	6.374372E-8	1
256.33969	6.374004E-8	1
256.447312	6.373276E-8	1
256.556031	6.373772E-8	1
256.665196	6.374301E-8	1
256.775564	6.374185E-8	1
256.884069	6.374159E-8	1
256.992881	6.372999E-8	1
257.106805	6.373018E-8	1
257.21603	6.373695E-8	1
257.325362	6.374197E-8	1
257.433095	6.37383E-8	1
257.556464	6.373482E-8	1
257.667788	6.373836E-8	1
257.776746	6.373637E-8	1
257.883109	6.374107E-8	1
257.9908	6.37394E-8	1
258.100062	6.373488E-8	1
258.214803	6.374275E-8	1
258.324152	6.373753E-8	1
258.431949	6.37363E-8	1
258.54017	6.373385E-8	1
258.646526	6.374313E-8	1
258.754951	6.373553E-8	1
258.864568	6.373669E-8	1
258.972009	6.373276E-8	1
259.079232	6.373985E-8	1
259.192672	6.373682E-8	1
259.299752	6.374204E-8	1
259.408422	6.373695E-8	1
259.51897	6.372966E-8	1
259.627814	6.373005E-8	1
259.735892	6.373579E-8	1
259.844281	6.373314E-8	1
259.952904	6.374152E-8	1
260.060841	6.373456E-8	1
260.171353	6.373682E-8	1
260.279118	6.373546E-8	1
260.387702	6.373527E-8	1
260.497254	6.373443E-8	1
260.6066	6.373604E-8	1
260.714798	6.372573E-8	1
260.823741	6.373675E-8	1
260.931907	6.373817E-8	1
261.041687	6.373282E-8	1
261.152196	6.373289E-8	1
261.262516	6.373301E-8	1
261.369802	6.373115E-8	1
261.477592	6.373069E-8	1
261.58695	6.373411E-8	1
261.694444	6.374107E-8	1
261.806766	6.373469E-8	1
261.914347	6.372863E-8	1
262.022534	6.373811E-8	1
262.130592	6.372857E-8	1
262.239519	6.373366E-8	1
262.34758	6.372509E-8	1
262.455833	6.373959E-8	1
262.568054	6.373134E-8	1
262.678054	6.372973E-8	1
262.784445	6.372986E-8	1
262.891938	6.373888E-8	1
262.998816	6.373592E-8	1
263.108816	6.373637E-8	1
263.216887	6.373798E-8	1
263.324163	6.373405E-8	1
263.431164	6.373263E-8	1
263.540825	6.373508E-8	1
263.648398	6.373205E-8	1
263.759653	6.372876E-8	1
263.869593	6.373824E-8	1
263.978206	6.373127E-8	1
264.087286	6.373076E-8	1
264.194359	6.37343E-8	1
264.301991	6.373804E-8	1
264.410407	6.372605E-8	1
264.51985	6.37314E-8	1
264.626894	6.373276E-8	1
264.734122	6.37265E-8	1
264.842122	6.372728E-8	1
264.950724	6.373243E-8	1
265.059527	6.320992E-8	1
265.170986	6.373675E-8	1
265.282836	6.381217E-8	1
265.391235	6.381333E-8	1
265.498967	6.381694E-8	1
265.607522	6.382236E-8	1
265.714989	6.381578E-8	1
265.828407	6.381211E-8	1
265.936808	6.382016E-8	1
266.046079	6.381688E-8	1
266.152827	6.381494E-8	1
266.264401	6.381675E-8	1
266.375059	6.381739E-8	1
266.483251	6.381759E-8	1
266.590536	6.381475E-8	1
266.698858	6.381333E-8	1
266.807184	6.381849E-8	1
266.91643	6.381191E-8	1
267.024597	6.381198E-8	1
267.132861	6.38163E-8	1
267.240308	6.38074E-8	1
267.349473	6.381655E-8	1
267.457183	6.381378E-8	1
267.564047	6.380895E-8	1
267.6713	6.381108E-8	1
267.780792	6.381514E-8	1
267.892738	6.381404E-8	1
268.001229	6.380263E-8	1
268.11022	6.380663E-8	1
268.218607	6.381082E-8	1
268.325246	6.380386E-8	1
268.436896	6.38085E-8	1
268.545966	6.380985E-8	1
268.652701	6.380605E-8	1
268.759534	6.380966E-8	1
268.86789	6.381623E-8	1
268.976312	6.380921E-8	1
269.084446	6.380998E-8	1
269.19139	6.381726E-8	1
269.301407	6.381056E-8	1
269.414958	6.380843E-8	1
269.525035	6.380876E-8	1
269.632785	6.381095E-8	1
269.74135	6.380888E-8	1
269.851598	6.381127E-8	1
269.959775	6.380972E-8	1
270.069045	6.380076E-8	1
270.17683	6.380199E-8	1
270.28608	6.380972E-8	1
270.394274	6.380766E-8	1
270.502367	6.379902E-8	1
270.6093	6.380869E-8	1
270.718807	6.380592E-8	1
270.826556	6.380218E-8	1
270.934204	6.379909E-8	1
271.04091	6.380199E-8	1
271.150388	6.380392E-8	1
271.260151	6.38065E-8	1
271.370161	6.380418E-8	1
271.478301	6.380373E-8	1
271.586533	6.380624E-8	1
271.695446	6.380759E-8	1
271.80461	6.380424E-8	1
271.91364	6.379864E-8	1
272.02272	6.380038E-8	1
272.132581	6.379741E-8	1
272.238691	6.379406E-8	1
272.347415	6.380714E-8	1
272.455869	6.380154E-8	1
272.566517	6.379715E-8	1
272.677103	6.380818E-8	1
272.786388	6.380199E-8	1
272.895615	6.37967E-8	1
273.00201	6.381372E-8	1
273.113153	6.380908E-8	1
273.224003	6.379367E-8	1
273.331158	6.381101E-8	1
273.439939	6.38036E-8	1
273.548048	6.379902E-8	1
273.655357	6.380811E-8	1
273.762227	6.380747E-8	1
273.870905	6.379799E-8	1
273.979152	6.38083E-8	1
274.08765	6.38025E-8	1
274.19597	6.379818E-8	1
274.302824	6.380044E-8	1
274.410766	6.38056E-8	1
274.518623	6.379889E-8	1
274.628267	6.379193E-8	1
274.736879	6.380399E-8	1
274.844603	6.379973E-8	1
274.95222	6.379161E-8	1
275.059204	6.37987E-8	1
275.167659	6.38045E-8	1
275.275962	6.378942E-8	1
275.383204	6.37996E-8	1
275.490102	6.380031E-8	1
275.598337	6.379E-8	1
275.705334	6.379457E-8	1
275.817548	6.379683E-8	1
275.93108	6.379232E-8	1
276.03759	6.3788E-8	1
276.144436	6.379586E-8	1
276.251353	6.379328E-8	1
276.359805	6.379625E-8	1
276.468975	6.38027E-8	1
276.5786	6.379419E-8	1
276.687669	6.378813E-8	1
276.796292	6.379174E-8	1
276.90524	6.379561E-8	1
277.014863	6.379193E-8	1
277.124636	6.378748E-8	1
277.234099	6.379954E-8	1
277.342863	6.37869E-8	1
277.450522	6.378297E-8	1
277.558826	6.379535E-8	1
277.666926	6.379264E-8	1
277.774029	6.378884E-8	1
277.882507	6.379264E-8	1
277.992055	6.378819E-8	1
278.102096	6.379161E-8	1
278.210175	6.378909E-8	1
278.32224	6.379451E-8	1
278.430469	6.379E-8	1
278.540001	6.378716E-8	1
278.649107	6.379425E-8	1
278.758179	6.319638E-8	1
278.866819	6.382145E-8	1
278.975334	6.38435E-8	1
279.083594	6.385233E-8	1
279.19563	6.385465E-8	1
279.304358	6.385465E-8	1
279.413118	6.385639E-8	1
279.522574	6.383899E-8	1
279.633896	6.385697E-8	1
279.763363	6.385336E-8	1
279.87409	6.385426E-8	1
279.981599	6.385336E-8	1
280.08989	6.384937E-8	1
280.199278	6.384408E-8	1
280.30865	6.385007E-8	1
280.417828	6.384659E-8	1
280.527625	6.385871E-8	1
280.63761	6.385297E-8	1
280.745123	6.385278E-8	1
280.854467	6.385098E-8	1
280.966984	6.384318E-8	1
281.077695	6.38533E-8	1
281.187622	6.384614E-8	1
281.29796	6.385098E-8	1
281.406755	6.385968E-8	1
281.51748	6.384111E-8	1
281.625727	6.383215E-8	1
281.734047	6.383628E-8	1
281.842027	6.38424E-8	1
281.951869	6.383918E-8	1
282.059156	6.38368E-8	1
282.170534	6.384485E-8	1
282.279847	6.383808E-8	1
282.388555	6.383641E-8	1
282.497988	6.38377E-8	1
282.605285	6.384079E-8	1
282.715374	6.383725E-8	1
282.824842	6.38317E-8	1
282.932491	6.38395E-8	1
283.041392	6.383467E-8	1
283.149714	6.384518E-8	1
283.257244	6.38455E-8	1
283.364758	6.383544E-8	1
283.472661	6.38337E-8	1
283.580415	6.384086E-8	1
283.690052	6.383828E-8	1
283.798679	6.384279E-8	1
283.907914	6.384227E-8	1
284.016477	6.383808E-8	1
284.126172	6.384028E-8	1
284.233452	6.383622E-8	1
284.341798	6.383183E-8	1
284.452128	6.383273E-8	1
284.562408	6.384195E-8	1
284.672466	6.384427E-8	1
284.779149	6.384195E-8	1
284.887045	6.38482E-8	1
284.996329	6.384595E-8	1
285.104567	6.382616E-8	1
285.214695	6.384053E-8	1
285.322056	6.383944E-8	1
285.430637	6.383802E-8	1
285.540342	6.383641E-8	1
285.648487	6.383583E-8	1
285.755609	6.383544E-8	1
285.865113	6.383351E-8	1
285.972933	6.383615E-8	1
286.082007	6.383312E-8	1
286.189837	6.383222E-8	1
286.298285	6.38453E-8	1
286.40647	6.383924E-8	1
286.514553	6.383544E-8	1
286.623597	6.383222E-8	1
286.732816	6.383854E-8	1
286.840093	6.384047E-8	1
286.94909	6.382597E-8	1
287.057209	6.38308E-8	1
287.166155	6.383344E-8	1
287.273575	6.384079E-8	1
287.383121	6.383738E-8	1
287.492463	6.383802E-8	1
287.60111	6.383789E-8	1
287.715374	6.383409E-8	1
287.824121	6.383544E-8	1
287.932475	6.382107E-8	1
288.038768	6.383763E-8	1
288.146064	6.38415E-8	1
288.254555	6.38348E-8	1
288.36228	6.382287E-8	1
288.470603	6.383499E-8	1
288.579154	6.383299E-8	1
288.686559	6.382371E-8	1
288.794594	6.384878E-8	1
288.901933	6.38473E-8	1
289.010658	6.382165E-8	1
289.119563	6.38297E-8	1
289.228827	6.383151E-8	1
289.335372	6.383377E-8	1
289.442462	6.385059E-8	1
289.55012	6.383776E-8	1
289.663359	6.382771E-8	1
289.771518	6.38241E-8	1
289.88062	6.382326E-8	1
289.987593	6.383402E-8	1
290.095888	6.382403E-8	1
290.20401	6.383177E-8	1
290.315915	6.383377E-8	1
290.42524	6.382803E-8	1
290.53325	6.383435E-8	1
290.642494	6.38308E-8	1
290.750353	6.382629E-8	1
290.859135	6.382751E-8	1
290.967547	6.382229E-8	1
291.077763	6.382803E-8	1
291.187331	6.38406E-8	1
291.294991	6.38482E-8	1
291.402673	6.38328E-8	1
291.512576	6.383338E-8	1
291.621475	6.383061E-8	1
291.732311	6.382693E-8	1
291.840077	6.382622E-8	1
291.950142	6.383106E-8	1
292.059785	6.382854E-8	1
292.167413	6.382132E-8	1
292.277848	6.383544E-8	1
292.385617	6.333549E-8	1
292.493091	6.378001E-8	1
292.600364	6.386232E-8	1
292.707685	6.387218E-8	1
292.814916	6.389281E-8	1
292.923218	6.3897E-8	1
293.031538	6.387173E-8	1
293.140839	6.38785E-8	1
293.251217	6.388366E-8	1
293.358981	6.387747E-8	1
293.467555	6.388617E-8	1
293.575256	6.388714E-8	1
293.684175	6.386999E-8	1
293.795155	6.388695E-8	1
293.904055	6.387528E-8	1
294.012073	6.387908E-8	1
294.120266	6.388147E-8	1
294.227614	6.388037E-8	1
294.338285	6.388198E-8	1
294.456063	6.387715E-8	1
294.566429	6.385833E-8	1
294.674132	6.387508E-8	1
294.783463	6.388037E-8	1
294.891381	6.388282E-8	1
294.99964	6.387811E-8	1
295.108838	6.385349E-8	1
295.218111	6.386941E-8	1
295.328575	6.388611E-8	1
295.437406	6.387915E-8	1
295.546822	6.388682E-8	1
295.654414	6.386638E-8	1
295.763399	6.387193E-8	1
295.872455	6.38765E-8	1
295.982193	6.387341E-8	1
296.091331	6.386258E-8	1
296.200664	6.388527E-8	1
296.30915	6.387128E-8	1
296.419153	6.386232E-8	1
296.529787	6.387863E-8	1
296.637911	6.38912E-8	1
296.746312	6.388243E-8	1
296.855029	6.387431E-8	1
296.964348	6.387167E-8	1
297.073844	6.388404E-8	1
297.182073	6.387244E-8	1
297.291127	6.38678E-8	1
297.400333	6.388823E-8	1
297.508034	6.387431E-8	1
297.618072	6.387631E-8	1
297.726328	6.386973E-8	1
297.833968	6.388205E-8	1
297.940909	6.387322E-8	1
298.049384	6.387689E-8	1
298.160975	6.38776E-8	1
298.269829	6.387373E-8	1
298.378244	6.386903E-8	1
298.486808	6.387985E-8	1
298.608521	6.386593E-8	1
298.716904	6.387315E-8	1
298.826435	6.386864E-8	1
298.933147	6.387212E-8	1
299.041275	6.388076E-8	1
299.149288	6.387238E-8	1
299.26527	6.387031E-8	1
299.375531	6.386735E-8	1
299.48162	6.387637E-8	1
299.589627	6.38698E-8	1
299.697604	6.387264E-8	1
299.805647	6.38745E-8	1
299.913394	6.387115E-8	1
300.022467	2.427546E-8	1
300.131272	1.623745E-10	0
300.240129	1.615365E-10	0
300.347841	1.578623E-10	0
300.456621	1.577978E-10	0
300.563981	1.574111E-10	0
300.672754	1.584424E-10	0
300.779627	1.604407E-10	0
300.887057	1.626323E-10	0
300.99352	1.606985E-10	0
301.102726	1.579912E-10	0
301.211234	1.611498E-10	0
301.318557	1.597316E-10	0
301.426084	1.626968E-10	0
301.53231	1.587003E-10	0
301.639258	1.572177E-10	0
301.74694	1.594093E-10	0
301.857128	1.592804E-10	0
301.96422	1.583135E-10	0
302.072842	1.585714E-10	0
302.180246	1.634703E-10	0
302.286393	1.590226E-10	0
302.393091	1.601829E-10	0
302.500655	1.596027E-10	0
302.611838	1.598606E-10	0
302.722191	1.594738E-10	0
302.830252	1.621167E-10	0
302.938008	1.594738E-10	0
303.045336	1.594093E-10	0
303.152472	1.570888E-10	0
303.264727	1.615365E-10	0
303.372101	1.592804E-10	0
303.48029	1.574755E-10	0
303.593488	1.56702E-10	0
303.704236	1.576689E-10	0
303.81115	1.568954E-10	0
303.92366	1.605052E-10	0
304.03204	1.603762E-10	0
304.140526	1.588292E-10	0
304.247753	1.567665E-10	0
304.358937	1.626323E-10	0
304.469019	1.592804E-10	0
304.576273	1.584424E-10	0
304.683243	1.590226E-10	0
304.791237	1.586358E-10	0
304.901419	1.589581E-10	0
305.013623	1.599895E-10	0
305.120617	1.574755E-10	0
305.23087	1.596027E-10	0
305.337545	1.592804E-10	0
305.444255	1.5754E-10	0
305.552589	1.578623E-10	0
305.660195	1.620522E-10	0
305.769028	1.555417E-10	0
305.878311	1.545748E-10	0
305.984853	1.599895E-10	0
306.093769	1.599895E-10	0
306.202047	1.610208E-10	0
306.311916	1.587647E-10	0
306.424726	1.570888E-10	0
306.533137	1.572822E-10	0
306.641962	1.572822E-10	0
306.749284	1.582491E-10	0
306.858008	1.566375E-10	0
306.967758	1.577978E-10	0
307.077559	1.606341E-10	0
307.185733	1.585069E-10	0
307.294138	1.611498E-10	0
307.403319	1.596672E-10	0
307.515944	1.574111E-10	0
307.624453	1.54317E-10	0
307.732682	1.555417E-10	0
307.842057	1.578623E-10	0
307.950022	1.581846E-10	0
308.057257	1.567665E-10	0
308.165336	1.613431E-10	0
308.27331	1.588292E-10	0
308.382288	1.576689E-10	0
308.491513	1.58378E-10	0
308.599745	1.570243E-10	0
308.707025	1.5754E-10	0
308.81677	1.59216E-10	0
308.924663	1.564442E-10	0
309.033311	1.606985E-10	0
309.142266	1.618588E-10	0
309.250562	1.552839E-10	0
309.35935	1.579268E-10	0
309.470813	1.572177E-10	0
309.581589	1.561219E-10	0
309.689918	1.60763E-10	0
309.798598	1.576689E-10	0
309.907012	1.574111E-10	0
310.015388	1.58378E-10	0
310.12324	1.59925E-10	0
310.22952	1.572822E-10	0
310.338311	1.576045E-10	0
310.447911	1.588292E-10	0
310.555665	1.596672E-10	0
310.663543	1.576689E-10	0
310.778025	1.59216E-10	0
310.884944	1.612142E-10	0
310.993063	1.565086E-10	0
311.100317	1.594093E-10	0
311.20859	1.604407E-10	0
311.316424	1.552839E-10	0
311.425776	1.588937E-10	0
311.535237	1.561863E-10	0
311.643581	1.573466E-10	0
311.751359	1.566375E-10	0
311.860417	1.577334E-10	0
311.968283	1.565731E-10	0
312.076643	1.572822E-10	0
312.188995	1.568954E-10	0
312.297218	1.581846E-10	0
312.405088	1.578623E-10	0
312.512413	1.561219E-10	0
312.620378	1.602473E-10	0
312.729384	1.586358E-10	0
312.837142	1.576045E-10	0
312.946705	1.587647E-10	0
313.054939	1.556706E-10	0
313.162704	1.576045E-10	0
313.270274	1.606985E-10	0
313.37907	1.559929E-10	0
313.488586	1.576689E-10	0
313.598731	1.581846E-10	0
313.706018	1.572822E-10	0
313.813254	1.56702E-10	0
313.923062	1.580557E-10	0
314.031319	1.572822E-10	0
314.1388	1.563797E-10	0
314.247386	1.567665E-10	0
314.355831	1.554773E-10	0
314.462629	1.55155E-10	0
314.571348	1.561863E-10	0
314.680729	1.550905E-10	0
314.789188	1.566375E-10	0
314.896856	1.574755E-10	0
315.004481	1.578623E-10	0
315.11246	1.58378E-10	0
315.220416	1.554773E-10	0
315.327973	1.569598E-10	0
315.435182	1.552194E-10	0
315.543285	1.572177E-10	0
315.650436	1.55155E-10	0
315.758717	1.556062E-10	0
315.866231	1.581846E-10	0
315.973918	1.568954E-10	0
316.081511	1.561863E-10	0
316.189312	1.578623E-10	0
316.297847	1.565731E-10	0
316.407696	1.554773E-10	0
316.51581	1.562508E-10	0
316.624547	1.586358E-10	0
316.733015	1.554128E-10	0
316.840571	1.577334E-10	0
316.94845	1.585069E-10	0
317.05566	1.580557E-10	0
317.164632	1.560574E-10	0
317.274257	1.583135E-10	0
317.384075	1.581201E-10	0
317.493195	1.579912E-10	0
317.601903	1.588292E-10	0
317.710233	1.584424E-10	0
317.826043	1.572822E-10	0
317.934707	1.581201E-10	0
318.041824	1.579268E-10	0
318.150101	1.568954E-10	0
318.257435	1.588937E-10	0
318.364229	1.578623E-10	0
318.473795	1.548971E-10	0
318.582218	1.579912E-10	0
318.6897	1.605696E-10	0
318.797935	1.589581E-10	0
318.905169	1.586358E-10	0
319.0154	1.569598E-10	0
319.125806	1.581201E-10	0
319.233086	1.573466E-10	0
319.342621	1.559285E-10	0
319.450954	1.589581E-10	0
319.557186	1.576045E-10	0
319.666519	1.587647E-10	0
319.774506	1.579268E-10	0
319.882423	1.581201E-10	0
319.991117	1.554773E-10	0
320.099466	1.586358E-10	0
320.207868	1.586358E-10	0
320.316296	1.564442E-10	0
320.424496	1.587003E-10	0
320.533308	1.59087E-10	0
320.64364	1.554773E-10	0
320.751243	1.590226E-10	0
320.865601	1.585069E-10	0
320.973823	1.576045E-10	0
321.081072	1.5754E-10	0
321.189571	1.573466E-10	0
321.297055	1.565086E-10	0
321.405485	1.556062E-10	0
321.514228	1.573466E-10	0
321.62339	1.594738E-10	0
321.731425	1.569598E-10	0
321.8403	1.578623E-10	0
321.949291	1.594738E-10	0
322.059251	1.594738E-10	0
322.167614	1.567665E-10	0
322.282093	1.597961E-10	0
322.390503	1.571532E-10	0
322.499577	1.577334E-10	0
322.606759	1.574111E-10	0
322.716884	1.572822E-10	0
322.824806	1.579912E-10	0
322.933893	1.582491E-10	0
323.043001	1.5754E-10	0
323.150422	1.581846E-10	0
323.263357	1.594738E-10	0
323.373168	1.596672E-10	0
323.4809	1.582491E-10	0
323.59118	1.608275E-10	0
323.697935	1.597316E-10	0
323.805311	1.577978E-10	0
323.914057	1.589581E-10	0
324.020697	1.55026E-10	0
324.128284	1.572822E-10	0
324.237263	1.552839E-10	0
324.345091	1.610853E-10	0
324.453692	1.59925E-10	0
324.561725	1.569598E-10	0
324.670524	1.568954E-10	0
324.7766	1.585069E-10	0
324.885033	1.584424E-10	0
324.991305	1.597961E-10	0
325.09833	1.611498E-10	0
325.207362	1.580557E-10	0
325.316614	1.572822E-10	0
325.422848	1.570243E-10	0
325.533515	1.590226E-10	0
325.644571	1.589581E-10	0
325.753783	1.581846E-10	0
325.870438	1.564442E-10	0
325.978827	1.591515E-10	0
326.088292	1.581201E-10	0
326.196046	1.574111E-10	0
326.303147	1.581201E-10	0
326.412054	1.583135E-10	0
326.520007	1.601184E-10	0
326.629747	1.563797E-10	0
326.736854	1.586358E-10	0
326.84459	1.586358E-10	0
326.951332	1.55864E-10	0
327.058287	1.555417E-10	0
327.16737	1.578623E-10	0
327.274813	1.58378E-10	0
327.382908	1.570243E-10	0
327.490641	1.550905E-10	0
327.597898	1.586358E-10	0
327.705048	1.5754E-10	0
327.813848	1.577334E-10	0
327.920297	1.574111E-10	0
328.030565	1.559285E-10	0
328.138622	1.564442E-10	0
328.245602	1.576689E-10	0
328.35384	1.58378E-10	0
328.460596	1.579268E-10	0
328.574386	1.552839E-10	0
328.681859	1.570243E-10	0
328.791513	1.577978E-10	0
328.901806	1.565731E-10	0
329.010993	1.578623E-10	0
329.117971	1.593449E-10	0
329.226367	1.597316E-10	0
329.335917	1.579912E-10	0
329.443947	1.612142E-10	0
329.553138	1.59216E-10	0
329.663358	1.560574E-10	0
329.769599	1.589581E-10	0
329.877502	1.593449E-10	0
329.98575	1.568309E-10	0
330.092564	1.606341E-10	0
330.20145	1.59087E-10	0
330.309582	1.59216E-10	0
330.419642	1.594738E-10	0
330.528955	1.61601E-10	0
330.637591	1.587647E-10	0
330.745414	1.597961E-10	0
330.854205	1.579268E-10	0
330.962973	1.556062E-10	0
331.070648	1.550905E-10	0
331.17865	1.601184E-10	0
331.285993	1.561219E-10	0
331.396996	1.5754E-10	0
331.508869	1.563797E-10	0
331.6179	1.594738E-10	0
331.725332	1.621811E-10	0
331.834588	1.540591E-10	0
331.942369	1.581846E-10	0
332.052651	1.585069E-10	0
332.159167	1.594093E-10	0
332.266449	1.550905E-10	0
332.37418	1.598606E-10	0
332.483463	1.570243E-10	0
332.590282	1.5754E-10	0
332.69795	1.548971E-10	0
332.808181	1.568309E-10	0
332.916447	1.603762E-10	0
333.024673	1.577978E-10	0
333.133178	1.581846E-10	0
333.241124	1.599895E-10	0
333.349369	1.593449E-10	0
333.461607	1.587647E-10	0
333.570267	1.591515E-10	0
333.678803	1.601184E-10	0
333.78601	1.572822E-10	0
333.893667	1.589581E-10	0
334.001091	1.608919E-10	0
334.10832	1.580557E-10	0
334.217132	1.598606E-10	0
334.325645	1.59925E-10	0
334.433497	1.570243E-10	0
334.541362	1.617944E-10	0
334.649316	1.61601E-10	0
334.757888	1.561219E-10	0
334.866528	1.593449E-10	0
334.977656	1.601829E-10	0
335.085923	1.589581E-10	0
335.195187	1.579912E-10	0
335.303067	1.587647E-10	0
335.410655	1.586358E-10	0
335.518051	1.585069E-10	0
335.62679	1.5754E-10	0
335.735631	1.565086E-10	0
335.843881	1.594738E-10	0
335.95402	1.571532E-10	0
336.062459	1.577978E-10	0
336.170686	1.547037E-10	0
336.279989	1.615365E-10	0
336.388433	1.587003E-10	0
336.498799	1.578623E-10	0
336.607764	1.596672E-10	0
336.716982	1.568954E-10	0
336.824329	1.614076E-10	0
336.932637	1.592804E-10	0
337.041033	1.576045E-10	0
337.148767	1.589581E-10	0
337.255722	1.6231E-10	0
337.361936	1.59216E-10	0
337.46985	1.602473E-10	0
337.578498	1.574755E-10	0
337.686823	1.609564E-10	0
337.795213	1.589581E-10	0
337.902328	1.578623E-10	0
338.010997	1.602473E-10	0
338.120367	1.577334E-10	0
338.227836	1.573466E-10	0
338.335073	1.582491E-10	0
338.441298	1.564442E-10	0
338.549359	1.561863E-10	0
338.659692	1.578623E-10	0
338.766897	1.577978E-10	0
338.87812	1.553483E-10	0
338.987338	1.587003E-10	0
339.095342	1.573466E-10	0
339.203507	1.582491E-10	0
339.312699	1.570888E-10	0
339.420215	1.574755E-10	0
339.532753	1.556706E-10	0
339.640556	1.601184E-10	0
339.748048	1.590226E-10	0
339.856225	1.59216E-10	0
339.963594	1.568954E-10	0
340.072482	1.579912E-10	0
340.181105	1.593449E-10	0
340.289699	1.579912E-10	0
340.398846	1.563152E-10	0
340.506079	1.600539E-10	0
340.615313	1.592804E-10	0
340.721627	1.548971E-10	0
340.830031	1.585714E-10	0
340.94236	1.539302E-10	0
341.053602	1.605696E-10	0
341.160886	1.556706E-10	0
341.270241	1.555417E-10	0
341.379708	1.55864E-10	0
341.487595	1.559285E-10	0
341.602973	1.571532E-10	0
341.709278	1.579268E-10	0
341.817469	1.570888E-10	0
341.925992	1.5754E-10	0
342.034398	1.601184E-10	0
342.141906	1.568309E-10	0
342.250562	1.563797E-10	0
342.361212	1.577978E-10	0
342.468169	1.556706E-10	0
342.575204	1.561863E-10	0
342.681436	1.559929E-10	0
342.790956	1.579268E-10	0
342.899009	1.574755E-10	0
343.006883	1.585069E-10	0
343.114735	1.59925E-10	0
343.224097	1.582491E-10	0
343.334116	1.570888E-10	0
343.443753	1.614076E-10	0
343.554676	1.587003E-10	0
343.662203	1.593449E-10	0
343.771708	1.563797E-10	0
343.883039	1.572177E-10	0
343.993709	1.590226E-10	0
344.102737	1.59216E-10	0
344.211353	1.576689E-10	0
344.320746	1.569598E-10	0
344.431163	1.569598E-10	0
344.540974	1.570243E-10	0
344.648326	1.581846E-10	0
344.755655	1.592804E-10	0
344.864859	1.588937E-10	0
344.9721	1.610853E-10	0
345.081702	1.577978E-10	0
345.191232	1.574755E-10	0
345.298878	1.567665E-10	0
345.40671	1.606341E-10	0
345.517025	1.611498E-10	0
345.624542	1.597961E-10	0
345.734025	1.585714E-10	0
345.842657	1.597316E-10	0
345.952032	1.583135E-10	0
346.059762	1.582491E-10	0
346.17005	1.555417E-10	0
346.280662	1.576045E-10	0
346.388711	1.55155E-10	0
346.496627	1.577334E-10	0
346.604703	1.593449E-10	0
346.712924	1.587003E-10	0
346.825983	1.591515E-10	0
346.935227	1.550905E-10	0
347.043484	1.592804E-10	0
347.151488	1.54317E-10	0
347.259089	1.605052E-10	0
347.368515	1.581846E-10	0
347.476209	1.599895E-10	0
347.586105	1.590226E-10	0
347.695657	1.597961E-10	0
347.802404	1.597316E-10	0
347.910149	1.574111E-10	0
348.018861	1.574111E-10	0
348.126747	1.563797E-10	0
348.238793	1.600539E-10	0
348.347479	1.569598E-10	0
348.454654	1.580557E-10	0
348.563051	1.61601E-10	0
348.67521	1.540591E-10	0
348.785423	1.563797E-10	0
348.891985	1.584424E-10	0
349.001318	1.55864E-10	0
349.114534	1.5754E-10	0
349.225768	1.583135E-10	0
349.334177	1.584424E-10	0
349.441057	1.577334E-10	0
349.551722	1.599895E-10	0
349.659061	1.585714E-10	0
349.76834	1.585714E-10	0
349.876331	1.594738E-10	0
349.984805	1.565086E-10	0
350.093112	1.590226E-10	0
350.201201	1.570888E-10	0
350.309319	1.599895E-10	0
350.418542	1.596672E-10	0
350.527362	1.606341E-10	0
350.636648	1.59925E-10	0
350.745723	1.574111E-10	0
350.853167	1.55864E-10	0
350.962909	1.60763E-10	0
351.071486	1.556706E-10	0
351.178303	1.622456E-10	0
351.288188	1.587003E-10	0
351.395003	1.601829E-10	0
351.502257	1.540591E-10	0
351.610837	1.603762E-10	0
351.718429	1.587647E-10	0
351.826364	1.585069E-10	0
351.934292	1.559285E-10	0
352.043135	1.605052E-10	0
352.149743	1.594093E-10	0
352.257943	1.593449E-10	0
352.366534	1.586358E-10	0
352.475154	1.602473E-10	0
352.582643	1.58378E-10	0
352.689171	1.586358E-10	0
352.798542	1.587647E-10	0
352.905056	1.579268E-10	0
353.015336	1.596672E-10	0
353.122747	1.5754E-10	0
353.233414	1.582491E-10	0
353.34409	1.595383E-10	0
353.452758	1.564442E-10	0
353.559553	1.567665E-10	0
353.666848	1.547037E-10	0
353.773192	1.579268E-10	0
353.879853	1.581846E-10	0
353.988066	1.562508E-10	0
354.095366	1.572177E-10	0
354.20373	1.585714E-10	0
354.311383	1.55864E-10	0
354.423637	1.579268E-10	0
354.532819	1.576045E-10	0
354.642184	1.553483E-10	0
354.749769	1.566375E-10	0
354.85789	1.560574E-10	0
354.965113	1.569598E-10	0
355.074111	1.570888E-10	0
355.181763	1.588937E-10	0
355.292754	1.588937E-10	0
355.401979	1.569598E-10	0
355.511162	1.565086E-10	0
355.620595	1.576689E-10	0
355.726917	1.569598E-10	0
355.834154	1.554773E-10	0
355.945568	1.580557E-10	0
356.054746	1.602473E-10	0
356.16228	1.584424E-10	0
356.269797	1.588937E-10	0
356.378378	1.559929E-10	0
356.485476	1.545748E-10	0
356.593981	1.568954E-10	0
356.704129	1.569598E-10	0
356.815057	1.580557E-10	0
356.922934	1.588292E-10	0
357.032064	1.606341E-10	0
357.140898	1.583135E-10	0
357.248399	1.571532E-10	0
357.356666	1.581846E-10	0
357.465089	1.600539E-10	0
357.57218	1.581201E-10	0
357.681274	1.596672E-10	0
357.789598	1.557351E-10	0
357.896515	1.56702E-10	0
358.003911	1.59087E-10	0
358.111384	1.583135E-10	0
358.223827	1.584424E-10	0
358.330945	1.548327E-10	0
358.439908	1.587003E-10	0
358.548535	1.582491E-10	0
358.656504	1.546393E-10	0
358.765523	1.583135E-10	0
358.874719	1.530278E-10	0
358.98364	1.562508E-10	0
359.091734	1.573466E-10	0
359.20097	1.560574E-10	0
359.308724	1.574111E-10	0
359.418487	1.546393E-10	0
359.527024	1.586358E-10	0
359.635538	1.599895E-10	0
359.744154	1.577334E-10	0
359.852775	1.576045E-10	0
359.960792	1.596027E-10	0
360.069644	1.608919E-10	0
