Time,s	TEY,A	Shutter
0	1.547682E-10	0
0.110241	1.56702E-10	0
0.218019	1.567665E-10	0
0.327248	1.53479E-10	0
0.434479	1.55026E-10	0
0.546699	1.562508E-10	0
0.654932	1.539302E-10	0
0.762193	1.538013E-10	0
0.869439	1.539947E-10	0
0.97568	1.572177E-10	0
1.08392	1.547037E-10	0
1.192153	1.537368E-10	0
1.300447	1.586358E-10	0
1.412395	1.540591E-10	0
1.51986	1.548327E-10	0
1.629069	1.547682E-10	0
1.737392	1.55155E-10	0
1.845842	1.559929E-10	0
1.954141	1.562508E-10	0
2.063405	1.552839E-10	0
2.170578	1.55026E-10	0
2.278541	1.538013E-10	0
2.388003	1.54317E-10	0
2.496337	1.569598E-10	0
2.604631	1.554773E-10	0
2.711863	1.582491E-10	0
2.822979	1.563152E-10	0
2.932423	1.561219E-10	0
3.039839	1.569598E-10	0
3.146739	1.537368E-10	0
3.257246	1.565731E-10	0
3.367185	1.562508E-10	0
3.480432	1.573466E-10	0
3.590104	1.553483E-10	0
3.701401	1.532212E-10	0
3.809734	1.527055E-10	0
3.917576	1.561863E-10	0
4.025365	1.54317E-10	0
4.134149	1.534145E-10	0
4.24255	1.562508E-10	0
4.350013	1.557996E-10	0
4.458354	1.55155E-10	0
4.565948	1.557351E-10	0
4.673673	1.549616E-10	0
4.782945	1.565086E-10	0
4.890179	1.563152E-10	0
4.997911	1.572822E-10	0
5.106031	1.592804E-10	0
5.214299	1.552839E-10	0
5.321511	1.55155E-10	0
5.428376	1.566375E-10	0
5.539078	1.560574E-10	0
5.647266	1.559929E-10	0
5.754619	1.553483E-10	0
5.863734	1.51803E-10	0
5.972055	1.539947E-10	0
6.079424	1.539302E-10	0
6.18608	1.549616E-10	0
6.292044	1.552839E-10	0
6.402294	1.531567E-10	0
6.511807	1.569598E-10	0
6.62044	1.546393E-10	0
6.727983	1.565086E-10	0
6.837496	1.585069E-10	0
6.944176	1.587647E-10	0
7.052493	1.586358E-10	0
7.159916	1.570888E-10	0
7.268847	1.577334E-10	0
7.378611	1.577978E-10	0
7.485546	1.559929E-10	0
7.59407	1.574111E-10	0
7.703353	1.55864E-10	0
7.813741	1.545748E-10	0
7.922053	1.566375E-10	0
8.031859	1.578623E-10	0
8.141045	1.560574E-10	0
8.248994	1.582491E-10	0
8.35778	1.577978E-10	0
8.465103	1.589581E-10	0
8.572473	1.584424E-10	0
8.68092	1.594738E-10	0
8.788299	1.571532E-10	0
8.89645	1.596027E-10	0
9.006933	1.548971E-10	0
9.11566	1.595383E-10	0
9.22353	1.547682E-10	0
9.331268	1.565731E-10	0
9.438038	1.59087E-10	0
9.54662	1.56702E-10	0
9.655337	1.570888E-10	0
9.76338	1.570888E-10	0
9.869738	1.56702E-10	0
9.977182	1.581201E-10	0
10.088009	1.552839E-10	0
10.197008	1.588292E-10	0
10.305285	1.582491E-10	0
10.413692	1.565086E-10	0
10.521457	1.557351E-10	0
10.629308	1.556706E-10	0
10.736615	1.566375E-10	0
10.844697	1.582491E-10	0
10.955965	1.601829E-10	0
11.065882	1.574111E-10	0
11.173548	1.565086E-10	0
11.282505	1.589581E-10	0
11.389741	1.574755E-10	0
11.49827	1.588292E-10	0
11.605656	1.570888E-10	0
11.713095	1.59216E-10	0
11.821267	1.572822E-10	0
11.929615	1.5754E-10	0
12.044846	1.584424E-10	0
12.153217	1.557996E-10	0
12.259514	1.570888E-10	0
12.369885	1.557351E-10	0
12.477304	1.538013E-10	0
12.587631	1.553483E-10	0
12.697284	1.5754E-10	0
12.807988	1.577978E-10	0
12.916285	1.572177E-10	0
13.022578	1.583135E-10	0
13.130786	1.534145E-10	0
13.239131	1.561219E-10	0
13.347035	1.555417E-10	0
13.455824	1.546393E-10	0
13.56305	1.59216E-10	0
13.670353	1.561219E-10	0
13.77757	1.552194E-10	0
13.884942	1.547037E-10	0
13.993334	1.533501E-10	0
14.101691	1.555417E-10	0
14.210984	1.552194E-10	0
14.319764	1.55026E-10	0
14.429237	1.527055E-10	0
14.538325	1.554128E-10	0
14.648	1.567665E-10	0
14.753867	1.570243E-10	0
14.861915	1.559929E-10	0
14.968226	1.568954E-10	0
15.078025	1.563797E-10	0
15.18711	1.562508E-10	0
15.294979	1.548327E-10	0
15.403567	1.568954E-10	0
15.511638	1.577978E-10	0
15.618573	1.557351E-10	0
15.727797	1.571532E-10	0
15.835588	1.546393E-10	0
15.945228	1.550905E-10	0
16.053462	1.569598E-10	0
16.162027	1.55864E-10	0
16.272243	1.5754E-10	0
16.381547	1.54317E-10	0
16.490918	1.559929E-10	0
16.599822	1.543814E-10	0
16.707956	1.556706E-10	0
16.817342	1.561219E-10	0
16.927421	1.577978E-10	0
17.034959	1.584424E-10	0
17.141796	1.565086E-10	0
17.250591	1.545748E-10	0
17.358404	1.564442E-10	0
17.46683	1.561219E-10	0
17.575848	1.546393E-10	0
17.684313	1.572822E-10	0
17.795254	1.559929E-10	0
17.90448	1.523187E-10	0
18.017719	1.521253E-10	0
18.126229	1.554128E-10	0
18.235832	1.532856E-10	0
18.347287	1.569598E-10	0
18.455869	1.559929E-10	0
18.562577	1.572177E-10	0
18.670249	1.554773E-10	0
18.777389	1.561219E-10	0
18.885009	1.565086E-10	0
18.994083	1.541881E-10	0
19.101184	1.570243E-10	0
19.211528	1.547037E-10	0
19.320974	1.547682E-10	0
19.427288	1.568309E-10	0
19.534307	1.55864E-10	0
19.642903	1.543814E-10	0
19.751329	1.559285E-10	0
19.858994	1.553483E-10	0
19.966698	1.557996E-10	0
20.072935	1.564442E-10	0
20.180484	1.56702E-10	0
20.28727	1.556062E-10	0
20.396943	1.557996E-10	0
20.505171	1.55864E-10	0
20.612929	1.556706E-10	0
20.720428	1.564442E-10	0
20.827497	1.548971E-10	0
20.936224	1.55155E-10	0
21.043048	1.55864E-10	0
21.151255	1.570243E-10	0
21.260698	1.557996E-10	0
21.369303	1.533501E-10	0
21.477347	1.576689E-10	0
21.585883	1.576045E-10	0
21.694326	1.574755E-10	0
21.803545	1.515452E-10	0
21.913355	1.520609E-10	0
22.02157	1.532212E-10	0
22.130315	1.566375E-10	0
22.238053	1.556062E-10	0
22.346809	1.549616E-10	0
22.457253	1.557351E-10	0
22.564963	1.564442E-10	0
22.673666	1.532856E-10	0
22.781766	1.547037E-10	0
22.890231	1.585069E-10	0
22.998525	1.56702E-10	0
23.107954	1.568309E-10	0
23.215484	1.563797E-10	0
23.323892	1.541236E-10	0
23.435129	1.527055E-10	0
23.542784	1.540591E-10	0
23.650012	1.577334E-10	0
23.757682	1.563797E-10	0
23.867528	1.535435E-10	0
23.975508	1.549616E-10	0
24.084254	1.572177E-10	0
24.193709	1.55026E-10	0
24.301904	1.536079E-10	0
24.410392	1.516097E-10	0
24.519813	1.563152E-10	0
24.629032	1.53479E-10	0
24.736201	1.58378E-10	0
24.844398	1.505783E-10	0
24.951831	1.574111E-10	0
25.059397	1.544459E-10	0
25.167442	1.533501E-10	0
25.274835	1.561219E-10	0
25.383073	1.563152E-10	0
25.491612	1.548971E-10	0
25.599889	1.568954E-10	0
25.709142	1.55026E-10	0
25.816147	1.570888E-10	0
25.925629	1.563152E-10	0
26.03446	1.568309E-10	0
26.142297	1.548971E-10	0
26.25038	1.556062E-10	0
26.359608	1.570243E-10	0
26.467887	1.537368E-10	0
26.573956	1.560574E-10	0
26.682187	1.519964E-10	0
26.791711	1.537368E-10	0
26.898409	1.570243E-10	0
27.005856	1.557351E-10	0
27.114578	1.581201E-10	0
27.223725	1.559285E-10	0
27.332081	1.548971E-10	0
27.439872	1.533501E-10	0
27.548747	1.539302E-10	0
27.660121	1.557996E-10	0
27.772175	1.545104E-10	0
27.880817	1.563152E-10	0
27.987054	1.532856E-10	0
28.095315	1.556706E-10	0
28.201856	1.554128E-10	0
28.310531	1.556706E-10	0
28.41926	1.580557E-10	0
28.527377	1.576045E-10	0
28.636649	1.554773E-10	0
28.747135	1.578623E-10	0
28.854373	1.577334E-10	0
28.96112	1.579268E-10	0
29.069865	1.546393E-10	0
29.179268	1.563152E-10	0
29.286677	1.541236E-10	0
29.395164	1.582491E-10	0
29.501932	1.540591E-10	0
29.610425	1.574755E-10	0
29.71777	1.568309E-10	0
29.824474	1.563152E-10	0
29.933293	1.571532E-10	0
30.042228	1.539947E-10	0
30.150884	1.56702E-10	0
30.259464	1.525766E-10	0
30.367628	1.562508E-10	0
30.474666	1.554128E-10	0
30.580937	1.561219E-10	0
30.691407	1.571532E-10	0
30.800487	1.565086E-10	0
30.908606	1.59087E-10	0
31.019825	1.543814E-10	0
31.12828	1.542525E-10	0
31.236973	1.538013E-10	0
31.345392	1.560574E-10	0
31.456976	1.566375E-10	0
31.563545	1.572177E-10	0
31.672902	1.561219E-10	0
31.781511	1.564442E-10	0
31.889363	1.554128E-10	0
31.997266	1.572822E-10	0
32.106693	1.530278E-10	0
32.214256	1.543814E-10	0
32.321475	1.561863E-10	0
32.428169	1.543814E-10	0
32.536992	1.564442E-10	0
32.64501	1.549616E-10	0
32.751662	1.547037E-10	0
32.85903	1.537368E-10	0
32.967269	1.568954E-10	0
33.077528	1.557351E-10	0
33.18635	1.574111E-10	0
33.295032	1.565731E-10	0
33.402862	1.55864E-10	0
33.509887	1.555417E-10	0
33.618575	1.574755E-10	0
33.72822	1.542525E-10	0
33.835578	1.546393E-10	0
33.945147	1.54317E-10	0
34.053725	1.545748E-10	0
34.163198	1.569598E-10	0
34.270728	1.568954E-10	0
34.380617	1.568954E-10	0
34.488276	1.51932E-10	0
34.597381	1.554128E-10	0
34.705021	1.568954E-10	0
34.812482	1.570243E-10	0
34.921324	1.561219E-10	0
35.029529	1.552839E-10	0
35.13902	1.559929E-10	0
35.246152	1.550905E-10	0
35.355793	1.548327E-10	0
35.463027	1.539302E-10	0
35.571199	1.567665E-10	0
35.681569	1.554128E-10	0
35.788838	1.588937E-10	0
35.896428	1.563152E-10	0
36.00275	1.603118E-10	0
36.111876	1.563797E-10	0
36.219358	1.592804E-10	0
36.327023	1.595383E-10	0
36.435317	1.581846E-10	0
36.543381	1.572177E-10	0
36.652204	1.570243E-10	0
36.762706	1.565086E-10	0
36.871276	1.577978E-10	0
36.979671	1.548971E-10	0
37.088821	1.559285E-10	0
37.19647	1.576045E-10	0
37.304198	1.545748E-10	0
37.411602	1.55864E-10	0
37.520682	1.564442E-10	0
37.632924	1.545104E-10	0
37.744709	1.584424E-10	0
37.852603	1.543814E-10	0
37.960783	1.538013E-10	0
38.069273	1.586358E-10	0
38.176483	1.568309E-10	0
38.28484	1.565731E-10	0
38.39445	1.544459E-10	0
38.502496	1.571532E-10	0
38.611149	1.559285E-10	0
38.720795	1.556706E-10	0
38.83147	1.574755E-10	0
38.946195	1.570243E-10	0
39.05915	1.525766E-10	0
39.166941	1.563152E-10	0
39.275805	1.521898E-10	0
39.385288	1.560574E-10	0
39.494698	1.548327E-10	0
39.602398	1.554773E-10	0
39.712055	1.520609E-10	0
39.822241	1.563797E-10	0
39.930103	1.545104E-10	0
40.038212	1.555417E-10	0
40.146126	1.572822E-10	0
40.256386	1.568309E-10	0
40.365239	1.543814E-10	0
40.474914	1.539947E-10	0
40.584176	1.572177E-10	0
40.692441	1.556706E-10	0
40.798625	1.554773E-10	0
40.905954	1.569598E-10	0
41.012783	1.55155E-10	0
41.124028	1.563152E-10	0
41.233846	1.576689E-10	0
41.342473	1.571532E-10	0
41.450704	1.559285E-10	0
41.566388	1.54317E-10	0
41.676411	1.576689E-10	0
41.783689	1.552194E-10	0
41.894933	1.572822E-10	0
42.004164	1.566375E-10	0
42.11226	1.510295E-10	0
42.222084	1.579268E-10	0
42.33134	1.55155E-10	0
42.441454	1.525766E-10	0
42.549645	1.560574E-10	0
42.658156	1.543814E-10	0
42.767778	1.527055E-10	0
42.874918	1.550905E-10	0
42.985753	1.544459E-10	0
43.094456	1.561863E-10	0
43.201554	1.543814E-10	0
43.309575	1.565731E-10	0
43.41772	1.581201E-10	0
43.528488	1.560574E-10	0
43.636092	1.561219E-10	0
43.744634	1.534145E-10	0
43.852778	1.569598E-10	0
43.960982	1.552839E-10	0
44.067285	1.559929E-10	0
44.176528	1.544459E-10	0
44.284267	1.55864E-10	0
44.392364	1.563152E-10	0
44.503116	1.58378E-10	0
44.61279	1.539302E-10	0
44.723429	1.572177E-10	0
44.833904	1.536079E-10	0
44.942114	1.550905E-10	0
45.049687	1.582491E-10	0
45.16119	1.568309E-10	0
45.273654	1.548971E-10	0
45.380368	1.55864E-10	0
45.48758	1.56702E-10	0
45.594913	1.576689E-10	0
45.702664	1.545104E-10	0
45.811978	1.565731E-10	0
45.921281	1.5754E-10	0
46.028054	1.578623E-10	0
46.137244	1.556706E-10	0
46.245338	1.564442E-10	0
46.356617	1.570888E-10	0
46.464378	1.547037E-10	0
46.573911	1.561219E-10	0
46.681779	1.549616E-10	0
46.791463	1.564442E-10	0
46.899403	1.557996E-10	0
47.006403	1.572177E-10	0
47.116332	1.552194E-10	0
47.225517	1.544459E-10	0
47.334442	1.55864E-10	0
47.442404	1.567665E-10	0
47.550649	1.539947E-10	0
47.659108	1.559285E-10	0
47.767622	1.562508E-10	0
47.876309	1.568309E-10	0
47.985338	1.571532E-10	0
48.094006	1.554773E-10	0
48.202086	1.544459E-10	0
48.31124	1.525766E-10	0
48.421464	1.570888E-10	0
48.530679	1.552194E-10	0
48.638745	1.569598E-10	0
48.748298	1.543814E-10	0
48.855208	1.598606E-10	0
48.962425	1.541236E-10	0
49.070083	1.559929E-10	0
49.178144	1.561863E-10	0
49.285394	1.556706E-10	0
49.395238	1.568309E-10	0
49.502112	1.562508E-10	0
49.608209	1.577978E-10	0
49.716441	1.572177E-10	0
49.837053	1.547682E-10	0
49.945348	1.55155E-10	0
50.053945	1.570243E-10	0
50.161574	1.566375E-10	0
50.270159	1.547682E-10	0
50.377864	1.587647E-10	0
50.486598	1.563797E-10	0
50.594782	1.53479E-10	0
50.704008	1.568309E-10	0
50.813231	1.583135E-10	0
50.924614	1.559285E-10	0
51.032517	1.55155E-10	0
51.142565	1.561219E-10	0
51.250851	1.560574E-10	0
51.358172	1.548327E-10	0
51.466829	1.557996E-10	0
51.575684	1.559929E-10	0
51.68521	1.577334E-10	0
51.794433	1.545748E-10	0
51.902029	1.564442E-10	0
52.013026	1.538013E-10	0
52.120709	1.583135E-10	0
52.229985	1.569598E-10	0
52.339151	1.570243E-10	0
52.446863	1.538013E-10	0
52.554799	1.549616E-10	0
52.666099	1.576045E-10	0
52.78851	1.570243E-10	0
52.897779	1.556062E-10	0
53.006402	1.556062E-10	0
53.115207	1.555417E-10	0
53.222411	1.590226E-10	0
53.331707	1.565731E-10	0
53.442344	1.561863E-10	0
53.551612	1.561219E-10	0
53.661651	1.533501E-10	0
53.770291	1.55026E-10	0
53.877293	1.561863E-10	0
53.987352	1.59216E-10	0
54.095622	1.580557E-10	0
54.204738	1.585714E-10	0
54.312459	1.559929E-10	0
54.421763	1.568954E-10	0
54.529909	1.601829E-10	0
54.638503	1.597961E-10	0
54.74539	1.557996E-10	0
54.857098	1.559285E-10	0
54.96416	1.59087E-10	0
55.070925	1.596672E-10	0
55.178931	1.577334E-10	0
55.287767	1.56702E-10	0
55.398023	1.578623E-10	0
55.506694	1.573466E-10	0
55.614018	1.573466E-10	0
55.721484	1.55026E-10	0
55.830695	1.5754E-10	0
55.940308	1.564442E-10	0
56.048927	1.562508E-10	0
56.157126	1.574755E-10	0
56.266936	1.579268E-10	0
56.374345	1.581846E-10	0
56.48172	1.577978E-10	0
56.589749	1.554773E-10	0
56.697906	1.541236E-10	0
56.806952	1.595383E-10	0
56.916254	1.621167E-10	0
57.027067	1.600539E-10	0
57.134665	1.561863E-10	0
57.24396	1.547037E-10	0
57.351672	1.576689E-10	0
57.458667	1.570888E-10	0
57.56578	1.548971E-10	0
57.674954	1.579268E-10	0
57.784506	1.566375E-10	0
57.895163	1.529633E-10	0
58.002387	1.567665E-10	0
58.110438	1.563797E-10	0
58.217421	1.579268E-10	0
58.329039	1.572177E-10	0
58.437186	1.583135E-10	0
58.54628	1.552839E-10	0
58.653515	1.58378E-10	0
58.762358	1.559285E-10	0
58.870198	1.552194E-10	0
58.977198	1.55864E-10	0
59.087533	1.571532E-10	0
59.198153	1.591515E-10	0
59.306381	1.568954E-10	0
59.415651	1.556062E-10	0
59.524075	1.562508E-10	0
59.633235	1.548327E-10	0
59.744726	1.534145E-10	0
59.852992	1.576689E-10	0
59.961068	1.54317E-10	0
60.069958	1.025554E-7	0
60.178573	1.278356E-7	1
60.288954	1.195329E-7	1
60.398229	1.11387E-7	1
60.506525	1.044904E-7	1
60.61574	9.899054E-8	1
60.724895	9.463955E-8	1
60.832261	9.111984E-8	1
60.941188	8.817962E-8	1
61.050739	8.568785E-8	1
61.163331	8.366445E-8	1
61.271522	8.196064E-8	1
61.383279	8.046975E-8	1
61.492179	7.923798E-8	1
61.600501	7.81526E-8	1
61.709558	7.719801E-8	1
61.818934	7.631923E-8	1
61.927818	7.554506E-8	1
62.036796	7.486179E-8	1
62.147686	7.422576E-8	1
62.259346	7.367359E-8	1
62.368743	7.317177E-8	1
62.477928	7.270979E-8	1
62.586697	7.230014E-8	1
62.694779	7.190384E-8	1
62.804553	7.15526E-8	1
62.913374	7.123804E-8	1
63.023131	7.093417E-8	1
63.130558	7.065119E-8	1
63.240788	7.040237E-8	1
63.350248	6.93899E-8	1
63.460324	6.997146E-8	1
63.570315	6.979484E-8	1
63.677835	6.959579E-8	1
63.786584	6.939757E-8	1
63.893697	6.92312E-8	1
64.004025	6.905587E-8	1
64.113116	6.890445E-8	1
64.220676	6.876077E-8	1
64.330782	6.860497E-8	1
64.442424	6.847051E-8	1
64.552157	6.834417E-8	1
64.662238	6.821254E-8	1
64.770002	6.811443E-8	1
64.880239	6.800072E-8	1
64.992104	6.788998E-8	1
65.101318	6.778884E-8	1
65.212365	6.769473E-8	1
65.321923	6.758966E-8	1
65.430383	6.751482E-8	1
65.538282	6.743702E-8	1
65.646406	6.734729E-8	1
65.754603	6.727116E-8	1
65.862839	6.719948E-8	1
65.973733	6.71231E-8	1
66.082703	6.704504E-8	1
66.191755	6.699321E-8	1
66.298833	6.690941E-8	1
66.407299	6.685482E-8	1
66.516607	6.679925E-8	1
66.624535	6.673376E-8	1
66.734655	6.66791E-8	1
66.847167	6.662315E-8	1
66.958488	6.656906E-8	1
67.066827	6.650957E-8	1
67.180206	6.646096E-8	1
67.291954	6.642235E-8	1
67.399354	6.635776E-8	1
67.507818	6.631412E-8	1
67.617029	6.627139E-8	1
67.72528	6.622672E-8	1
67.836076	6.618256E-8	1
67.944149	6.613905E-8	1
68.055431	6.609212E-8	1
68.164639	6.606093E-8	1
68.272566	6.602592E-8	1
68.3802	6.597771E-8	1
68.488913	6.593826E-8	1
68.596832	6.590397E-8	1
68.707233	6.586568E-8	1
68.816495	6.582532E-8	1
68.923381	6.578478E-8	1
69.032625	6.575152E-8	1
69.142994	6.573895E-8	1
69.251791	6.570188E-8	1
69.360287	6.565515E-8	1
69.468811	6.562543E-8	1
69.577202	6.55885E-8	1
69.68485	6.555962E-8	1
69.793331	6.552694E-8	1
69.903306	6.549464E-8	1
70.0153	6.547105E-8	1
70.126938	6.543476E-8	1
70.235775	6.541226E-8	1
70.345169	6.537758E-8	1
70.453175	6.535908E-8	1
70.56054	6.532286E-8	1
70.669241	6.528844E-8	1
70.778147	6.52711E-8	1
70.886709	6.525311E-8	1
70.996265	6.522468E-8	1
71.107023	6.519664E-8	1
71.217659	6.516487E-8	1
71.329432	6.513296E-8	1
71.440411	6.511201E-8	1
71.549077	6.510891E-8	1
71.657908	6.507643E-8	1
71.768547	6.503466E-8	1
71.87726	6.501042E-8	1
71.986905	6.501783E-8	1
72.095829	6.498232E-8	1
72.205708	6.495292E-8	1
72.314838	6.494274E-8	1
72.425065	6.489645E-8	1
72.533348	6.489877E-8	1
72.639726	6.487318E-8	1
72.748582	6.485146E-8	1
72.859872	6.482768E-8	1
72.970031	6.481852E-8	1
73.081015	6.479145E-8	1
73.190671	6.475993E-8	1
73.300241	6.475464E-8	1
73.411254	6.473292E-8	1
73.518332	6.471745E-8	1
73.62785	6.468361E-8	1
73.736185	6.468844E-8	1
73.847466	6.466169E-8	1
73.957041	6.465067E-8	1
74.067623	6.462089E-8	1
74.174951	6.46165E-8	1
74.283129	6.459053E-8	1
74.396549	6.457022E-8	1
74.505611	6.455907E-8	1
74.614714	6.455063E-8	1
74.723975	6.45233E-8	1
74.832316	6.450596E-8	1
74.939479	6.450305E-8	1
75.046998	6.448243E-8	1
75.158392	6.445742E-8	1
75.265785	6.444665E-8	1
75.375047	6.443834E-8	1
75.489425	6.441739E-8	1
75.597683	6.439786E-8	1
75.707971	6.439018E-8	1
75.816673	6.437794E-8	1
75.92612	6.435486E-8	1
76.037522	6.435473E-8	1
76.147116	6.433456E-8	1
76.25582	6.431316E-8	1
76.366336	6.430258E-8	1
76.474785	6.429259E-8	1
76.584244	6.42857E-8	1
76.693583	6.426139E-8	1
76.801321	6.424425E-8	1
76.909323	6.424431E-8	1
77.017535	6.42222E-8	1
77.12613	6.420654E-8	1
77.234825	6.420067E-8	1
77.34418	6.418888E-8	1
77.452501	6.416806E-8	1
77.560741	6.416812E-8	1
77.669313	6.415336E-8	1
77.781032	6.413002E-8	1
77.889346	6.412809E-8	1
78.000074	6.411629E-8	1
78.112221	6.409644E-8	1
78.220135	6.409154E-8	1
78.328403	6.4084E-8	1
78.438622	6.406859E-8	1
78.547286	6.404687E-8	1
78.657381	6.405203E-8	1
78.76593	6.403881E-8	1
78.874415	6.401773E-8	1
78.984641	6.402186E-8	1
79.093996	6.400027E-8	1
79.202422	6.399395E-8	1
79.311942	6.398712E-8	1
79.422856	6.397803E-8	1
79.530866	6.395676E-8	1
79.640149	6.395347E-8	1
79.748762	6.395083E-8	1
79.858244	6.392298E-8	1
79.967272	6.391183E-8	1
80.076082	6.390577E-8	1
80.185972	6.389165E-8	1
80.295351	6.388095E-8	1
80.402096	6.387741E-8	1
80.512316	6.386612E-8	1
80.620708	6.385588E-8	1
80.728148	6.385626E-8	1
80.837537	6.384492E-8	1
80.947063	6.383319E-8	1
81.058558	6.382158E-8	1
81.166784	6.381765E-8	1
81.275008	6.380837E-8	1
81.383264	6.379457E-8	1
81.492228	6.38025E-8	1
81.600528	6.377788E-8	1
81.707189	6.37744E-8	1
81.818872	6.376325E-8	1
81.926507	6.375783E-8	1
82.034375	6.374758E-8	1
82.145039	6.373927E-8	1
82.254613	6.373392E-8	1
82.36444	6.372225E-8	1
82.474635	6.371877E-8	1
82.582779	6.370742E-8	1
82.693671	6.369047E-8	1
82.801764	6.368976E-8	1
82.911789	6.368686E-8	1
83.022434	6.367126E-8	1
83.1317	6.366056E-8	1
83.243167	6.366456E-8	1
83.352482	6.364993E-8	1
83.459736	6.364013E-8	1
83.56861	6.364561E-8	1
83.677495	6.362614E-8	1
83.784753	6.361376E-8	1
83.893603	6.361557E-8	1
84.001666	6.360274E-8	1
84.110245	6.35992E-8	1
84.219315	6.35923E-8	1
84.327565	6.359436E-8	1
84.435491	6.358766E-8	1
84.544833	6.357193E-8	1
84.65393	6.356516E-8	1
84.761124	6.356084E-8	1
84.869935	6.354937E-8	1
84.979071	6.354924E-8	1
85.091718	6.354337E-8	1
85.205783	6.284256E-8	1
85.315182	6.356671E-8	1
85.426456	6.35736E-8	1
85.537212	6.357277E-8	1
85.645571	6.356548E-8	1
85.756071	6.357135E-8	1
85.869093	6.355401E-8	1
85.977616	6.354247E-8	1
86.088905	6.353544E-8	1
86.201851	6.353396E-8	1
86.309588	6.351694E-8	1
86.419309	6.351888E-8	1
86.528448	6.352578E-8	1
86.638524	6.350309E-8	1
86.748002	6.349973E-8	1
86.8583	6.350328E-8	1
86.966919	6.348723E-8	1
87.076311	6.346931E-8	1
87.185763	6.348046E-8	1
87.295369	6.347124E-8	1
87.405278	6.346583E-8	1
87.515831	6.346422E-8	1
87.625717	6.344978E-8	1
87.736936	6.344198E-8	1
87.845052	6.343605E-8	1
87.955025	6.34356E-8	1
88.066937	6.343334E-8	1
88.177497	6.343166E-8	1
88.28676	6.34227E-8	1
88.392991	6.342838E-8	1
88.501463	6.341323E-8	1
88.611439	6.340943E-8	1
88.72156	6.339814E-8	1
88.831197	6.340047E-8	1
88.939476	6.338416E-8	1
89.050302	6.338229E-8	1
89.161638	6.338396E-8	1
89.269626	6.336894E-8	1
89.378349	6.337313E-8	1
89.486403	6.336546E-8	1
89.595781	6.335811E-8	1
89.705543	6.335541E-8	1
89.813939	6.335354E-8	1
89.923011	6.334509E-8	1
90.029335	6.333807E-8	1
90.137777	6.333717E-8	1
90.247686	6.333175E-8	1
90.356557	6.331918E-8	1
90.46616	6.332692E-8	1
90.575474	6.331499E-8	1
90.684981	6.331112E-8	1
90.794744	6.330622E-8	1
90.90429	6.329907E-8	1
91.012921	6.329881E-8	1
91.121841	6.329675E-8	1
91.23147	6.328018E-8	1
91.341267	6.328038E-8	1
91.45329	6.327909E-8	1
91.562159	6.328018E-8	1
91.671591	6.326974E-8	1
91.783411	6.327135E-8	1
91.890889	6.326039E-8	1
92.000723	6.325524E-8	1
92.113571	6.325305E-8	1
92.221565	6.324653E-8	1
92.331588	6.323906E-8	1
92.440011	6.323822E-8	1
92.547353	6.323983E-8	1
92.658308	6.321933E-8	1
92.768755	6.32221E-8	1
92.879451	6.322094E-8	1
92.986823	6.321682E-8	1
93.095272	6.320966E-8	1
93.203235	6.320754E-8	1
93.312546	6.32009E-8	1
93.422878	6.319742E-8	1
93.5317	6.319219E-8	1
93.640183	6.319071E-8	1
93.750477	6.31902E-8	1
93.861897	6.317846E-8	1
93.971559	6.319058E-8	1
94.083735	6.316718E-8	1
94.193036	6.317808E-8	1
94.301265	6.317382E-8	1
94.410634	6.316467E-8	1
94.520257	6.315229E-8	1
94.62829	6.315681E-8	1
94.737707	6.315171E-8	1
94.846722	6.314275E-8	1
94.955966	6.31501E-8	1
95.065733	6.314379E-8	1
95.175646	6.313528E-8	1
95.283669	6.313618E-8	1
95.393339	6.312619E-8	1
95.504387	6.312226E-8	1
95.613857	6.313173E-8	1
95.723109	6.313373E-8	1
95.833358	6.312574E-8	1
95.945594	6.311426E-8	1
96.054596	6.311098E-8	1
96.163668	6.311072E-8	1
96.271311	6.310762E-8	1
96.384525	6.312342E-8	1
96.492429	6.312567E-8	1
96.601934	6.310711E-8	1
96.711919	6.309467E-8	1
96.820924	6.310098E-8	1
96.930042	6.30928E-8	1
97.037773	6.310111E-8	1
97.149225	6.309447E-8	1
97.25787	6.309647E-8	1
97.369746	6.308429E-8	1
97.481169	6.307146E-8	1
97.589271	6.30839E-8	1
97.699421	6.308126E-8	1
97.809778	6.307662E-8	1
97.918877	6.305728E-8	1
98.028462	6.307559E-8	1
98.136321	6.306676E-8	1
98.245877	6.305264E-8	1
98.354209	6.306405E-8	1
98.462503	6.306076E-8	1
98.571906	6.303968E-8	1
98.679782	6.304851E-8	1
98.787219	6.306179E-8	1
98.896179	6.303104E-8	1
99.004496	6.303337E-8	1
99.116781	6.304058E-8	1
99.225079	6.302769E-8	1
99.334125	6.304252E-8	1
99.444032	6.302266E-8	1
99.553681	6.302795E-8	1
99.661325	6.302092E-8	1
99.770695	6.302009E-8	1
99.88141	6.301944E-8	1
99.989432	6.301229E-8	1
100.101327	6.30206E-8	1
100.208748	6.300513E-8	1
100.317909	6.300468E-8	1
100.426682	6.301564E-8	1
100.534803	6.301847E-8	1
100.648506	6.299759E-8	1
100.757778	6.300545E-8	1
100.867224	6.300184E-8	1
100.976227	6.299959E-8	1
101.08489	6.298425E-8	1
101.19718	6.299849E-8	1
101.305344	6.29838E-8	1
101.413573	6.298547E-8	1
101.521376	6.297896E-8	1
101.630612	6.298753E-8	1
101.741535	6.298012E-8	1
101.852208	6.297587E-8	1
101.961906	6.298612E-8	1
102.070194	6.297097E-8	1
102.179245	6.297419E-8	1
102.288808	6.295769E-8	1
102.398528	6.296542E-8	1
102.516656	6.296994E-8	1
102.626022	6.296491E-8	1
102.732831	6.295505E-8	1
102.842116	6.295904E-8	1
102.95139	6.227886E-8	1
103.061619	6.29807E-8	1
103.169136	6.300765E-8	1
103.277845	6.299914E-8	1
103.390367	6.301396E-8	1
103.49864	6.301138E-8	1
103.60747	6.299675E-8	1
103.717008	6.30021E-8	1
103.826646	6.300642E-8	1
103.934554	6.298998E-8	1
104.044417	6.298902E-8	1
104.155617	6.299288E-8	1
104.265711	6.298689E-8	1
104.375948	6.298676E-8	1
104.485443	6.298773E-8	1
104.593845	6.299727E-8	1
104.702862	6.298566E-8	1
104.814611	6.297922E-8	1
104.922945	6.296317E-8	1
105.031415	6.297896E-8	1
105.14123	6.297052E-8	1
105.249368	6.296916E-8	1
105.357496	6.296568E-8	1
105.466815	6.296839E-8	1
105.577277	6.296936E-8	1
105.687403	6.296626E-8	1
105.796631	6.296639E-8	1
105.906999	6.296633E-8	1
106.019109	6.295814E-8	1
106.12723	6.296175E-8	1
106.237111	6.294931E-8	1
106.34909	6.2968E-8	1
106.45986	6.29526E-8	1
106.568993	6.294602E-8	1
106.678604	6.295318E-8	1
106.787914	6.29604E-8	1
106.897112	6.294957E-8	1
107.008444	6.29417E-8	1
107.11702	6.294106E-8	1
107.22798	6.294228E-8	1
107.338982	6.293816E-8	1
107.448976	6.293629E-8	1
107.558712	6.293784E-8	1
107.669365	6.293294E-8	1
107.77751	6.293629E-8	1
107.886903	6.293887E-8	1
107.996616	6.293313E-8	1
108.105094	6.293229E-8	1
108.214603	6.292765E-8	1
108.322087	6.293184E-8	1
108.429687	6.292926E-8	1
108.541502	6.293977E-8	1
108.652248	6.291469E-8	1
108.763279	6.291096E-8	1
108.87464	6.292146E-8	1
108.983889	6.292733E-8	1
109.091233	6.291386E-8	1
109.200887	6.292011E-8	1
109.310668	6.29212E-8	1
109.420537	6.290696E-8	1
109.531756	6.290863E-8	1
109.640621	6.292655E-8	1
109.75287	6.290045E-8	1
109.863541	6.29018E-8	1
109.970983	6.290451E-8	1
110.080897	6.290541E-8	1
110.190443	6.290599E-8	1
110.300384	6.2896E-8	1
110.412823	6.289645E-8	1
110.521447	6.289735E-8	1
110.629456	6.289813E-8	1
110.737647	6.289478E-8	1
110.847163	6.288595E-8	1
110.957638	6.289613E-8	1
111.068797	6.288975E-8	1
111.178518	6.288272E-8	1
111.289752	6.288395E-8	1
111.398623	6.288633E-8	1
111.508358	6.288021E-8	1
111.618592	6.287537E-8	1
111.726874	6.288633E-8	1
111.835434	6.287653E-8	1
111.945658	6.287376E-8	1
112.053505	6.286873E-8	1
112.161649	6.288781E-8	1
112.271513	6.28717E-8	1
112.379766	6.28706E-8	1
112.48768	6.28766E-8	1
112.597013	6.286622E-8	1
112.705451	6.28708E-8	1
112.814249	6.286938E-8	1
112.923575	6.287105E-8	1
113.040438	6.28628E-8	1
113.148668	6.28764E-8	1
113.257199	6.287647E-8	1
113.365999	6.285649E-8	1
113.474662	6.285829E-8	1
113.58366	6.287086E-8	1
113.691688	6.284179E-8	1
113.800048	6.285584E-8	1
113.914266	6.285475E-8	1
114.022383	6.285159E-8	1
114.133809	6.286184E-8	1
114.244858	6.285887E-8	1
114.35338	6.284804E-8	1
114.464366	6.284708E-8	1
114.574674	6.285997E-8	1
114.683675	6.284173E-8	1
114.795044	6.284894E-8	1
114.904713	6.284894E-8	1
115.013728	6.284443E-8	1
115.122955	6.284508E-8	1
115.23323	6.283741E-8	1
115.341629	6.283973E-8	1
115.449501	6.282974E-8	1
115.55967	6.283915E-8	1
115.669964	6.28347E-8	1
115.779497	6.282484E-8	1
115.886909	6.284076E-8	1
115.997664	6.283335E-8	1
116.105057	6.282967E-8	1
116.214288	6.283496E-8	1
116.325016	6.282709E-8	1
116.433286	6.283025E-8	1
116.54471	6.282793E-8	1
116.654723	6.282213E-8	1
116.763416	6.282316E-8	1
116.871456	6.282484E-8	1
116.978688	6.281723E-8	1
117.087721	6.282058E-8	1
117.196834	6.281897E-8	1
117.305093	6.282013E-8	1
117.414322	6.282136E-8	1
117.522082	6.281968E-8	1
117.62862	6.281394E-8	1
117.737972	6.283064E-8	1
117.846914	6.281375E-8	1
117.954239	6.281646E-8	1
118.061421	6.280614E-8	1
118.173183	6.281175E-8	1
118.281413	6.280524E-8	1
118.389778	6.281543E-8	1
118.499318	6.28084E-8	1
118.611317	6.280995E-8	1
118.719752	6.281265E-8	1
118.828867	6.279744E-8	1
118.940484	6.280982E-8	1
119.052282	6.280589E-8	1
119.162314	6.280176E-8	1
119.272612	6.280305E-8	1
119.382854	6.279905E-8	1
119.494725	6.280634E-8	1
119.603847	6.280311E-8	1
119.711908	6.280305E-8	1
119.821477	6.279996E-8	1
119.928848	6.27986E-8	1
120.037262	6.280608E-8	1
120.145874	6.279119E-8	1
120.252892	6.280112E-8	1
120.362911	6.279892E-8	1
120.474104	6.278919E-8	1
120.582602	6.280447E-8	1
120.692242	6.279274E-8	1
120.801735	6.278938E-8	1
120.912876	6.279615E-8	1
121.021393	6.279106E-8	1
121.132638	6.279177E-8	1
121.242299	6.279628E-8	1
121.35143	6.27919E-8	1
121.459895	6.278384E-8	1
121.568416	6.278513E-8	1
121.678982	6.278771E-8	1
121.787942	6.27939E-8	1
121.898029	6.278223E-8	1
122.00812	6.278519E-8	1
122.118343	6.278468E-8	1
122.228542	6.278648E-8	1
122.339053	6.278648E-8	1
122.450021	6.277443E-8	1
122.559738	6.27792E-8	1
122.669596	6.277933E-8	1
122.779274	6.277585E-8	1
122.88903	6.277088E-8	1
122.999363	6.277643E-8	1
123.108856	6.277391E-8	1
123.21805	6.278042E-8	1
123.328949	6.276992E-8	1
123.437826	6.210359E-8	1
123.547251	6.280099E-8	1
123.656005	6.282387E-8	1
123.766808	6.283257E-8	1
123.876117	6.282819E-8	1
123.984513	6.282658E-8	1
124.092561	6.283141E-8	1
124.199792	6.282516E-8	1
124.308506	6.283038E-8	1
124.416646	6.282709E-8	1
124.524787	6.282316E-8	1
124.632727	6.282522E-8	1
124.745058	6.281936E-8	1
124.855925	6.282806E-8	1
124.967251	6.281755E-8	1
125.076241	6.282052E-8	1
125.185212	6.282097E-8	1
125.296669	6.281136E-8	1
125.405569	6.281929E-8	1
125.515731	6.282387E-8	1
125.627064	6.281214E-8	1
125.735796	6.28064E-8	1
125.845845	6.281304E-8	1
125.957845	6.282039E-8	1
126.065123	6.281742E-8	1
126.175711	6.280988E-8	1
126.285241	6.280363E-8	1
126.39482	6.281633E-8	1
126.50379	6.279931E-8	1
126.612451	6.281768E-8	1
126.724207	6.280182E-8	1
126.83581	6.281659E-8	1
126.944826	6.279912E-8	1
127.055609	6.281646E-8	1
127.166015	6.279467E-8	1
127.274924	6.280962E-8	1
127.386459	6.280692E-8	1
127.495537	6.279809E-8	1
127.606758	6.28075E-8	1
127.71522	6.280724E-8	1
127.828758	6.279615E-8	1
127.93952	6.280698E-8	1
128.04875	6.281394E-8	1
128.158631	6.280647E-8	1
128.267671	6.280705E-8	1
128.376305	6.279809E-8	1
128.487548	6.280421E-8	1
128.596821	6.280137E-8	1
128.705747	6.279776E-8	1
128.815045	6.27988E-8	1
128.92409	6.280434E-8	1
129.034358	6.279138E-8	1
129.144742	6.280415E-8	1
129.254993	6.279602E-8	1
129.364366	6.280318E-8	1
129.474058	6.279267E-8	1
129.584988	6.278835E-8	1
129.695717	6.279293E-8	1
129.811828	6.279551E-8	1
129.922345	6.279241E-8	1
130.032091	6.2789E-8	1
130.142353	6.27966E-8	1
130.250879	6.279035E-8	1
130.360149	6.278745E-8	1
130.467293	6.27879E-8	1
130.574855	6.2789E-8	1
130.684076	6.278745E-8	1
130.797831	6.278984E-8	1
130.906492	6.278249E-8	1
131.018048	6.279151E-8	1
131.131396	6.279493E-8	1
131.240194	6.277694E-8	1
131.354436	6.277172E-8	1
131.465853	6.2789E-8	1
131.574319	6.280176E-8	1
131.686329	6.277636E-8	1
131.795403	6.27676E-8	1
131.90343	6.279074E-8	1
132.012284	6.278146E-8	1
132.120559	6.278294E-8	1
132.230176	6.278984E-8	1
132.338721	6.277888E-8	1
132.44828	6.277714E-8	1
132.558546	6.278036E-8	1
132.667071	6.2781E-8	1
132.777504	6.277443E-8	1
132.886189	6.277701E-8	1
132.997651	6.277746E-8	1
133.106173	6.276424E-8	1
133.215037	6.276785E-8	1
133.323112	6.277849E-8	1
133.431647	6.276431E-8	1
133.538875	6.276682E-8	1
133.646996	6.27674E-8	1
133.75779	6.277436E-8	1
133.865578	6.276856E-8	1
133.973901	6.276476E-8	1
134.081851	6.276315E-8	1
134.193895	6.27607E-8	1
134.303103	6.277069E-8	1
134.41556	6.275748E-8	1
134.525917	6.275406E-8	1
134.633801	6.276637E-8	1
134.741788	6.276663E-8	1
134.851292	6.276147E-8	1
134.964367	6.276831E-8	1
135.073898	6.277095E-8	1
135.184843	6.27645E-8	1
135.294593	6.275883E-8	1
135.402911	6.276579E-8	1
135.512574	6.274729E-8	1
135.62505	6.27763E-8	1
135.73334	6.27451E-8	1
135.842706	6.275458E-8	1
135.95163	6.275683E-8	1
136.065097	6.276405E-8	1
136.172902	6.274645E-8	1
136.285406	6.275148E-8	1
136.394744	6.275935E-8	1
136.504248	6.275516E-8	1
136.613958	6.274523E-8	1
136.723721	6.276347E-8	1
136.833138	6.274581E-8	1
136.943612	6.275019E-8	1
137.053633	6.274381E-8	1
137.163662	6.274516E-8	1
137.272882	6.275767E-8	1
137.382701	6.274813E-8	1
137.491495	6.275715E-8	1
137.600455	6.274948E-8	1
137.710968	6.275213E-8	1
137.819439	6.274658E-8	1
137.929769	6.274497E-8	1
138.037549	6.274877E-8	1
138.147487	6.275129E-8	1
138.256329	6.275264E-8	1
138.363943	6.275122E-8	1
138.471803	6.276083E-8	1
138.582151	6.275E-8	1
138.69338	6.274955E-8	1
138.801477	6.275374E-8	1
138.910098	6.274935E-8	1
139.019508	6.274568E-8	1
139.129362	6.275696E-8	1
139.23883	6.275225E-8	1
139.347072	6.275619E-8	1
139.45796	6.274632E-8	1
139.567482	6.276018E-8	1
139.677484	6.274523E-8	1
139.785854	6.274923E-8	1
139.894499	6.274961E-8	1
140.00384	6.274259E-8	1
140.114064	6.273917E-8	1
140.223331	6.27489E-8	1
140.334263	6.274877E-8	1
140.443059	6.27451E-8	1
140.55231	6.274658E-8	1
140.659709	6.274342E-8	1
140.768841	6.275174E-8	1
140.879288	6.274439E-8	1
140.988373	6.273762E-8	1
141.095887	6.27304E-8	1
141.206305	6.273485E-8	1
141.316611	6.275225E-8	1
141.424117	6.273949E-8	1
141.533321	6.273633E-8	1
141.640827	6.275361E-8	1
141.750826	6.273988E-8	1
141.859263	6.273814E-8	1
141.967259	6.274652E-8	1
142.076267	6.274491E-8	1
142.183808	6.273492E-8	1
142.291094	6.27266E-8	1
142.399916	6.274942E-8	1
142.509014	6.272815E-8	1
142.615542	6.274078E-8	1
142.725024	6.27324E-8	1
142.834685	6.272989E-8	1
142.942928	6.273704E-8	1
143.051518	6.273923E-8	1
143.163085	6.272486E-8	1
143.270031	6.274897E-8	1
143.377821	6.274097E-8	1
143.488074	6.272318E-8	1
143.596329	6.27344E-8	1
143.703061	6.273956E-8	1
143.809995	6.273201E-8	1
143.918025	6.207607E-8	1
144.027745	6.275516E-8	1
144.138002	6.279821E-8	1
144.24588	6.278017E-8	1
144.35378	6.279686E-8	1
144.462009	6.280331E-8	1
144.56843	6.2789E-8	1
144.678445	6.277855E-8	1
144.787313	6.279164E-8	1
144.895169	6.278635E-8	1
145.004587	6.278423E-8	1
145.113196	6.280234E-8	1
145.222601	6.280157E-8	1
145.331389	6.279112E-8	1
145.438034	6.278384E-8	1
145.545293	6.278094E-8	1
145.655026	6.27703E-8	1
145.764024	6.279235E-8	1
145.873173	6.279435E-8	1
145.984976	6.277017E-8	1
146.094759	6.277411E-8	1
146.202042	6.277836E-8	1
146.312351	6.279383E-8	1
146.423575	6.279112E-8	1
146.532301	6.27908E-8	1
146.641526	6.278004E-8	1
146.74982	6.278023E-8	1
146.859047	6.278822E-8	1
146.965867	6.277308E-8	1
147.074982	6.277353E-8	1
147.186078	6.278081E-8	1
147.2938	6.278764E-8	1
147.402215	6.278184E-8	1
147.510191	6.279151E-8	1
147.616684	6.278223E-8	1
147.724126	6.27694E-8	1
147.833524	6.277417E-8	1
147.941188	6.276985E-8	1
148.048004	6.277237E-8	1
148.156409	6.278029E-8	1
148.265784	6.277946E-8	1
148.375186	6.277327E-8	1
148.481362	6.278081E-8	1
148.590307	6.276959E-8	1
148.698579	6.277462E-8	1
148.805806	6.278191E-8	1
148.913413	6.278532E-8	1
149.023285	6.276218E-8	1
149.131617	6.277127E-8	1
149.240839	6.279512E-8	1
149.349616	6.277366E-8	1
149.458155	6.274961E-8	1
149.566182	6.277011E-8	1
149.675986	6.278229E-8	1
149.784848	6.279016E-8	1
149.898631	6.276843E-8	1
150.004984	6.276482E-8	1
150.118214	6.278397E-8	1
150.227789	6.278693E-8	1
150.336811	6.276831E-8	1
150.445018	6.275967E-8	1
150.556599	6.277507E-8	1
150.664894	6.278539E-8	1
150.774108	6.276618E-8	1
150.884789	6.275432E-8	1
150.994008	6.277024E-8	1
151.103687	6.279209E-8	1
151.214749	6.276734E-8	1
151.323166	6.276238E-8	1
151.429515	6.276308E-8	1
151.538331	6.277482E-8	1
151.645999	6.276895E-8	1
151.75544	6.278693E-8	1
151.865675	6.27734E-8	1
151.974379	6.277643E-8	1
152.081691	6.277063E-8	1
152.191442	6.276773E-8	1
152.300563	6.275432E-8	1
152.409331	6.277134E-8	1
152.517526	6.277063E-8	1
152.625	6.277282E-8	1
152.73351	6.277572E-8	1
152.842018	6.27567E-8	1
152.951067	6.276611E-8	1
153.060526	6.278049E-8	1
153.16875	6.278216E-8	1
153.27714	6.276424E-8	1
153.387146	6.276192E-8	1
153.496138	6.276811E-8	1
153.604715	6.277288E-8	1
153.715452	6.277772E-8	1
153.824689	6.27725E-8	1
153.932778	6.276051E-8	1
154.041086	6.276379E-8	1
154.150643	6.277127E-8	1
154.258413	6.277552E-8	1
154.367572	6.276392E-8	1
154.478083	6.27656E-8	1
154.586439	6.276566E-8	1
154.694586	6.276025E-8	1
154.806499	6.276669E-8	1
154.914147	6.276779E-8	1
155.022426	6.276038E-8	1
155.129561	6.276914E-8	1
155.238214	6.27734E-8	1
155.349433	6.275825E-8	1
155.456443	6.27723E-8	1
155.577928	6.277449E-8	1
155.686367	6.276592E-8	1
155.793877	6.277617E-8	1
155.900225	6.277952E-8	1
156.010027	6.27569E-8	1
156.117561	6.275006E-8	1
156.226321	6.27625E-8	1
156.33792	6.277372E-8	1
156.446151	6.275561E-8	1
156.557326	6.275857E-8	1
156.6657	6.275651E-8	1
156.772712	6.275799E-8	1
156.881544	6.277675E-8	1
156.989938	6.276998E-8	1
157.099173	6.276702E-8	1
157.206619	6.275896E-8	1
157.313215	6.275213E-8	1
157.425053	6.275541E-8	1
157.533346	6.27549E-8	1
157.640657	6.276012E-8	1
157.750123	6.276283E-8	1
157.859879	6.276586E-8	1
157.970677	6.275896E-8	1
158.078933	6.275174E-8	1
158.197918	6.275851E-8	1
158.306692	6.275309E-8	1
158.415289	6.275567E-8	1
158.524573	6.275438E-8	1
158.63365	6.276386E-8	1
158.742228	6.275599E-8	1
158.851253	6.275586E-8	1
158.961273	6.275947E-8	1
159.070225	6.275761E-8	1
159.178507	6.275296E-8	1
159.288214	6.27558E-8	1
159.396092	6.275793E-8	1
159.504526	6.275516E-8	1
159.612894	6.275419E-8	1
159.721172	6.275251E-8	1
159.829874	6.275574E-8	1
159.939556	6.276766E-8	1
160.048894	6.27569E-8	1
160.157957	6.274852E-8	1
160.266217	6.274858E-8	1
160.374211	6.274329E-8	1
160.482543	6.274903E-8	1
160.591363	6.275419E-8	1
160.69969	6.275567E-8	1
160.809019	6.27636E-8	1
160.915463	6.275928E-8	1
161.021495	6.275296E-8	1
161.131274	6.275767E-8	1
161.238593	6.274871E-8	1
161.347388	6.275161E-8	1
161.457173	6.276966E-8	1
161.565373	6.27607E-8	1
161.674204	6.27654E-8	1
161.781519	6.275612E-8	1
161.889768	6.274452E-8	1
162.000045	6.275329E-8	1
162.109119	6.275548E-8	1
162.218805	6.2746E-8	1
162.328234	6.275619E-8	1
162.44417	6.274504E-8	1
162.553088	6.27607E-8	1
162.664148	6.275122E-8	1
162.772698	6.275761E-8	1
162.880271	6.275167E-8	1
162.993859	6.274768E-8	1
163.101757	6.243053E-8	1
163.235605	6.283489E-8	1
163.348047	6.283476E-8	1
163.456663	6.283354E-8	1
163.564633	6.282587E-8	1
163.673054	6.283019E-8	1
163.781463	6.282277E-8	1
163.89179	6.282626E-8	1
163.999273	6.28249E-8	1
164.107501	6.283154E-8	1
164.214594	6.282303E-8	1
164.321716	6.283528E-8	1
164.430799	6.282916E-8	1
164.538152	6.281878E-8	1
164.648263	6.283734E-8	1
164.759508	6.282136E-8	1
164.86584	6.282226E-8	1
164.975892	6.28113E-8	1
165.085642	6.282258E-8	1
165.194485	6.282058E-8	1
165.303273	6.282593E-8	1
165.41174	6.282174E-8	1
165.519765	6.283541E-8	1
165.626819	6.282613E-8	1
165.735935	6.282567E-8	1
165.842078	6.282716E-8	1
165.951296	6.28211E-8	1
166.062575	6.283161E-8	1
166.171179	6.281904E-8	1
166.278462	6.282555E-8	1
166.384938	6.283412E-8	1
166.495281	6.283792E-8	1
166.602796	6.281916E-8	1
166.711753	6.280112E-8	1
166.82211	6.281775E-8	1
166.931465	6.28211E-8	1
167.039517	6.282471E-8	1
167.15185	6.282194E-8	1
167.260853	6.280653E-8	1
167.371402	6.280614E-8	1
167.48305	6.282761E-8	1
167.593566	6.282948E-8	1
167.700871	6.282277E-8	1
167.809869	6.281968E-8	1
167.919138	6.28153E-8	1
168.027386	6.281504E-8	1
168.136436	6.281788E-8	1
168.245848	6.283328E-8	1
168.354729	6.282587E-8	1
168.463923	6.281433E-8	1
168.56989	6.280898E-8	1
168.683669	6.282928E-8	1
168.792489	6.282645E-8	1
168.901547	6.281414E-8	1
169.008998	6.280763E-8	1
169.117795	6.282226E-8	1
169.231044	6.281871E-8	1
169.338189	6.282742E-8	1
169.446411	6.282355E-8	1
169.555695	6.281955E-8	1
169.664293	6.281626E-8	1
169.774298	6.281336E-8	1
169.882214	6.28113E-8	1
169.991905	6.281059E-8	1
170.100294	6.280589E-8	1
170.209728	6.281858E-8	1
170.321638	6.281033E-8	1
170.430181	6.281091E-8	1
170.537907	6.281111E-8	1
170.648149	6.281671E-8	1
170.755547	6.282387E-8	1
170.86531	6.281169E-8	1
170.973704	6.281201E-8	1
171.081167	6.281414E-8	1
171.190555	6.281149E-8	1
171.29867	6.280505E-8	1
171.408502	6.282426E-8	1
171.519234	6.281923E-8	1
171.627457	6.282297E-8	1
171.735688	6.28153E-8	1
171.84396	6.281091E-8	1
171.952192	6.282277E-8	1
172.064417	6.281871E-8	1
172.172646	6.281826E-8	1
172.281878	6.280962E-8	1
172.389109	6.2818E-8	1
172.499382	6.282058E-8	1
172.606606	6.281768E-8	1
172.716343	6.282226E-8	1
172.82258	6.281742E-8	1
172.927816	6.279983E-8	1
173.037043	6.282265E-8	1
173.146292	6.282651E-8	1
173.254702	6.280846E-8	1
173.369359	6.281607E-8	1
173.479722	6.281543E-8	1
173.586894	6.281543E-8	1
173.694793	6.281117E-8	1
173.804338	6.281788E-8	1
173.913186	6.281033E-8	1
174.023438	6.281253E-8	1
174.132008	6.281749E-8	1
174.239423	6.281401E-8	1
174.347772	6.280582E-8	1
174.457041	6.281671E-8	1
174.565006	6.281775E-8	1
174.674351	6.281446E-8	1
174.780983	6.281027E-8	1
174.890925	6.281923E-8	1
175.000157	6.281601E-8	1
175.106358	6.280846E-8	1
175.226027	6.280331E-8	1
175.335751	6.280717E-8	1
175.442175	6.280582E-8	1
175.551049	6.281781E-8	1
175.658551	6.280872E-8	1
175.766028	6.281369E-8	1
175.875374	6.281014E-8	1
175.983325	6.28093E-8	1
176.090521	6.280357E-8	1
176.197811	6.281033E-8	1
176.307252	6.281613E-8	1
176.415188	6.280595E-8	1
176.522038	6.281188E-8	1
176.630952	6.281871E-8	1
176.738912	6.28095E-8	1
176.849322	6.280402E-8	1
176.959142	6.281749E-8	1
177.067366	6.280698E-8	1
177.175383	6.281066E-8	1
177.283494	6.28153E-8	1
177.392447	6.280698E-8	1
177.502102	6.280821E-8	1
177.610329	6.282684E-8	1
177.718719	6.281027E-8	1
177.828561	6.280969E-8	1
177.934394	6.281394E-8	1
178.042799	6.281652E-8	1
178.15066	6.280743E-8	1
178.259143	6.281588E-8	1
178.366777	6.281349E-8	1
178.475399	6.281878E-8	1
178.583743	6.280363E-8	1
178.692106	6.281781E-8	1
178.800461	6.281214E-8	1
178.908185	6.280511E-8	1
179.018919	6.28142E-8	1
179.127493	6.281607E-8	1
179.234724	6.280975E-8	1
179.342505	6.282155E-8	1
179.450119	6.280705E-8	1
179.562018	6.280634E-8	1
179.670809	6.281568E-8	1
179.78005	6.281117E-8	1
179.887342	6.281117E-8	1
179.998195	6.281684E-8	1
180.105698	6.282174E-8	1
180.213953	6.280408E-8	1
180.323786	6.280705E-8	1
180.433612	6.280892E-8	1
180.542303	6.281207E-8	1
180.651564	6.280543E-8	1
180.758091	6.280408E-8	1
180.865403	6.2818E-8	1
180.973123	6.280569E-8	1
181.082513	6.281291E-8	1
181.188815	6.280917E-8	1
181.30127	6.28017E-8	1
181.413234	6.281201E-8	1
181.52219	6.281646E-8	1
181.632511	6.280692E-8	1
181.740681	6.280569E-8	1
181.849801	6.281388E-8	1
181.957706	6.280904E-8	1
182.065269	6.280337E-8	1
182.175122	6.282271E-8	1
182.28366	6.281749E-8	1
182.392102	6.281336E-8	1
182.4991	6.281723E-8	1
182.607836	6.281265E-8	1
182.716691	6.280827E-8	1
182.823555	6.281891E-8	1
182.932668	6.281568E-8	1
183.040937	6.280859E-8	1
183.147025	6.281736E-8	1
183.255585	6.281485E-8	1
183.365922	6.281311E-8	1
183.475145	6.279628E-8	1
183.582426	6.281272E-8	1
183.689648	6.280814E-8	1
183.799453	6.280962E-8	1
183.906974	6.280653E-8	1
184.016346	6.281265E-8	1
184.126899	6.28006E-8	1
184.235277	6.281936E-8	1
184.343309	6.28064E-8	1
184.450819	6.280962E-8	1
184.560784	6.280737E-8	1
184.668707	6.28024E-8	1
184.77805	6.281891E-8	1
184.888741	6.280821E-8	1
184.999283	6.280775E-8	1
185.106863	6.282E-8	1
185.21589	6.280434E-8	1
185.325265	6.280363E-8	1
185.432541	6.281343E-8	1
185.542576	6.280595E-8	1
185.651685	6.28075E-8	1
185.759908	6.281175E-8	1
185.868521	6.281078E-8	1
185.974476	6.280202E-8	1
186.082273	6.280685E-8	1
186.193504	6.280505E-8	1
186.302763	6.279635E-8	1
186.412288	6.280305E-8	1
186.519516	6.280653E-8	1
186.632731	6.280917E-8	1
186.740777	6.280253E-8	1
186.851212	6.280273E-8	1
186.963215	6.280131E-8	1
187.072167	6.280666E-8	1
187.179941	6.280879E-8	1
187.286731	6.280892E-8	1
187.39642	6.280208E-8	1
187.505494	6.280898E-8	1
187.613711	6.221214E-8	1
187.723968	6.275593E-8	1
187.835415	6.28376E-8	1
187.943661	6.284037E-8	1
188.052694	6.283115E-8	1
188.159606	6.284405E-8	1
188.268301	6.284353E-8	1
188.379331	6.282729E-8	1
188.488482	6.283586E-8	1
188.59616	6.28385E-8	1
188.706729	6.283612E-8	1
188.817938	6.283541E-8	1
188.925238	6.284708E-8	1
189.033072	6.283412E-8	1
189.145355	6.283328E-8	1
189.25459	6.283928E-8	1
189.361822	6.283863E-8	1
189.470055	6.282729E-8	1
189.580229	6.284508E-8	1
189.687726	6.283863E-8	1
189.809207	6.282658E-8	1
189.914875	6.284057E-8	1
190.022117	6.282922E-8	1
190.131846	6.283657E-8	1
190.238075	6.283451E-8	1
190.346182	6.282774E-8	1
190.456588	6.283405E-8	1
190.5668	6.283412E-8	1
190.674182	6.283786E-8	1
190.783719	6.283818E-8	1
190.892942	6.284024E-8	1
191.000362	6.283882E-8	1
191.108877	6.283122E-8	1
191.216701	6.28394E-8	1
191.325547	6.283876E-8	1
191.433243	6.282574E-8	1
191.540663	6.282883E-8	1
191.64896	6.283109E-8	1
191.759085	6.284218E-8	1
191.866091	6.28269E-8	1
191.974402	6.283128E-8	1
192.082104	6.283315E-8	1
192.192124	6.283547E-8	1
192.302354	6.283567E-8	1
192.410297	6.284173E-8	1
192.519904	6.282986E-8	1
192.627807	6.283186E-8	1
192.736757	6.283335E-8	1
192.845571	6.283186E-8	1
192.954562	6.283979E-8	1
193.062545	6.28307E-8	1
193.17053	6.283057E-8	1
193.279464	6.28376E-8	1
193.387865	6.283915E-8	1
193.496846	6.284179E-8	1
193.604343	6.282413E-8	1
193.714143	6.284069E-8	1
193.825488	6.284121E-8	1
193.934441	6.282948E-8	1
194.041832	6.283728E-8	1
194.150655	6.284347E-8	1
194.261376	6.283231E-8	1
194.371473	6.282361E-8	1
194.479847	6.283496E-8	1
194.589069	6.283638E-8	1
194.69632	6.282593E-8	1
194.804296	6.283296E-8	1
194.911564	6.283663E-8	1
195.019268	6.283638E-8	1
195.126708	6.283947E-8	1
195.23561	6.283418E-8	1
195.343315	6.283206E-8	1
195.453318	6.283502E-8	1
195.563297	6.283206E-8	1
195.67048	6.283599E-8	1
195.780264	6.283322E-8	1
195.88828	6.282774E-8	1
195.996836	6.283341E-8	1
196.104473	6.282742E-8	1
196.212701	6.283077E-8	1
196.319727	6.283322E-8	1
196.429626	6.283051E-8	1
196.537597	6.282535E-8	1
196.645864	6.28367E-8	1
196.75384	6.282993E-8	1
196.862068	6.283721E-8	1
196.969568	6.283631E-8	1
197.079991	6.282284E-8	1
197.188367	6.283289E-8	1
197.297185	6.28229E-8	1
197.404606	6.283824E-8	1
197.512365	6.283289E-8	1
197.619937	6.283779E-8	1
197.73004	6.283882E-8	1
197.838724	6.282174E-8	1
197.947739	6.283167E-8	1
198.055766	6.283135E-8	1
198.164457	6.283148E-8	1
198.273528	6.283721E-8	1
198.38197	6.283463E-8	1
198.491276	6.281942E-8	1
198.600734	6.282265E-8	1
198.709768	6.282619E-8	1
198.81704	6.282252E-8	1
198.923487	6.282774E-8	1
199.032892	6.282516E-8	1
199.143031	6.283096E-8	1
199.254273	6.281652E-8	1
199.362937	6.282432E-8	1
199.472591	6.283908E-8	1
199.581179	6.282948E-8	1
199.691408	6.280962E-8	1
199.800089	6.281311E-8	1
199.90912	6.283418E-8	1
200.018021	6.283199E-8	1
200.128261	6.283115E-8	1
200.238542	6.281439E-8	1
200.348206	6.282194E-8	1
200.45833	6.282148E-8	1
200.565598	6.282052E-8	1
200.671548	6.28347E-8	1
200.779797	6.283831E-8	1
200.890552	6.282561E-8	1
200.999781	6.281936E-8	1
201.107039	6.281491E-8	1
201.2178	6.282058E-8	1
201.327601	6.216032E-8	1
201.433635	6.287918E-8	1
201.544206	6.288427E-8	1
201.653479	6.288201E-8	1
201.761372	6.287705E-8	1
201.869977	6.28804E-8	1
201.977305	6.286648E-8	1
202.086414	6.288001E-8	1
202.195078	6.286815E-8	1
202.302903	6.286796E-8	1
202.410837	6.288807E-8	1
202.519062	6.288176E-8	1
202.631297	6.286738E-8	1
202.737999	6.286577E-8	1
202.848134	6.286925E-8	1
202.957367	6.288382E-8	1
203.066289	6.288472E-8	1
203.177527	6.287731E-8	1
203.28623	6.286854E-8	1
203.39346	6.286712E-8	1
203.505692	6.287795E-8	1
203.618101	6.288195E-8	1
203.726074	6.288388E-8	1
203.835381	6.287821E-8	1
203.947765	6.287699E-8	1
204.055943	6.287808E-8	1
204.16477	6.287441E-8	1
204.276989	6.287163E-8	1
204.385279	6.28726E-8	1
204.49352	6.287241E-8	1
204.602753	6.287105E-8	1
204.712991	6.288163E-8	1
204.821012	6.289832E-8	1
204.92938	6.287737E-8	1
205.040635	6.287673E-8	1
205.148969	6.287795E-8	1
205.25634	6.288195E-8	1
205.365556	6.286906E-8	1
205.472305	6.288027E-8	1
205.582198	6.287112E-8	1
205.691469	6.286409E-8	1
205.798958	6.289084E-8	1
205.909479	6.290006E-8	1
206.018566	6.287885E-8	1
206.126595	6.286403E-8	1
206.234413	6.287718E-8	1
206.342702	6.289162E-8	1
206.451724	6.287731E-8	1
206.56313	6.287956E-8	1
206.67004	6.289072E-8	1
206.778903	6.287267E-8	1
206.885687	6.28813E-8	1
206.993128	6.287673E-8	1
207.101923	6.286757E-8	1
207.210903	6.287602E-8	1
207.318397	6.287898E-8	1
207.427114	6.287479E-8	1
207.535337	6.288272E-8	1
207.645617	6.288227E-8	1
207.754578	6.287118E-8	1
207.861859	6.287215E-8	1
207.969417	6.287821E-8	1
208.079403	6.287769E-8	1
208.185679	6.287202E-8	1
208.294081	6.287647E-8	1
208.402008	6.288214E-8	1
208.512361	6.28737E-8	1
208.6219	6.288034E-8	1
208.730758	6.288117E-8	1
208.840423	6.287563E-8	1
208.949647	6.28775E-8	1
209.059858	6.288047E-8	1
209.166535	6.287905E-8	1
209.274653	6.288053E-8	1
209.384335	6.287447E-8	1
209.496175	6.287821E-8	1
209.606067	6.287473E-8	1
209.71629	6.288311E-8	1
209.82552	6.287989E-8	1
209.93576	6.288427E-8	1
210.04333	6.287847E-8	1
210.151683	6.288124E-8	1
210.259652	6.287815E-8	1
210.368105	6.287769E-8	1
210.476411	6.288176E-8	1
210.585614	6.28853E-8	1
210.697988	6.288549E-8	1
210.806644	6.288176E-8	1
210.914429	6.288298E-8	1
211.022744	6.288124E-8	1
211.131082	6.287995E-8	1
211.240904	6.287118E-8	1
211.34849	6.288575E-8	1
211.459008	6.288614E-8	1
211.568026	6.28813E-8	1
211.673923	6.287512E-8	1
211.782245	6.288846E-8	1
211.890379	6.287744E-8	1
211.997634	6.288176E-8	1
212.104777	6.288401E-8	1
212.212221	6.288994E-8	1
212.319085	6.287847E-8	1
212.426878	6.288723E-8	1
212.537129	6.288008E-8	1
212.646863	6.288324E-8	1
212.75334	6.288633E-8	1
212.86184	6.287595E-8	1
212.969168	6.288324E-8	1
213.078536	6.288027E-8	1
213.18639	6.288414E-8	1
213.293642	6.287686E-8	1
213.402264	6.287711E-8	1
213.512094	6.288292E-8	1
213.621067	6.287679E-8	1
213.729464	6.287827E-8	1
213.838034	6.287711E-8	1
213.946527	6.287795E-8	1
214.054005	6.287789E-8	1
214.161738	6.28835E-8	1
214.273482	6.287531E-8	1
214.383486	6.28784E-8	1
214.491279	6.288059E-8	1
214.599764	6.288975E-8	1
214.70815	6.287892E-8	1
214.816385	6.288388E-8	1
214.925813	6.23615E-8	1
215.036543	6.278294E-8	1
215.143603	6.292017E-8	1
215.252996	6.291147E-8	1
215.359586	6.292282E-8	1
215.466954	6.291379E-8	1
215.577542	6.292295E-8	1
215.688174	6.292333E-8	1
215.797004	6.291734E-8	1
215.904818	6.292282E-8	1
216.014837	6.291972E-8	1
216.123142	6.292262E-8	1
216.230889	6.290715E-8	1
216.362745	6.291038E-8	1
216.470945	6.29183E-8	1
216.578257	6.291347E-8	1
216.68693	6.292391E-8	1
216.800911	6.292404E-8	1
216.909907	6.291463E-8	1
217.016039	6.291753E-8	1
217.124305	6.292056E-8	1
217.232125	6.291876E-8	1
217.342106	6.292017E-8	1
217.452321	6.290799E-8	1
217.562931	6.292108E-8	1
217.673085	6.291482E-8	1
217.781278	6.291772E-8	1
217.889515	6.291908E-8	1
217.998487	6.291334E-8	1
218.108859	6.292655E-8	1
218.217036	6.291934E-8	1
218.324844	6.292178E-8	1
218.432059	6.291076E-8	1
218.542516	6.292597E-8	1
218.653	6.292069E-8	1
218.76226	6.291908E-8	1
218.873993	6.292726E-8	1
218.983219	6.291482E-8	1
219.092453	6.29283E-8	1
219.200687	6.292539E-8	1
219.308934	6.292095E-8	1
219.418199	6.291392E-8	1
219.52742	6.292327E-8	1
219.634654	6.293261E-8	1
219.744012	6.292282E-8	1
219.852369	6.292842E-8	1
219.966221	6.293461E-8	1
220.074954	6.293539E-8	1
220.182909	6.291863E-8	1
220.290021	6.292494E-8	1
220.397883	6.29214E-8	1
220.506975	6.292958E-8	1
220.615209	6.29252E-8	1
220.724453	6.292862E-8	1
220.831674	6.293377E-8	1
220.939173	6.293062E-8	1
221.047728	6.292662E-8	1
221.156637	6.292881E-8	1
221.265253	6.292559E-8	1
221.373175	6.292024E-8	1
221.481709	6.292681E-8	1
221.591867	6.293629E-8	1
221.700414	6.293558E-8	1
221.810035	6.292636E-8	1
221.918637	6.292643E-8	1
222.028892	6.293081E-8	1
222.137146	6.292778E-8	1
222.245365	6.292888E-8	1
222.353598	6.293609E-8	1
222.461828	6.292862E-8	1
222.570088	6.294261E-8	1
222.678953	6.293158E-8	1
222.787896	6.293062E-8	1
222.897123	6.291863E-8	1
223.003692	6.293319E-8	1
223.11104	6.292965E-8	1
223.22837	6.293191E-8	1
223.336738	6.292372E-8	1
223.445128	6.293107E-8	1
223.554539	6.293184E-8	1
223.664076	6.292353E-8	1
223.771348	6.29243E-8	1
223.87961	6.293358E-8	1
224.003977	6.292907E-8	1
224.110157	6.293281E-8	1
224.219473	6.293171E-8	1
224.327431	6.293004E-8	1
224.434154	6.292314E-8	1
224.54416	6.292926E-8	1
224.652818	6.293132E-8	1
224.762659	6.291205E-8	1
224.87385	6.29312E-8	1
224.983993	6.293803E-8	1
225.091252	6.293081E-8	1
225.199568	6.292346E-8	1
225.307703	6.294041E-8	1
225.416201	6.292514E-8	1
225.524923	6.292617E-8	1
225.633731	6.294009E-8	1
225.743459	6.292436E-8	1
225.853978	6.292552E-8	1
225.963356	6.293539E-8	1
226.072445	6.293113E-8	1
226.181162	6.292017E-8	1
226.289342	6.293223E-8	1
226.397032	6.293919E-8	1
226.506337	6.293081E-8	1
226.614648	6.2931E-8	1
226.724158	6.292668E-8	1
226.832189	6.293242E-8	1
226.942014	6.292153E-8	1
227.052206	6.293004E-8	1
227.159119	6.293365E-8	1
227.268358	6.292043E-8	1
227.376184	6.292739E-8	1
227.485956	6.293165E-8	1
227.595389	6.292501E-8	1
227.703075	6.292591E-8	1
227.811028	6.292249E-8	1
227.919322	6.293532E-8	1
228.028944	6.291766E-8	1
228.136318	6.293442E-8	1
228.250235	6.293526E-8	1
228.358765	6.291637E-8	1
228.467697	6.292778E-8	1
228.576776	6.292791E-8	1
228.686964	6.290928E-8	1
228.798677	6.292494E-8	1
228.908946	6.292307E-8	1
229.016406	6.293049E-8	1
229.123723	6.29312E-8	1
229.235277	6.294093E-8	1
229.343767	6.292797E-8	1
229.453022	6.292655E-8	1
229.561234	6.293771E-8	1
229.668814	6.29388E-8	1
229.782465	6.292868E-8	1
229.89209	6.293442E-8	1
229.999935	6.228324E-8	1
230.107341	6.297251E-8	1
230.217656	6.299591E-8	1
230.328003	6.300784E-8	1
230.434719	6.300552E-8	1
230.5433	6.300255E-8	1
230.654182	6.300803E-8	1
230.763136	6.300565E-8	1
230.871381	6.300906E-8	1
230.980176	6.300339E-8	1
231.087884	6.300262E-8	1
231.195363	6.300217E-8	1
231.307404	6.299385E-8	1
231.418776	6.300507E-8	1
231.526098	6.30021E-8	1
231.63833	6.299385E-8	1
231.748542	6.300745E-8	1
231.856432	6.299753E-8	1
231.965777	6.29945E-8	1
232.078115	6.300133E-8	1
232.186721	6.299024E-8	1
232.301128	6.300513E-8	1
232.414208	6.301055E-8	1
232.521327	6.299675E-8	1
232.629546	6.300739E-8	1
232.738132	6.300384E-8	1
232.846846	6.299456E-8	1
232.956032	6.299675E-8	1
233.064566	6.300416E-8	1
233.17366	6.300049E-8	1
233.283017	6.300378E-8	1
233.391292	6.300558E-8	1
233.500157	6.300449E-8	1
233.607753	6.300707E-8	1
233.764972	6.29974E-8	1
233.873195	6.300765E-8	1
233.981428	6.300616E-8	1
234.089867	6.300591E-8	1
234.199087	6.30099E-8	1
234.30718	6.29992E-8	1
234.416323	6.301061E-8	1
234.525555	6.300384E-8	1
234.632178	6.300623E-8	1
234.741175	6.300062E-8	1
234.849205	6.30101E-8	1
234.957803	6.300919E-8	1
235.066142	6.299508E-8	1
235.174858	6.299927E-8	1
235.282286	6.299727E-8	1
235.392071	6.299372E-8	1
235.501498	6.300049E-8	1
235.608461	6.300056E-8	1
235.715762	6.300687E-8	1
235.824522	6.300629E-8	1
235.931767	6.300939E-8	1
236.039993	6.300565E-8	1
236.148251	6.299817E-8	1
236.258671	6.300513E-8	1
236.367466	6.3003E-8	1
236.476071	6.300797E-8	1
236.585051	6.300333E-8	1
236.692548	6.301222E-8	1
236.800821	6.300017E-8	1
236.908782	6.299952E-8	1
237.017857	6.300249E-8	1
237.124905	6.299849E-8	1
237.234981	6.300249E-8	1
237.345295	6.300926E-8	1
237.45552	6.300474E-8	1
237.562234	6.299985E-8	1
237.669227	6.299701E-8	1
237.776032	6.300081E-8	1
237.883409	6.300223E-8	1
237.992873	6.30003E-8	1
238.102082	6.301061E-8	1
238.212192	6.300397E-8	1
238.320567	6.299881E-8	1
238.429775	6.300023E-8	1
238.536922	6.301448E-8	1
238.644744	6.299965E-8	1
238.756325	6.300159E-8	1
238.866123	6.300855E-8	1
238.974528	6.300172E-8	1
239.083883	6.300449E-8	1
239.192831	6.300468E-8	1
239.301327	6.301673E-8	1
239.410211	6.300184E-8	1
239.516532	6.300294E-8	1
239.626215	6.299823E-8	1
239.735121	6.300307E-8	1
239.845572	6.301267E-8	1
239.954495	6.300223E-8	1
240.063554	6.300887E-8	1
240.170691	6.30081E-8	1
240.27904	6.301345E-8	1
240.388317	6.300803E-8	1
240.496908	6.301416E-8	1
240.604481	6.300223E-8	1
240.712842	6.301055E-8	1
240.820146	6.299914E-8	1
240.927863	6.300184E-8	1
241.036261	6.301654E-8	1
241.143967	6.301164E-8	1
241.251626	6.300223E-8	1
241.360088	6.300835E-8	1
241.46869	6.302763E-8	1
241.579164	6.30188E-8	1
241.687923	6.300114E-8	1
241.794253	6.300184E-8	1
241.903329	6.301512E-8	1
242.013966	6.300474E-8	1
242.12163	6.30099E-8	1
242.229434	6.300926E-8	1
242.338725	6.301061E-8	1
242.450159	6.300919E-8	1
242.558392	6.301196E-8	1
242.666815	6.300507E-8	1
242.777759	6.300919E-8	1
242.885941	6.301274E-8	1
242.995595	6.301261E-8	1
243.10428	6.301802E-8	1
243.214797	6.30137E-8	1
243.324564	6.300745E-8	1
243.434094	6.303214E-8	1
243.542367	6.301312E-8	1
243.652389	6.300152E-8	1
243.758838	6.299611E-8	1
243.866901	6.300339E-8	1
243.974049	6.302196E-8	1
244.081803	6.302428E-8	1
244.189881	6.300571E-8	1
244.296748	6.300429E-8	1
244.405784	6.301048E-8	1
244.513746	6.300539E-8	1
244.626383	6.300784E-8	1
244.736598	6.300971E-8	1
244.845326	6.301532E-8	1
244.95541	6.300571E-8	1
245.063726	6.302273E-8	1
245.17219	6.302324E-8	1
245.283388	6.301448E-8	1
245.392664	6.301686E-8	1
245.501523	6.300236E-8	1
245.61044	6.301474E-8	1
245.718003	6.303401E-8	1
245.826233	6.301822E-8	1
245.935907	6.300223E-8	1
246.043605	6.300384E-8	1
246.153982	6.301461E-8	1
246.263422	6.302022E-8	1
246.370551	6.301738E-8	1
246.478359	6.301383E-8	1
246.586587	6.301474E-8	1
246.697831	6.301873E-8	1
246.805401	6.301287E-8	1
246.911716	6.302009E-8	1
247.020175	6.301538E-8	1
247.128531	6.300494E-8	1
247.237994	6.300629E-8	1
247.343822	6.302138E-8	1
247.452514	6.302963E-8	1
247.560324	6.302144E-8	1
247.668938	6.300655E-8	1
247.779156	6.300919E-8	1
247.887096	6.301171E-8	1
247.995153	6.301699E-8	1
248.102385	6.301493E-8	1
248.21097	6.302196E-8	1
248.320039	6.302383E-8	1
248.429607	6.300449E-8	1
248.53715	6.301976E-8	1
248.645759	6.302105E-8	1
248.754086	6.300397E-8	1
248.86236	6.302492E-8	1
248.970984	6.300881E-8	1
249.0783	6.301035E-8	1
249.187101	6.302247E-8	1
249.295682	6.301319E-8	1
249.403776	6.301158E-8	1
249.512548	6.302234E-8	1
249.621345	6.303253E-8	1
249.728308	6.301184E-8	1
249.837604	6.301151E-8	1
249.946543	6.302969E-8	1
250.055241	6.301886E-8	1
250.166399	6.300707E-8	1
250.275205	6.301906E-8	1
250.385476	6.302453E-8	1
250.494323	6.301609E-8	1
250.603813	6.301661E-8	1
250.711219	6.303104E-8	1
250.820887	6.301113E-8	1
250.928176	6.301841E-8	1
251.03572	6.302492E-8	1
251.144146	6.302034E-8	1
251.251216	6.301719E-8	1
251.358871	6.303279E-8	1
251.467005	6.301751E-8	1
251.577754	6.302221E-8	1
251.686168	6.303046E-8	1
251.794514	6.302125E-8	1
251.902297	6.254437E-8	1
252.011346	6.30741E-8	1
252.121367	6.308029E-8	1
252.229428	6.309331E-8	1
252.338722	6.308564E-8	1
252.447004	6.308912E-8	1
252.556096	6.3077E-8	1
252.665431	6.308564E-8	1
252.772836	6.308609E-8	1
252.880351	6.307855E-8	1
252.988445	6.309486E-8	1
253.096629	6.31033E-8	1
253.206261	6.30908E-8	1
253.312622	6.306792E-8	1
253.421848	6.307965E-8	1
253.530092	6.311394E-8	1
253.63863	6.308364E-8	1
253.746635	6.309441E-8	1
253.856213	6.30937E-8	1
253.968572	6.308235E-8	1
254.079245	6.307372E-8	1
254.188807	6.309899E-8	1
254.300069	6.308822E-8	1
254.410129	6.308513E-8	1
254.516977	6.308983E-8	1
254.627741	6.307939E-8	1
254.737031	6.3079E-8	1
254.84628	6.308861E-8	1
254.952921	6.308203E-8	1
255.060458	6.308771E-8	1
255.170016	6.308912E-8	1
255.283262	6.310337E-8	1
255.390259	6.308184E-8	1
255.49828	6.30868E-8	1
255.60656	6.308841E-8	1
255.715289	6.30839E-8	1
255.82336	6.307681E-8	1
255.933509	6.308822E-8	1
256.044609	6.308152E-8	1
256.155295	6.308094E-8	1
256.262851	6.308629E-8	1
256.373034	6.309015E-8	1
256.481266	6.307597E-8	1
256.588587	6.309699E-8	1
256.699715	6.309112E-8	1
256.80796	6.30917E-8	1
256.9139	6.309673E-8	1
257.021736	6.308468E-8	1
257.130322	6.308474E-8	1
257.237467	6.308584E-8	1
257.346289	6.309189E-8	1
257.45353	6.307462E-8	1
257.56011	6.309344E-8	1
257.667853	6.308996E-8	1
257.776086	6.307733E-8	1
257.882852	6.308487E-8	1
257.989972	6.308661E-8	1
258.116982	6.308925E-8	1
258.223752	6.30897E-8	1
258.332919	6.310421E-8	1
258.441518	6.309628E-8	1
258.550704	6.309357E-8	1
258.658668	6.310021E-8	1
258.765962	6.308893E-8	1
258.876443	6.307514E-8	1
258.986305	6.308809E-8	1
259.09404	6.308867E-8	1
259.201274	6.308016E-8	1
259.310502	6.310511E-8	1
259.419303	6.311304E-8	1
259.53074	6.3081E-8	1
259.640946	6.307771E-8	1
259.749237	6.309641E-8	1
259.859131	6.31004E-8	1
259.968357	6.309273E-8	1
260.075761	6.309125E-8	1
260.184947	6.307984E-8	1
260.294171	6.308055E-8	1
260.401677	6.308158E-8	1
260.510122	6.309409E-8	1
260.618925	6.307758E-8	1
260.727962	6.309331E-8	1
260.83622	6.310292E-8	1
260.950645	6.308468E-8	1
261.058874	6.307617E-8	1
261.166735	6.308036E-8	1
261.274357	6.308526E-8	1
261.385626	6.309376E-8	1
261.492035	6.309209E-8	1
261.601932	6.310466E-8	1
261.710586	6.310111E-8	1
261.819362	6.306224E-8	1
261.927514	6.308061E-8	1
262.036392	6.308829E-8	1
262.144614	6.30948E-8	1
262.253373	6.310679E-8	1
262.359933	6.309705E-8	1
262.468333	6.307327E-8	1
262.576642	6.308919E-8	1
262.686009	6.310446E-8	1
262.793911	6.308242E-8	1
262.901187	6.309783E-8	1
263.00901	6.308513E-8	1
263.115508	6.309318E-8	1
263.225223	6.309009E-8	1
263.332958	6.308397E-8	1
263.440628	6.310221E-8	1
263.550316	6.309041E-8	1
263.658917	6.309254E-8	1
263.766765	6.309119E-8	1
263.876552	6.309641E-8	1
263.985368	6.309248E-8	1
264.096716	6.309112E-8	1
264.205402	6.309499E-8	1
264.313633	6.308474E-8	1
264.422194	6.309086E-8	1
264.532117	6.308622E-8	1
264.638897	6.310492E-8	1
264.746666	6.308661E-8	1
264.855153	6.308835E-8	1
264.96603	6.309731E-8	1
265.075337	6.310227E-8	1
265.181893	6.309654E-8	1
265.29056	6.310092E-8	1
265.399005	6.309692E-8	1
265.506892	6.309737E-8	1
265.615421	6.308558E-8	1
265.723628	6.310221E-8	1
265.83212	6.30821E-8	1
265.939863	6.309112E-8	1
266.0514	6.308777E-8	1
266.161973	6.309286E-8	1
266.271252	6.309254E-8	1
266.383776	6.308648E-8	1
266.493999	6.308822E-8	1
266.601791	6.307655E-8	1
266.715245	6.309318E-8	1
266.823709	6.308345E-8	1
266.929903	6.309331E-8	1
267.038118	6.309086E-8	1
267.146191	6.309119E-8	1
267.255313	6.309666E-8	1
267.364327	6.307945E-8	1
267.470983	6.309699E-8	1
267.57779	6.309061E-8	1
267.693312	6.3085E-8	1
267.803703	6.308377E-8	1
267.918653	6.309596E-8	1
268.02907	6.308461E-8	1
268.137338	6.308255E-8	1
268.249889	6.308848E-8	1
268.356739	6.308403E-8	1
268.46507	6.307926E-8	1
268.576286	6.309306E-8	1
268.684529	6.310408E-8	1
268.79271	6.309177E-8	1
268.900861	6.309254E-8	1
269.009829	6.309937E-8	1
269.121267	6.308642E-8	1
269.229339	6.30955E-8	1
269.340395	6.309492E-8	1
269.448658	6.309312E-8	1
269.557781	6.309654E-8	1
269.668461	6.309499E-8	1
269.777409	6.308513E-8	1
269.885408	6.309802E-8	1
269.999579	6.309931E-8	1
270.107183	6.309886E-8	1
270.216044	6.308932E-8	1
270.324927	6.309422E-8	1
270.434134	6.309344E-8	1
270.541623	6.310144E-8	1
270.648754	6.309931E-8	1
270.757297	6.309525E-8	1
270.865519	6.309157E-8	1
270.97494	6.309254E-8	1
271.082574	6.309454E-8	1
271.192821	6.310079E-8	1
271.300169	6.309995E-8	1
271.407654	6.310562E-8	1
271.516181	6.310388E-8	1
271.622155	6.310724E-8	1
271.729423	6.310414E-8	1
271.836352	6.310646E-8	1
271.94407	6.311085E-8	1
272.056695	6.310562E-8	1
272.16705	6.310769E-8	1
272.273361	6.309905E-8	1
272.380462	6.311639E-8	1
272.487827	6.309944E-8	1
272.597429	6.309931E-8	1
272.706842	6.310646E-8	1
272.814356	6.310073E-8	1
272.922996	6.310498E-8	1
273.035769	6.310343E-8	1
273.144636	6.310479E-8	1
273.255887	6.310608E-8	1
273.366396	6.309899E-8	1
273.474113	6.311342E-8	1
273.580688	6.31015E-8	1
273.689065	6.248197E-8	1
273.798212	6.310066E-8	1
273.906646	6.318021E-8	1
274.014055	6.318394E-8	1
274.126023	6.318124E-8	1
274.236486	6.318027E-8	1
274.348801	6.318762E-8	1
274.457047	6.318278E-8	1
274.564428	6.317904E-8	1
274.675977	6.318278E-8	1
274.785758	6.318594E-8	1
274.89422	6.318478E-8	1
275.002422	6.318433E-8	1
275.11001	6.318942E-8	1
275.219284	6.317711E-8	1
275.328537	6.317595E-8	1
275.436864	6.318568E-8	1
275.545491	6.318098E-8	1
275.653129	6.317801E-8	1
275.765047	6.318459E-8	1
275.873833	6.318298E-8	1
275.981883	6.317969E-8	1
276.091879	6.319522E-8	1
276.199555	6.31775E-8	1
276.30888	6.317595E-8	1
276.418777	6.318891E-8	1
276.526569	6.318543E-8	1
276.634963	6.317376E-8	1
276.745397	6.317853E-8	1
276.853821	6.318053E-8	1
276.963119	6.317705E-8	1
277.076122	6.316113E-8	1
277.184619	6.318362E-8	1
277.2952	6.318304E-8	1
277.403428	6.31726E-8	1
277.512102	6.318311E-8	1
277.621728	6.316428E-8	1
277.729811	6.316557E-8	1
277.839717	6.318291E-8	1
277.948507	6.31871E-8	1
278.054991	6.317505E-8	1
278.164256	6.316873E-8	1
278.274271	6.316738E-8	1
278.384322	6.318149E-8	1
278.491694	6.319361E-8	1
278.599766	6.317885E-8	1
278.709183	6.316538E-8	1
278.817867	6.316067E-8	1
278.927865	6.317395E-8	1
279.034276	6.317718E-8	1
279.144015	6.317602E-8	1
279.253819	6.318104E-8	1
279.362888	6.31793E-8	1
279.472296	6.317982E-8	1
279.581519	6.317756E-8	1
279.6892	6.31735E-8	1
279.799587	6.317092E-8	1
279.910146	6.31833E-8	1
280.017959	6.317311E-8	1
280.13002	6.317692E-8	1
280.240288	6.317054E-8	1
280.34818	6.316448E-8	1
280.456539	6.318594E-8	1
280.566265	6.318859E-8	1
280.675488	6.318343E-8	1
280.78479	6.316364E-8	1
280.894486	6.317092E-8	1
281.002367	6.319174E-8	1
281.112138	6.31764E-8	1
281.220915	6.319013E-8	1
281.331018	6.317486E-8	1
281.438406	6.318066E-8	1
281.546618	6.318375E-8	1
281.656899	6.317814E-8	1
281.765124	6.317924E-8	1
281.872364	6.318156E-8	1
281.980611	6.316312E-8	1
282.087893	6.318265E-8	1
282.195122	6.317737E-8	1
282.30338	6.317924E-8	1
282.410605	6.318407E-8	1
282.518842	6.318446E-8	1
282.636134	6.318401E-8	1
282.745927	6.318568E-8	1
282.854069	6.318433E-8	1
282.963193	6.318323E-8	1
283.071989	6.319084E-8	1
283.180664	6.319155E-8	1
283.287832	6.318394E-8	1
283.405633	6.318568E-8	1
283.51558	6.317975E-8	1
283.624358	6.318556E-8	1
283.734523	6.319033E-8	1
283.844795	6.317505E-8	1
283.952069	6.31715E-8	1
284.060522	6.3188E-8	1
284.167582	6.31795E-8	1
284.276521	6.317112E-8	1
284.385124	6.318278E-8	1
284.492038	6.318201E-8	1
284.602109	6.317827E-8	1
284.737549	6.318465E-8	1
284.84517	6.31746E-8	1
284.952964	6.319265E-8	1
285.061708	6.318388E-8	1
285.169975	6.317724E-8	1
285.279765	6.317563E-8	1
285.389619	6.318059E-8	1
285.498945	6.317376E-8	1
285.605966	6.317782E-8	1
285.712664	6.318201E-8	1
285.820139	6.317904E-8	1
285.927754	6.317769E-8	1
286.036457	6.318156E-8	1
286.145571	6.317724E-8	1
286.252604	6.317427E-8	1
286.361327	6.3194E-8	1
286.468852	6.317995E-8	1
286.577865	6.318098E-8	1
286.686093	6.318388E-8	1
286.798308	6.318369E-8	1
286.906127	6.318394E-8	1
287.0144	6.318723E-8	1
287.125717	6.318381E-8	1
287.234931	6.31793E-8	1
287.343832	6.318639E-8	1
287.451071	6.318788E-8	1
287.560869	6.317473E-8	1
287.670137	6.317859E-8	1
287.778878	6.318369E-8	1
287.886892	6.318394E-8	1
287.998661	6.31764E-8	1
288.105795	6.317859E-8	1
288.213998	6.318311E-8	1
288.320233	6.318259E-8	1
288.428648	6.317859E-8	1
288.537832	6.317963E-8	1
288.645838	6.318523E-8	1
288.756083	6.318878E-8	1
288.864342	6.317486E-8	1
288.971619	6.317221E-8	1
289.079142	6.318478E-8	1
289.190464	6.31822E-8	1
289.301343	6.318008E-8	1
289.409544	6.318433E-8	1
289.519777	6.318588E-8	1
289.63236	6.318465E-8	1
289.738637	6.317763E-8	1
289.847887	6.318388E-8	1
289.956712	6.318588E-8	1
290.066692	6.318465E-8	1
290.173419	6.317963E-8	1
290.282828	6.318452E-8	1
290.39406	6.318659E-8	1
290.503261	6.319593E-8	1
290.60998	6.319033E-8	1
290.719694	6.318723E-8	1
290.830429	6.31844E-8	1
290.939922	6.31851E-8	1
291.051963	6.317892E-8	1
291.161751	6.318717E-8	1
291.271339	6.318678E-8	1
291.383403	6.319207E-8	1
291.49396	6.319181E-8	1
291.601663	6.318369E-8	1
291.711901	6.319252E-8	1
291.820539	6.318639E-8	1
291.928374	6.318427E-8	1
292.036267	6.319439E-8	1
292.145836	6.318523E-8	1
292.255626	6.319194E-8	1
292.364495	6.319832E-8	1
292.475616	6.318317E-8	1
292.584056	6.319007E-8	1
292.69252	6.3194E-8	1
292.799968	6.318762E-8	1
292.909988	6.320167E-8	1
293.019774	6.319767E-8	1
293.127102	6.318272E-8	1
293.236691	6.318169E-8	1
293.344917	6.319664E-8	1
293.45532	6.32018E-8	1
293.56325	6.319561E-8	1
293.670155	6.318079E-8	1
293.779297	6.319535E-8	1
293.887996	6.319065E-8	1
293.993912	6.319026E-8	1
294.103003	6.318736E-8	1
294.21384	6.319742E-8	1
294.321392	6.317911E-8	1
294.431501	6.318665E-8	1
294.538444	6.319303E-8	1
294.647083	6.319097E-8	1
294.754521	6.319548E-8	1
294.862263	6.319922E-8	1
294.972185	6.319368E-8	1
295.084029	6.319516E-8	1
295.191661	6.318607E-8	1
295.298892	6.320154E-8	1
295.406578	6.317834E-8	1
295.515419	6.319754E-8	1
295.626048	6.318407E-8	1
295.732446	6.319336E-8	1
295.840448	6.31998E-8	1
295.947546	6.318691E-8	1
296.057774	6.319909E-8	1
296.166437	6.31929E-8	1
296.272954	6.320232E-8	1
296.38404	6.320264E-8	1
296.495011	6.320277E-8	1
296.60289	6.319007E-8	1
296.712209	6.318375E-8	1
296.821289	6.318833E-8	1
296.927439	6.31862E-8	1
297.03469	6.318452E-8	1
297.142975	6.320747E-8	1
297.252388	6.319645E-8	1
297.359888	6.318427E-8	1
297.469022	6.320386E-8	1
297.579428	6.319606E-8	1
297.689154	6.319E-8	1
297.795759	6.318749E-8	1
297.90454	6.31949E-8	1
298.01389	6.319116E-8	1
298.122697	6.319007E-8	1
298.231615	6.318775E-8	1
298.339738	6.250557E-8	1
298.44749	6.321353E-8	1
298.555342	6.322069E-8	1
298.665407	6.321946E-8	1
298.772489	6.322346E-8	1
298.882105	6.32348E-8	1
298.988864	6.323545E-8	1
299.097574	6.322384E-8	1
299.205807	6.322533E-8	1
299.312931	6.322326E-8	1
299.422786	6.32261E-8	1
299.531148	6.321688E-8	1
299.638988	6.322088E-8	1
299.749207	6.322687E-8	1
299.858827	6.322919E-8	1
299.96676	6.322771E-8	1
300.074234	2.364111E-8	1
300.181973	1.559929E-10	0
300.288658	1.565086E-10	0
300.399538	1.629546E-10	0
300.50893	1.557996E-10	0
300.616461	1.542525E-10	0
300.724517	1.564442E-10	0
300.833919	1.534145E-10	0
300.941853	1.562508E-10	0
301.053006	1.541881E-10	0
301.16123	1.576689E-10	0
301.269569	1.567665E-10	0
301.376484	1.577334E-10	0
301.484738	1.591515E-10	0
301.59147	1.588292E-10	0
301.703883	1.568954E-10	0
301.810609	1.562508E-10	0
301.918765	1.570243E-10	0
302.028841	1.579912E-10	0
302.137542	1.580557E-10	0
302.245434	1.527055E-10	0
302.353086	1.557351E-10	0
302.464235	1.560574E-10	0
302.570321	1.560574E-10	0
302.678186	1.568309E-10	0
302.791444	1.556706E-10	0
302.897983	1.576045E-10	0
303.0058	1.581201E-10	0
303.114224	1.585069E-10	0
303.224603	1.55026E-10	0
303.33277	1.556062E-10	0
303.442211	1.530922E-10	0
303.550465	1.563152E-10	0
303.657292	1.571532E-10	0
303.765475	1.570243E-10	0
303.87451	1.569598E-10	0
303.982306	1.565731E-10	0
304.090892	1.577978E-10	0
304.201456	1.5754E-10	0
304.310685	1.545104E-10	0
304.419415	1.577978E-10	0
304.526882	1.576045E-10	0
304.637366	1.556706E-10	0
304.74683	1.581201E-10	0
304.858321	1.58378E-10	0
304.967213	1.584424E-10	0
305.075861	1.564442E-10	0
305.185855	1.577334E-10	0
305.295713	1.604407E-10	0
305.4058	1.573466E-10	0
305.514599	1.54317E-10	0
305.623846	1.556706E-10	0
305.73283	1.568309E-10	0
305.841777	1.570888E-10	0
305.979666	1.537368E-10	0
306.087926	1.59925E-10	0
306.196339	1.606341E-10	0
306.303435	1.568954E-10	0
306.409837	1.583135E-10	0
306.518193	1.594093E-10	0
306.627633	1.574755E-10	0
306.735841	1.585069E-10	0
306.845242	1.565086E-10	0
306.953686	1.568309E-10	0
307.062991	1.545104E-10	0
307.172821	1.588292E-10	0
307.281965	1.579268E-10	0
307.391533	1.591515E-10	0
307.501427	1.571532E-10	0
307.610189	1.576689E-10	0
307.718678	1.548327E-10	0
307.826953	1.577334E-10	0
307.93718	1.556062E-10	0
308.044431	1.561219E-10	0
308.152002	1.603118E-10	0
308.260971	1.562508E-10	0
308.370546	1.584424E-10	0
308.477033	1.54317E-10	0
308.586712	1.592804E-10	0
308.697633	1.554128E-10	0
308.806779	1.56702E-10	0
308.914821	1.577334E-10	0
309.023544	1.597961E-10	0
309.131729	1.586358E-10	0
309.240991	1.572822E-10	0
309.350742	1.583135E-10	0
309.457443	1.580557E-10	0
309.567561	1.560574E-10	0
309.675474	1.579912E-10	0
309.782431	1.557351E-10	0
309.89152	1.556062E-10	0
309.999101	1.54317E-10	0
310.10654	1.525121E-10	0
310.215898	1.592804E-10	0
310.324261	1.589581E-10	0
310.431773	1.594738E-10	0
310.541978	1.546393E-10	0
310.651141	1.561219E-10	0
310.760513	1.599895E-10	0
310.869712	1.580557E-10	0
310.979497	1.546393E-10	0
311.085753	1.567665E-10	0
311.193979	1.572822E-10	0
311.308197	1.569598E-10	0
311.416454	1.572177E-10	0
311.526901	1.571532E-10	0
311.637441	1.612142E-10	0
311.7443	1.556706E-10	0
311.853373	1.56702E-10	0
311.960219	1.559929E-10	0
312.068429	1.59087E-10	0
312.175697	1.58378E-10	0
312.28781	1.533501E-10	0
312.396093	1.55026E-10	0
312.505583	1.564442E-10	0
312.616398	1.55026E-10	0
312.72369	1.590226E-10	0
312.831714	1.545748E-10	0
312.939695	1.547037E-10	0
313.04792	1.597316E-10	0
313.156895	1.55155E-10	0
313.265397	1.593449E-10	0
313.372768	1.556706E-10	0
313.479898	1.547037E-10	0
313.587663	1.554773E-10	0
313.694538	1.596672E-10	0
313.802158	1.586358E-10	0
313.912035	1.554128E-10	0
314.021282	1.580557E-10	0
314.129504	1.539947E-10	0
314.237051	1.565731E-10	0
314.348963	1.545748E-10	0
314.457255	1.565086E-10	0
314.568509	1.561219E-10	0
314.677454	1.536724E-10	0
314.785311	1.55864E-10	0
314.893533	1.563152E-10	0
315.005129	1.594093E-10	0
315.114533	1.574755E-10	0
315.22526	1.601829E-10	0
315.33539	1.574111E-10	0
315.443329	1.591515E-10	0
315.552256	1.579268E-10	0
315.661546	1.565731E-10	0
315.768077	1.548971E-10	0
315.877337	1.540591E-10	0
315.984897	1.559285E-10	0
316.092881	1.567665E-10	0
316.203172	1.556706E-10	0
316.312867	1.567665E-10	0
316.420291	1.585069E-10	0
316.527008	1.55155E-10	0
316.635596	1.559929E-10	0
316.745819	1.553483E-10	0
316.854152	1.567665E-10	0
316.966119	1.566375E-10	0
317.076801	1.560574E-10	0
317.184519	1.564442E-10	0
317.293079	1.561863E-10	0
317.401888	1.548971E-10	0
317.50979	1.578623E-10	0
317.617071	1.539947E-10	0
317.725379	1.534145E-10	0
317.833781	1.597961E-10	0
317.942097	1.566375E-10	0
318.049964	1.570243E-10	0
318.158251	1.546393E-10	0
318.267805	1.563797E-10	0
318.375978	1.568309E-10	0
318.485133	1.548327E-10	0
318.59536	1.55026E-10	0
318.704435	1.548971E-10	0
318.811668	1.561219E-10	0
318.918898	1.559285E-10	0
319.026947	1.552839E-10	0
319.137991	1.519964E-10	0
319.246995	1.499337E-10	0
319.357001	1.530922E-10	0
319.466696	1.561863E-10	0
319.573917	1.55026E-10	0
319.684966	1.565086E-10	0
319.794505	1.524476E-10	0
319.902372	1.537368E-10	0
320.01213	1.596672E-10	0
320.120807	1.601184E-10	0
320.228873	1.559285E-10	0
320.338968	1.560574E-10	0
320.446486	1.588292E-10	0
320.554052	1.536079E-10	0
320.659891	1.560574E-10	0
320.77005	1.538013E-10	0
320.878922	1.571532E-10	0
320.990774	1.556706E-10	0
321.10021	1.553483E-10	0
321.209341	1.574111E-10	0
321.318903	1.527055E-10	0
321.42752	1.581846E-10	0
321.535813	1.581846E-10	0
321.646255	1.54317E-10	0
321.753097	1.563797E-10	0
321.861356	1.542525E-10	0
321.969756	1.594738E-10	0
322.078933	1.521253E-10	0
322.187589	1.568954E-10	0
322.299731	1.579912E-10	0
322.408638	1.554128E-10	0
322.516246	1.568309E-10	0
322.625651	1.548327E-10	0
322.734741	1.55864E-10	0
322.844375	1.584424E-10	0
322.9529	1.554128E-10	0
323.061686	1.563152E-10	0
323.169657	1.546393E-10	0
323.277255	1.538013E-10	0
323.384411	1.552839E-10	0
323.496599	1.553483E-10	0
323.605388	1.556062E-10	0
323.713033	1.570888E-10	0
323.820059	1.564442E-10	0
323.930314	1.565086E-10	0
324.041006	1.574111E-10	0
324.148568	1.591515E-10	0
324.258585	1.570243E-10	0
324.369337	1.569598E-10	0
324.478266	1.539302E-10	0
324.586522	1.55155E-10	0
324.697855	1.561863E-10	0
324.806394	1.527055E-10	0
324.914547	1.548971E-10	0
325.023677	1.572177E-10	0
325.131931	1.530278E-10	0
325.24116	1.552194E-10	0
325.349409	1.578623E-10	0
325.456055	1.554773E-10	0
325.565468	1.533501E-10	0
325.674618	1.530922E-10	0
325.781876	1.547682E-10	0
325.890147	1.567665E-10	0
326.000246	1.569598E-10	0
326.109406	1.552839E-10	0
326.217807	1.561219E-10	0
326.326022	1.568309E-10	0
326.435723	1.565731E-10	0
326.543818	1.556706E-10	0
326.652602	1.554128E-10	0
326.765831	1.536724E-10	0
326.87339	1.563797E-10	0
326.981243	1.563797E-10	0
327.089821	1.605052E-10	0
327.197231	1.562508E-10	0
327.304477	1.578623E-10	0
327.412072	1.579912E-10	0
327.524215	1.5754E-10	0
327.633739	1.559285E-10	0
327.742271	1.568954E-10	0
327.851028	1.542525E-10	0
327.961462	1.573466E-10	0
328.069314	1.547682E-10	0
328.178308	1.569598E-10	0
328.286761	1.584424E-10	0
328.395346	1.578623E-10	0
328.506113	1.585069E-10	0
328.614292	1.568309E-10	0
328.725304	1.584424E-10	0
328.835318	1.564442E-10	0
328.944104	1.543814E-10	0
329.0542	1.563797E-10	0
329.163088	1.560574E-10	0
329.271015	1.584424E-10	0
329.383968	1.571532E-10	0
329.493769	1.579268E-10	0
329.601572	1.553483E-10	0
329.711832	1.59216E-10	0
329.821341	1.583135E-10	0
329.93285	1.556706E-10	0
330.043778	1.56702E-10	0
330.153785	1.552194E-10	0
330.261402	1.560574E-10	0
330.370867	1.547037E-10	0
330.479244	1.576045E-10	0
330.58672	1.561219E-10	0
330.696515	1.572822E-10	0
330.803691	1.51932E-10	0
330.910551	1.54317E-10	0
331.020385	1.523832E-10	0
331.129403	1.573466E-10	0
331.237051	1.543814E-10	0
331.346205	1.548327E-10	0
331.454057	1.583135E-10	0
331.562761	1.574111E-10	0
331.669945	1.525766E-10	0
331.780354	1.547682E-10	0
331.888575	1.560574E-10	0
331.996809	1.559929E-10	0
332.105709	1.56702E-10	0
332.222161	1.547037E-10	0
332.333164	1.570243E-10	0
332.440138	1.5754E-10	0
332.548498	1.536724E-10	0
332.655803	1.569598E-10	0
332.768438	1.562508E-10	0
332.876289	1.547037E-10	0
332.986143	1.579268E-10	0
333.095522	1.576689E-10	0
333.202577	1.588292E-10	0
333.310315	1.55864E-10	0
333.421614	1.586358E-10	0
333.529653	1.582491E-10	0
333.637977	1.538013E-10	0
333.747594	1.581201E-10	0
333.857887	1.538013E-10	0
333.966957	1.552839E-10	0
334.074187	1.546393E-10	0
334.182676	1.547037E-10	0
334.292237	1.554773E-10	0
334.400663	1.542525E-10	0
334.51068	1.561863E-10	0
334.61753	1.539302E-10	0
334.726762	1.567665E-10	0
334.834849	1.572177E-10	0
334.942225	1.555417E-10	0
335.051278	1.552839E-10	0
335.159577	1.561219E-10	0
335.267541	1.568309E-10	0
335.375906	1.565731E-10	0
335.487483	1.554128E-10	0
335.59514	1.561219E-10	0
335.704787	1.554773E-10	0
335.813608	1.548971E-10	0
335.923847	1.585069E-10	0
336.033398	1.588292E-10	0
336.142247	1.56702E-10	0
336.248518	1.563797E-10	0
336.360154	1.552839E-10	0
336.468542	1.562508E-10	0
336.575953	1.563152E-10	0
336.683566	1.531567E-10	0
336.792458	1.569598E-10	0
336.900681	1.56702E-10	0
337.008599	1.549616E-10	0
337.116487	1.577334E-10	0
337.228191	1.571532E-10	0
337.338386	1.532856E-10	0
337.447193	1.572822E-10	0
337.557416	1.55155E-10	0
337.665684	1.530922E-10	0
337.772918	1.530922E-10	0
337.880903	1.548327E-10	0
337.989368	1.566375E-10	0
338.099075	1.547037E-10	0
338.208222	1.550905E-10	0
338.315754	1.55155E-10	0
338.426991	1.515452E-10	0
338.537264	1.581201E-10	0
338.644405	1.547682E-10	0
338.752748	1.538658E-10	0
338.864301	1.553483E-10	0
338.973123	1.569598E-10	0
339.085264	1.552839E-10	0
339.195666	1.540591E-10	0
339.304244	1.548327E-10	0
339.414178	1.555417E-10	0
339.522097	1.546393E-10	0
339.629844	1.55026E-10	0
339.738224	1.568309E-10	0
339.84657	1.554128E-10	0
339.954401	1.560574E-10	0
340.062452	1.568954E-10	0
340.169731	1.561863E-10	0
340.276223	1.55155E-10	0
340.385	1.542525E-10	0
340.507967	1.532212E-10	0
340.616235	1.545104E-10	0
340.725304	1.546393E-10	0
340.83341	1.541881E-10	0
340.941845	1.552194E-10	0
341.049887	1.554773E-10	0
341.157056	1.543814E-10	0
341.266165	1.566375E-10	0
341.376235	1.557351E-10	0
341.485138	1.548971E-10	0
341.59338	1.561219E-10	0
341.702666	1.536079E-10	0
341.814048	1.565731E-10	0
341.922759	1.556062E-10	0
342.031031	1.600539E-10	0
342.139162	1.586358E-10	0
342.247559	1.565731E-10	0
342.355059	1.568954E-10	0
342.463404	1.60763E-10	0
342.573683	1.545104E-10	0
342.682108	1.553483E-10	0
342.789371	1.555417E-10	0
342.899334	1.579912E-10	0
343.012684	1.539302E-10	0
343.124799	1.5754E-10	0
343.234705	1.571532E-10	0
343.343981	1.569598E-10	0
343.453283	1.54317E-10	0
343.563584	1.525121E-10	0
343.672957	1.566375E-10	0
343.783904	1.529633E-10	0
343.893664	1.541236E-10	0
344.002344	1.553483E-10	0
344.110646	1.600539E-10	0
344.21886	1.593449E-10	0
344.327275	1.570243E-10	0
344.435502	1.562508E-10	0
344.543829	1.552194E-10	0
344.653893	1.567665E-10	0
344.761436	1.525121E-10	0
344.870109	1.563797E-10	0
344.98241	1.545748E-10	0
345.091805	1.541236E-10	0
345.20033	1.563152E-10	0
345.311694	1.541236E-10	0
345.424192	1.554773E-10	0
345.534455	1.552194E-10	0
345.643251	1.547037E-10	0
345.752691	1.577978E-10	0
345.864725	1.540591E-10	0
345.974914	1.561219E-10	0
346.082509	1.56702E-10	0
346.190299	1.562508E-10	0
346.302901	1.550905E-10	0
346.41216	1.544459E-10	0
346.5187	1.566375E-10	0
346.626654	1.577978E-10	0
346.733613	1.553483E-10	0
346.84358	1.566375E-10	0
346.951971	1.536724E-10	0
347.060087	1.569598E-10	0
347.169303	1.565731E-10	0
347.277993	1.577334E-10	0
347.387712	1.554773E-10	0
347.49515	1.536079E-10	0
347.6031	1.53479E-10	0
347.712645	1.545748E-10	0
347.819236	1.546393E-10	0
347.926312	1.543814E-10	0
348.036759	1.524476E-10	0
348.146999	1.538658E-10	0
348.254615	1.552839E-10	0
348.363875	1.563797E-10	0
348.472417	1.540591E-10	0
348.580403	1.540591E-10	0
348.688078	1.561863E-10	0
348.796292	1.581201E-10	0
348.904684	1.580557E-10	0
349.014541	1.552194E-10	0
349.121626	1.59087E-10	0
349.228889	1.583135E-10	0
349.340103	1.5754E-10	0
349.44857	1.605696E-10	0
349.556348	1.569598E-10	0
349.665992	1.572822E-10	0
349.774179	1.573466E-10	0
349.884422	1.563152E-10	0
349.993144	1.582491E-10	0
350.100226	1.586358E-10	0
350.208735	1.561863E-10	0
350.315426	1.556062E-10	0
350.424559	1.567665E-10	0
350.531119	1.545104E-10	0
350.650054	1.557351E-10	0
350.756933	1.59216E-10	0
350.868548	1.577978E-10	0
350.978765	1.546393E-10	0
351.087347	1.552839E-10	0
351.200596	1.585069E-10	0
351.309819	1.562508E-10	0
351.419822	1.56702E-10	0
351.527074	1.548327E-10	0
351.634801	1.570888E-10	0
351.741341	1.568954E-10	0
351.851974	1.55864E-10	0
351.960438	1.565731E-10	0
352.068078	1.570888E-10	0
352.178066	1.564442E-10	0
352.288282	1.574111E-10	0
352.39602	1.565731E-10	0
352.504018	1.561863E-10	0
352.612898	1.563152E-10	0
352.721288	1.563797E-10	0
352.829943	1.568954E-10	0
352.937047	1.547682E-10	0
353.045582	1.557351E-10	0
353.155263	1.563797E-10	0
353.263624	1.548971E-10	0
353.37103	1.548971E-10	0
353.4804	1.561219E-10	0
353.588962	1.532856E-10	0
353.698193	1.55864E-10	0
353.80622	1.591515E-10	0
353.915203	1.585714E-10	0
354.023573	1.545748E-10	0
354.129805	1.590226E-10	0
354.237377	1.549616E-10	0
354.34865	1.579268E-10	0
354.45688	1.577978E-10	0
354.56628	1.591515E-10	0
354.675964	1.585714E-10	0
354.787042	1.587647E-10	0
354.896518	1.591515E-10	0
355.00336	1.571532E-10	0
355.112771	1.556062E-10	0
355.220327	1.584424E-10	0
355.328342	1.538658E-10	0
355.438018	1.54317E-10	0
355.545182	1.599895E-10	0
355.652568	1.55864E-10	0
355.76148	1.562508E-10	0
355.869727	1.546393E-10	0
355.980054	1.544459E-10	0
356.088784	1.561863E-10	0
356.197411	1.577978E-10	0
356.306406	1.56702E-10	0
356.413842	1.55026E-10	0
356.521739	1.59087E-10	0
356.633113	1.577334E-10	0
356.742386	1.579912E-10	0
356.850625	1.568309E-10	0
356.963738	1.552839E-10	0
357.07118	1.565086E-10	0
357.181252	1.55864E-10	0
357.289785	1.584424E-10	0
357.400187	1.579268E-10	0
357.51008	1.568309E-10	0
357.618354	1.546393E-10	0
357.727453	1.545748E-10	0
357.836021	1.550905E-10	0
357.943298	1.597961E-10	0
358.050616	1.563797E-10	0
358.159319	1.560574E-10	0
358.269076	1.542525E-10	0
358.377999	1.555417E-10	0
358.486104	1.56702E-10	0
358.596617	1.563152E-10	0
358.706433	1.553483E-10	0
358.814785	1.568309E-10	0
358.925898	1.550905E-10	0
359.034823	1.550905E-10	0
359.142903	1.547037E-10	0
359.251674	1.55864E-10	0
359.36093	1.55864E-10	0
359.467368	1.554773E-10	0
359.574527	1.565086E-10	0
359.681852	1.565731E-10	0
359.789256	1.568954E-10	0
359.900963	1.554128E-10	0
360.012598	1.528989E-10	0
