Time,s	TEY,A	Shutter
0	1.532856E-10	0
0.10871	1.547037E-10	0
0.216424	1.569598E-10	0
0.324135	1.541236E-10	0
0.431849	1.534145E-10	0
0.539561	1.541236E-10	0
0.646277	1.549616E-10	0
0.751996	1.532856E-10	0
0.858711	1.533501E-10	0
0.966425	1.563797E-10	0
1.074136	1.564442E-10	0
1.181243	1.545104E-10	0
1.29063	1.581201E-10	0
1.398723	1.566375E-10	0
1.506714	1.548971E-10	0
1.61613	1.51094E-10	0
1.724768	1.514163E-10	0
1.833854	1.546393E-10	0
1.942071	1.532212E-10	0
2.050051	1.522543E-10	0
2.15849	1.554128E-10	0
2.265277	1.562508E-10	0
2.374037	1.584424E-10	0
2.482815	1.504494E-10	0
2.59146	1.496114E-10	0
2.699623	1.553483E-10	0
2.806818	1.561863E-10	0
2.915527	1.533501E-10	0
3.023183	1.51094E-10	0
3.131603	1.570243E-10	0
3.241067	1.541236E-10	0
3.34913	1.552194E-10	0
3.456667	1.536724E-10	0
3.564559	1.545748E-10	0
3.671663	1.561863E-10	0
3.778911	1.503205E-10	0
3.886103	1.561219E-10	0
3.996139	1.552194E-10	0
4.106081	1.573466E-10	0
4.215022	1.550905E-10	0
4.323107	1.51094E-10	0
4.432304	1.565086E-10	0
4.541403	1.568309E-10	0
4.648983	1.548971E-10	0
4.75606	1.507717E-10	0
4.864356	1.549616E-10	0
4.972878	1.559285E-10	0
5.080485	1.507717E-10	0
5.188767	1.532212E-10	0
5.297252	1.550905E-10	0
5.405065	1.559285E-10	0
5.513149	1.519964E-10	0
5.622548	1.539302E-10	0
5.732289	1.556062E-10	0
5.840682	1.552839E-10	0
5.947787	1.519964E-10	0
6.056488	1.51803E-10	0
6.164065	1.590226E-10	0
6.27261	1.52641E-10	0
6.380391	1.513518E-10	0
6.48762	1.556062E-10	0
6.594894	1.56702E-10	0
6.703174	1.55026E-10	0
6.81236	1.536724E-10	0
6.919911	1.549616E-10	0
7.02961	1.550905E-10	0
7.137021	1.539947E-10	0
7.245001	1.527699E-10	0
7.353149	1.537368E-10	0
7.461226	1.544459E-10	0
7.569946	1.540591E-10	0
7.676841	1.483222E-10	0
7.784994	1.554128E-10	0
7.893461	1.554128E-10	0
8.000398	1.541881E-10	0
8.107786	1.556062E-10	0
8.215565	1.544459E-10	0
8.322263	1.537368E-10	0
8.431041	1.533501E-10	0
8.541111	1.570243E-10	0
8.649179	1.552194E-10	0
8.75673	1.577978E-10	0
8.866097	1.55026E-10	0
8.975637	1.519964E-10	0
9.084204	1.561863E-10	0
9.19216	1.519964E-10	0
9.301816	1.522543E-10	0
9.410189	1.516097E-10	0
9.517793	1.530922E-10	0
9.626047	1.548971E-10	0
9.733081	1.547682E-10	0
9.840867	1.523832E-10	0
9.948549	1.55155E-10	0
10.055266	1.555417E-10	0
10.161981	1.524476E-10	0
10.268721	1.557351E-10	0
10.37651	1.55864E-10	0
10.483649	1.521898E-10	0
10.592077	1.506428E-10	0
10.700381	1.550905E-10	0
10.808125	1.557996E-10	0
10.917198	1.528344E-10	0
11.026416	1.562508E-10	0
11.134748	1.554128E-10	0
11.242436	1.584424E-10	0
11.350546	1.539947E-10	0
11.458575	1.539947E-10	0
11.567812	1.572822E-10	0
11.677154	1.585069E-10	0
11.785845	1.544459E-10	0
11.893143	1.545748E-10	0
12.001845	1.555417E-10	0
12.110218	1.577978E-10	0
12.217577	1.532856E-10	0
12.328221	1.552839E-10	0
12.435122	1.552839E-10	0
12.542656	1.578623E-10	0
12.65177	1.547682E-10	0
12.760072	1.581846E-10	0
12.867007	1.592804E-10	0
12.975674	1.555417E-10	0
13.083731	1.553483E-10	0
13.193366	1.514807E-10	0
13.302873	1.584424E-10	0
13.411695	1.577334E-10	0
13.519578	1.561219E-10	0
13.628859	1.528344E-10	0
13.737611	1.576689E-10	0
13.846219	1.55155E-10	0
13.953424	1.568309E-10	0
14.06157	1.567665E-10	0
14.170464	1.579912E-10	0
14.277837	1.574111E-10	0
14.385147	1.563152E-10	0
14.492541	1.546393E-10	0
14.59971	1.570243E-10	0
14.707839	1.562508E-10	0
14.815936	1.570243E-10	0
14.923555	1.546393E-10	0
15.03125	1.568309E-10	0
15.140156	1.559929E-10	0
15.247842	1.568954E-10	0
15.355972	1.545748E-10	0
15.464277	1.536724E-10	0
15.571095	1.543814E-10	0
15.681248	1.569598E-10	0
15.789048	1.59087E-10	0
15.897573	1.570888E-10	0
16.006574	1.542525E-10	0
16.114929	1.536079E-10	0
16.222023	1.579912E-10	0
16.330059	1.543814E-10	0
16.437855	1.527055E-10	0
16.546974	1.567665E-10	0
16.65536	1.590226E-10	0
16.762502	1.55155E-10	0
16.870229	1.569598E-10	0
16.978862	1.5754E-10	0
17.085862	1.601184E-10	0
17.194562	1.545748E-10	0
17.303499	1.539302E-10	0
17.411957	1.576689E-10	0
17.519252	1.556706E-10	0
17.628496	1.572177E-10	0
17.73673	1.59087E-10	0
17.845343	1.573466E-10	0
17.952491	1.584424E-10	0
18.061902	1.540591E-10	0
18.170521	1.572177E-10	0
18.27727	1.601829E-10	0
18.385541	1.568954E-10	0
18.494815	1.563152E-10	0
18.603892	1.562508E-10	0
18.712428	1.603118E-10	0
18.822172	1.581846E-10	0
18.93074	1.567665E-10	0
19.037876	1.565731E-10	0
19.146983	1.598606E-10	0
19.256202	1.578623E-10	0
19.364213	1.588937E-10	0
19.473037	1.556062E-10	0
19.580606	1.563797E-10	0
19.688232	1.549616E-10	0
19.79737	1.560574E-10	0
19.90568	1.571532E-10	0
20.01384	1.581846E-10	0
20.122236	1.564442E-10	0
20.232389	1.576689E-10	0
20.341423	1.553483E-10	0
20.448891	1.602473E-10	0
20.55647	1.594738E-10	0
20.664641	1.595383E-10	0
20.772586	1.565086E-10	0
20.87976	1.553483E-10	0
20.988032	1.581846E-10	0
21.096629	1.574111E-10	0
21.205718	1.578623E-10	0
21.314148	1.545104E-10	0
21.421207	1.574755E-10	0
21.529842	1.580557E-10	0
21.637495	1.587003E-10	0
21.745804	1.580557E-10	0
21.853946	1.59087E-10	0
21.961794	1.552839E-10	0
22.069769	1.549616E-10	0
22.177901	1.561219E-10	0
22.28548	1.59925E-10	0
22.393911	1.5754E-10	0
22.501509	1.572822E-10	0
22.6093	1.564442E-10	0
22.719621	1.608919E-10	0
22.828911	1.569598E-10	0
22.93728	1.560574E-10	0
23.044714	1.560574E-10	0
23.153534	1.574755E-10	0
23.262303	1.604407E-10	0
23.370055	1.521898E-10	0
23.476793	1.539947E-10	0
23.583708	1.636637E-10	0
23.692561	1.559929E-10	0
23.801507	1.573466E-10	0
23.909519	1.58378E-10	0
24.017677	1.561863E-10	0
24.126764	1.585069E-10	0
24.235089	1.577334E-10	0
24.342733	1.578623E-10	0
24.452218	1.574111E-10	0
24.560148	1.587003E-10	0
24.667923	1.576689E-10	0
24.776395	1.576689E-10	0
24.885065	1.59087E-10	0
24.993639	1.568954E-10	0
25.101054	1.533501E-10	0
25.208397	1.570243E-10	0
25.315668	1.587003E-10	0
25.423646	1.560574E-10	0
25.53162	1.576689E-10	0
25.639114	1.5754E-10	0
25.748212	1.55155E-10	0
25.855812	1.586358E-10	0
25.964499	1.565086E-10	0
26.073064	1.570243E-10	0
26.181236	1.583135E-10	0
26.29063	1.580557E-10	0
26.398939	1.545748E-10	0
26.505773	1.579912E-10	0
26.613492	1.594093E-10	0
26.723198	1.559929E-10	0
26.831816	1.542525E-10	0
26.939584	1.549616E-10	0
27.047954	1.576689E-10	0
27.155818	1.565731E-10	0
27.263538	1.588292E-10	0
27.372075	1.559285E-10	0
27.480196	1.573466E-10	0
27.590247	1.585069E-10	0
27.69934	1.582491E-10	0
27.806931	1.569598E-10	0
27.915214	1.581201E-10	0
28.023649	1.565731E-10	0
28.131702	1.572822E-10	0
28.239937	1.561219E-10	0
28.347744	1.570888E-10	0
28.455322	1.555417E-10	0
28.562825	1.552194E-10	0
28.671579	1.548971E-10	0
28.780736	1.556062E-10	0
28.887831	1.559285E-10	0
28.995212	1.55155E-10	0
29.102862	1.588292E-10	0
29.211059	1.578623E-10	0
29.3193	1.603762E-10	0
29.42871	1.499337E-10	0
29.536954	1.561863E-10	0
29.646267	1.589581E-10	0
29.753074	1.548327E-10	0
29.860807	1.53479E-10	0
29.967992	1.568954E-10	0
30.075825	1.597961E-10	0
30.182671	1.557996E-10	0
30.291032	1.582491E-10	0
30.398989	1.584424E-10	0
30.505352	1.581201E-10	0
30.614511	1.529633E-10	0
30.72277	1.570243E-10	0
30.83216	1.581201E-10	0
30.940888	1.578623E-10	0
31.04898	1.59087E-10	0
31.158439	1.554773E-10	0
31.267296	1.574755E-10	0
31.37528	1.602473E-10	0
31.483276	1.579912E-10	0
31.591747	1.58378E-10	0
31.69963	1.567665E-10	0
31.807942	1.559929E-10	0
31.914139	1.548327E-10	0
32.022541	1.582491E-10	0
32.130378	1.585714E-10	0
32.237992	1.552194E-10	0
32.347992	1.553483E-10	0
32.457814	1.553483E-10	0
32.566672	1.576689E-10	0
32.676019	1.573466E-10	0
32.784773	1.556706E-10	0
32.892653	1.554128E-10	0
33.000621	1.58378E-10	0
33.109001	1.559929E-10	0
33.218001	1.53479E-10	0
33.326252	1.563797E-10	0
33.435377	1.597316E-10	0
33.543545	1.560574E-10	0
33.652323	1.553483E-10	0
33.76168	1.545104E-10	0
33.870396	1.583135E-10	0
33.978006	1.58378E-10	0
34.087168	1.55026E-10	0
34.195807	1.588292E-10	0
34.303717	1.566375E-10	0
34.411648	1.577334E-10	0
34.520739	1.539947E-10	0
34.629033	1.554773E-10	0
34.738011	1.539947E-10	0
34.847214	1.574755E-10	0
34.956448	1.559285E-10	0
35.064336	1.548327E-10	0
35.17085	1.56702E-10	0
35.277409	1.609564E-10	0
35.385743	1.570888E-10	0
35.494665	1.566375E-10	0
35.60315	1.587003E-10	0
35.711356	1.579268E-10	0
35.819926	1.553483E-10	0
35.926598	1.568309E-10	0
36.034217	1.588937E-10	0
36.143407	1.572822E-10	0
36.251895	1.550905E-10	0
36.359409	1.598606E-10	0
36.471224	1.572822E-10	0
36.57903	1.58378E-10	0
36.687072	1.578623E-10	0
36.794955	1.577334E-10	0
36.903833	1.596027E-10	0
37.012321	1.574111E-10	0
37.120441	1.556706E-10	0
37.229032	1.579268E-10	0
37.33678	1.615365E-10	0
37.444765	1.577978E-10	0
37.552713	1.557351E-10	0
37.661602	1.591515E-10	0
37.769953	1.592804E-10	0
37.879082	1.599895E-10	0
37.987819	1.560574E-10	0
38.096621	1.581846E-10	0
38.205139	1.614721E-10	0
38.313169	1.59216E-10	0
38.423039	1.540591E-10	0
38.532769	1.553483E-10	0
38.642092	1.572822E-10	0
38.749017	1.574111E-10	0
38.855611	1.559285E-10	0
38.964989	1.55026E-10	0
39.072922	1.583135E-10	0
39.181789	1.588292E-10	0
39.291203	1.555417E-10	0
39.399869	1.5754E-10	0
39.509747	1.594093E-10	0
39.619225	1.589581E-10	0
39.727715	1.585069E-10	0
39.835443	1.56702E-10	0
39.942191	1.580557E-10	0
40.050859	1.574755E-10	0
40.160796	1.560574E-10	0
40.26839	1.561219E-10	0
40.375243	1.597961E-10	0
40.483042	1.585069E-10	0
40.592037	1.545104E-10	0
40.700455	1.554128E-10	0
40.808218	1.581201E-10	0
40.915844	1.561863E-10	0
41.024767	1.576045E-10	0
41.132856	1.581846E-10	0
41.241732	1.581846E-10	0
41.35047	1.588292E-10	0
41.458303	1.58378E-10	0
41.569075	1.571532E-10	0
41.675962	1.592804E-10	0
41.785132	1.581846E-10	0
41.893867	1.552194E-10	0
42.001683	1.54317E-10	0
42.110492	1.602473E-10	0
42.217597	1.579268E-10	0
42.325247	1.537368E-10	0
42.433973	1.554128E-10	0
42.544277	1.588937E-10	0
42.653235	1.59216E-10	0
42.761792	1.552839E-10	0
42.870033	1.557996E-10	0
42.97902	1.593449E-10	0
43.086771	1.594093E-10	0
43.195652	1.567665E-10	0
43.304911	1.568954E-10	0
43.41418	1.565731E-10	0
43.524101	1.598606E-10	0
43.633399	1.570243E-10	0
43.741607	1.564442E-10	0
43.849481	1.576689E-10	0
43.956996	1.59216E-10	0
44.066797	1.557996E-10	0
44.174555	1.547682E-10	0
44.282777	1.581201E-10	0
44.390958	1.564442E-10	0
44.49996	1.547037E-10	0
44.608829	1.543814E-10	0
44.717025	1.55864E-10	0
44.82513	1.554773E-10	0
44.932325	1.583135E-10	0
45.040064	1.559929E-10	0
45.149101	1.559929E-10	0
45.256757	1.594093E-10	0
45.364444	1.550905E-10	0
45.473825	1.578623E-10	0
45.582456	1.583135E-10	0
45.690526	1.599895E-10	0
45.798094	1.577978E-10	0
45.905239	1.568309E-10	0
46.013464	1.568309E-10	0
46.121699	1.59925E-10	0
46.23148	1.592804E-10	0
46.339113	1.553483E-10	0
46.447799	1.579912E-10	0
46.555796	1.548971E-10	0
46.665425	1.577334E-10	0
46.773152	1.564442E-10	0
46.881002	1.5754E-10	0
46.989142	1.5754E-10	0
47.096485	1.574755E-10	0
47.205426	1.570243E-10	0
47.314538	1.573466E-10	0
47.422039	1.554128E-10	0
47.530843	1.570243E-10	0
47.640218	1.578623E-10	0
47.747898	1.567665E-10	0
47.857261	1.59087E-10	0
47.966184	1.620522E-10	0
48.074573	1.583135E-10	0
48.182732	1.565086E-10	0
48.290369	1.612142E-10	0
48.40035	1.576689E-10	0
48.507827	1.579268E-10	0
48.615747	1.565086E-10	0
48.724797	1.577978E-10	0
48.832259	1.596027E-10	0
48.940371	1.588292E-10	0
49.04847	1.566375E-10	0
49.155017	1.568954E-10	0
49.263539	1.576045E-10	0
49.370736	1.556706E-10	0
49.479736	1.55155E-10	0
49.587262	1.593449E-10	0
49.694514	1.572177E-10	0
49.803998	1.587647E-10	0
49.91183	1.56702E-10	0
50.019422	1.537368E-10	0
50.12654	1.569598E-10	0
50.235315	1.595383E-10	0
50.343027	1.594738E-10	0
50.450887	1.570243E-10	0
50.55954	1.543814E-10	0
50.669154	1.603118E-10	0
50.776386	1.5754E-10	0
50.887162	1.561863E-10	0
50.994016	1.559285E-10	0
51.103372	1.55864E-10	0
51.211715	1.5754E-10	0
51.319921	1.561863E-10	0
51.42916	1.561863E-10	0
51.535483	1.604407E-10	0
51.644465	1.579912E-10	0
51.752834	1.604407E-10	0
51.859539	1.5754E-10	0
51.970026	1.581201E-10	0
52.079889	1.59216E-10	0
52.187657	1.581846E-10	0
52.296571	1.572822E-10	0
52.405633	1.563152E-10	0
52.514165	1.612787E-10	0
52.6225	1.567665E-10	0
52.730564	1.597316E-10	0
52.839776	1.591515E-10	0
52.949194	1.587003E-10	0
53.057339	1.55864E-10	0
53.165098	1.566375E-10	0
53.273725	1.54317E-10	0
53.381822	1.585714E-10	0
53.492494	1.568309E-10	0
53.600513	1.570888E-10	0
53.709799	1.568309E-10	0
53.818999	1.581846E-10	0
53.927188	1.589581E-10	0
54.036775	1.592804E-10	0
54.146156	1.576045E-10	0
54.25336	1.605696E-10	0
54.36059	1.579912E-10	0
54.469183	1.577334E-10	0
54.576705	1.582491E-10	0
54.684738	1.576045E-10	0
54.7933	1.580557E-10	0
54.902495	1.566375E-10	0
55.010874	1.563152E-10	0
55.117753	1.561219E-10	0
55.22715	1.570888E-10	0
55.336382	1.586358E-10	0
55.445452	1.588292E-10	0
55.553988	1.573466E-10	0
55.662375	1.590226E-10	0
55.769247	1.579268E-10	0
55.878193	1.561863E-10	0
55.985798	1.578623E-10	0
56.094525	1.593449E-10	0
56.202753	1.561219E-10	0
56.310591	1.55864E-10	0
56.419579	1.579912E-10	0
56.529203	1.571532E-10	0
56.636559	1.608919E-10	0
56.74477	1.605696E-10	0
56.852389	1.570243E-10	0
56.962944	1.561219E-10	0
57.072515	1.521253E-10	0
57.180599	1.572177E-10	0
57.287546	1.565731E-10	0
57.397017	1.576689E-10	0
57.505835	1.554773E-10	0
57.61486	1.581201E-10	0
57.722553	1.601184E-10	0
57.831335	1.553483E-10	0
57.939213	1.564442E-10	0
58.048082	1.561219E-10	0
58.156395	1.563797E-10	0
58.264586	1.546393E-10	0
58.372779	1.576045E-10	0
58.48272	1.596672E-10	0
58.591043	1.572177E-10	0
58.699247	1.554128E-10	0
58.808503	1.559929E-10	0
58.917911	1.56702E-10	0
59.027149	1.588292E-10	0
59.134394	1.561219E-10	0
59.24339	1.561863E-10	0
59.352262	1.565086E-10	0
59.459901	1.579268E-10	0
59.568981	1.5754E-10	0
59.677014	1.559929E-10	0
59.784452	1.563797E-10	0
59.894232	1.568954E-10	0
60.00229	8.295449E-8	0
60.111998	9.789685E-8	1
60.218965	9.136034E-8	1
60.329254	8.933939E-8	1
60.437553	8.691034E-8	1
60.547178	8.501147E-8	1
60.6566	8.355307E-8	1
60.764517	8.237016E-8	1
60.874352	8.138269E-8	1
60.982156	8.057856E-8	1
61.091317	7.987781E-8	1
61.197349	7.92871E-8	1
61.305644	7.876645E-8	1
61.414008	7.828674E-8	1
61.521962	7.78635E-8	1
61.637838	7.745237E-8	1
61.745212	7.71097E-8	1
61.853475	7.680332E-8	1
61.961685	7.649694E-8	1
62.070457	7.621248E-8	1
62.179256	7.596083E-8	1
62.288567	7.573E-8	1
62.397865	7.550858E-8	1
62.507391	7.528999E-8	1
62.615897	7.51001E-8	1
62.724524	7.491187E-8	1
62.83272	7.474344E-8	1
62.940987	7.457752E-8	1
63.04926	7.442642E-8	1
63.157082	7.427436E-8	1
63.265576	7.415511E-8	1
63.374756	7.402426E-8	1
63.483038	7.388973E-8	1
63.592985	7.37804E-8	1
63.703728	7.36451E-8	1
63.811831	7.354712E-8	1
63.920459	7.345694E-8	1
64.029634	7.333363E-8	1
64.138974	7.325164E-8	1
64.247684	7.315308E-8	1
64.357347	7.305555E-8	1
64.466038	7.297646E-8	1
64.575864	7.290007E-8	1
64.683901	7.281453E-8	1
64.791836	7.273983E-8	1
64.901521	7.266905E-8	1
65.010112	7.257597E-8	1
65.117787	7.249739E-8	1
65.226101	7.242636E-8	1
65.334804	7.236061E-8	1
65.443932	7.22946E-8	1
65.553221	7.22293E-8	1
65.661661	7.216091E-8	1
65.771828	7.209265E-8	1
65.880564	7.20336E-8	1
65.989238	7.198816E-8	1
66.097751	7.190997E-8	1
66.207632	7.184022E-8	1
66.317653	7.180374E-8	1
66.428337	7.172555E-8	1
66.536652	7.168281E-8	1
66.645577	7.164168E-8	1
66.754238	7.158625E-8	1
66.862017	7.151554E-8	1
66.971217	7.146751E-8	1
67.080687	7.140408E-8	1
67.190688	7.135361E-8	1
67.298684	7.131526E-8	1
67.40854	7.126298E-8	1
67.516952	7.120432E-8	1
67.626643	7.11552E-8	1
67.736612	7.112336E-8	1
67.845305	7.107663E-8	1
67.954354	7.103447E-8	1
68.061886	7.097613E-8	1
68.171375	7.093301E-8	1
68.279304	7.087938E-8	1
68.388306	7.085385E-8	1
68.498304	7.08175E-8	1
68.605434	7.077727E-8	1
68.71356	7.073486E-8	1
68.825438	7.069167E-8	1
68.933239	7.064752E-8	1
69.042887	7.061877E-8	1
69.150857	7.057184E-8	1
69.259043	7.051847E-8	1
69.369641	7.049384E-8	1
69.477337	7.045568E-8	1
69.586487	7.04065E-8	1
69.696061	7.037453E-8	1
69.805732	7.032947E-8	1
69.914658	7.029859E-8	1
70.024045	7.026443E-8	1
70.131995	7.023684E-8	1
70.240284	7.018618E-8	1
70.350665	7.015324E-8	1
70.458573	7.010792E-8	1
70.566931	7.007189E-8	1
70.675887	7.003921E-8	1
70.785126	7.001813E-8	1
70.89304	6.99752E-8	1
71.001048	6.994226E-8	1
71.109122	6.990281E-8	1
71.21702	6.98747E-8	1
71.324871	6.982552E-8	1
71.43297	6.981785E-8	1
71.547105	6.978459E-8	1
71.656621	6.975101E-8	1
71.764207	6.97073E-8	1
71.873356	6.967282E-8	1
71.982481	6.964826E-8	1
72.09163	6.961371E-8	1
72.199731	6.957451E-8	1
72.308294	6.955402E-8	1
72.416494	6.952714E-8	1
72.524755	6.94911E-8	1
72.63303	6.946313E-8	1
72.741446	6.942742E-8	1
72.850744	6.941014E-8	1
72.95995	6.936818E-8	1
73.067463	6.933911E-8	1
73.177256	6.930791E-8	1
73.28588	6.927787E-8	1
73.393843	6.926814E-8	1
73.50266	6.923184E-8	1
73.612225	6.91991E-8	1
73.720745	6.917622E-8	1
73.831052	6.914025E-8	1
73.938352	6.912046E-8	1
74.046273	6.908752E-8	1
74.1532	6.907418E-8	1
74.262427	6.905E-8	1
74.371599	6.903202E-8	1
74.480626	6.899908E-8	1
74.590273	6.898226E-8	1
74.699361	6.895073E-8	1
74.807007	6.892727E-8	1
74.915811	6.890149E-8	1
75.024909	6.887615E-8	1
75.132901	6.885585E-8	1
75.241092	6.883961E-8	1
75.350641	6.88182E-8	1
75.45937	6.879461E-8	1
75.567329	6.876689E-8	1
75.675559	6.875065E-8	1
75.78361	6.872725E-8	1
75.891691	6.869824E-8	1
76.000522	6.867762E-8	1
76.109372	6.866763E-8	1
76.218372	6.864036E-8	1
76.327129	6.861909E-8	1
76.436282	6.858873E-8	1
76.545076	6.857964E-8	1
76.654404	6.855869E-8	1
76.764004	6.854876E-8	1
76.871364	6.852079E-8	1
76.981336	6.850602E-8	1
77.09095	6.849229E-8	1
77.199383	6.846413E-8	1
77.307214	6.844118E-8	1
77.414697	6.844079E-8	1
77.522551	6.842448E-8	1
77.631527	6.839567E-8	1
77.740776	6.838084E-8	1
77.851421	6.837227E-8	1
77.959674	6.835261E-8	1
78.069383	6.834262E-8	1
78.177437	6.832334E-8	1
78.285148	6.832012E-8	1
78.393907	6.828957E-8	1
78.501511	6.828899E-8	1
78.611137	6.825921E-8	1
78.721715	6.824045E-8	1
78.829375	6.823252E-8	1
78.937774	6.822781E-8	1
79.045885	6.821183E-8	1
79.154461	6.819887E-8	1
79.263791	6.818688E-8	1
79.371757	6.817489E-8	1
79.480783	6.815723E-8	1
79.592859	6.814962E-8	1
79.700322	6.814898E-8	1
79.809425	6.812088E-8	1
79.918344	6.812481E-8	1
80.026029	6.810038E-8	1
80.134594	6.809213E-8	1
80.243449	6.808742E-8	1
80.352571	6.808304E-8	1
80.46236	6.80646E-8	1
80.570371	6.805055E-8	1
80.679728	6.804436E-8	1
80.789266	6.803953E-8	1
80.898372	6.803572E-8	1
81.006218	6.801826E-8	1
81.116072	6.800955E-8	1
81.224424	6.799737E-8	1
81.331278	6.79984E-8	1
81.439542	6.800523E-8	1
81.54837	6.798048E-8	1
81.656157	6.797068E-8	1
81.764827	6.795998E-8	1
81.874309	6.79663E-8	1
81.982857	6.794445E-8	1
82.091628	6.794748E-8	1
82.228547	6.795953E-8	1
82.363611	6.794741E-8	1
82.470545	6.79275E-8	1
82.579205	6.793478E-8	1
82.686512	6.791776E-8	1
82.797248	6.790487E-8	1
82.904975	6.789784E-8	1
83.01457	6.789449E-8	1
83.125053	6.789636E-8	1
83.233656	6.786613E-8	1
83.342623	6.787696E-8	1
83.450389	6.787406E-8	1
83.558719	6.786703E-8	1
83.667291	6.785762E-8	1
83.775189	6.785665E-8	1
83.884979	6.785291E-8	1
83.993092	6.783435E-8	1
84.102989	6.782359E-8	1
84.212904	6.782881E-8	1
84.321684	6.781817E-8	1
84.430339	6.780754E-8	1
84.541189	6.78027E-8	1
84.651055	6.779129E-8	1
84.759405	6.779555E-8	1
84.870163	6.779503E-8	1
84.97983	6.77822E-8	1
85.089457	6.778491E-8	1
85.197318	6.778845E-8	1
85.305688	6.777402E-8	1
85.41589	6.777157E-8	1
85.524589	6.778704E-8	1
85.63167	6.777021E-8	1
85.73946	6.774701E-8	1
85.848454	6.776383E-8	1
85.95837	6.776274E-8	1
86.067015	6.774991E-8	1
86.17606	6.775951E-8	1
86.284961	6.775017E-8	1
86.393949	6.773934E-8	1
86.503081	6.775797E-8	1
86.613139	6.775771E-8	1
86.721819	6.775055E-8	1
86.830218	6.773179E-8	1
86.939343	6.774114E-8	1
87.046656	6.772528E-8	1
87.155972	6.772915E-8	1
87.263661	6.772625E-8	1
87.373116	6.772973E-8	1
87.481836	6.6898E-8	1
87.59116	6.775287E-8	1
87.700808	6.783893E-8	1
87.810427	6.783835E-8	1
87.919337	6.784595E-8	1
88.028474	6.783635E-8	1
88.137787	6.783164E-8	1
88.245598	6.782455E-8	1
88.355611	6.781985E-8	1
88.462461	6.784022E-8	1
88.571879	6.782758E-8	1
88.681757	6.783151E-8	1
88.791245	6.780715E-8	1
88.900458	6.781482E-8	1
89.008304	6.782487E-8	1
89.116734	6.781875E-8	1
89.226323	6.78065E-8	1
89.333663	6.782565E-8	1
89.442886	6.780412E-8	1
89.551936	6.780953E-8	1
89.66196	6.781501E-8	1
89.77075	6.78087E-8	1
89.879517	6.781585E-8	1
89.987013	6.780986E-8	1
90.096769	6.780663E-8	1
90.205129	6.781501E-8	1
90.314351	6.78154E-8	1
90.422028	6.781591E-8	1
90.531885	6.781862E-8	1
90.639503	6.779825E-8	1
90.747474	6.780573E-8	1
90.857109	6.781179E-8	1
90.965825	6.778839E-8	1
91.075122	6.780032E-8	1
91.184371	6.779213E-8	1
91.293424	6.779767E-8	1
91.403274	6.779103E-8	1
91.510685	6.779335E-8	1
91.619509	6.778536E-8	1
91.728168	6.780335E-8	1
91.836855	6.77911E-8	1
91.958514	6.780528E-8	1
92.067969	6.778852E-8	1
92.177145	6.780657E-8	1
92.285711	6.779187E-8	1
92.393446	6.779335E-8	1
92.500613	6.780154E-8	1
92.608088	6.778343E-8	1
92.715986	6.779632E-8	1
92.823875	6.779812E-8	1
92.933791	6.778549E-8	1
93.041081	6.778491E-8	1
93.148522	6.777879E-8	1
93.256578	6.778717E-8	1
93.365859	6.778272E-8	1
93.474143	6.778807E-8	1
93.582336	6.778252E-8	1
93.690495	6.777215E-8	1
93.798529	6.777054E-8	1
93.906302	6.776138E-8	1
94.015693	6.77619E-8	1
94.124932	6.776299E-8	1
94.235027	6.775797E-8	1
94.346431	6.774791E-8	1
94.455159	6.775332E-8	1
94.564164	6.775648E-8	1
94.67385	6.77347E-8	1
94.783108	6.774346E-8	1
94.891278	6.773708E-8	1
95.001743	6.774726E-8	1
95.110554	6.77307E-8	1
95.219055	6.773366E-8	1
95.32637	6.772754E-8	1
95.435065	6.773044E-8	1
95.542551	6.774301E-8	1
95.652771	6.772683E-8	1
95.762053	6.772709E-8	1
95.874384	6.774146E-8	1
95.981882	6.772554E-8	1
96.08955	6.772574E-8	1
96.19805	6.772367E-8	1
96.30765	6.77238E-8	1
96.416593	6.771536E-8	1
96.524574	6.772722E-8	1
96.632743	6.770388E-8	1
96.742866	6.771523E-8	1
96.852808	6.771355E-8	1
96.965991	6.77169E-8	1
97.072717	6.769589E-8	1
97.181832	6.771491E-8	1
97.289875	6.769318E-8	1
97.397697	6.769576E-8	1
97.507704	6.770118E-8	1
97.616316	6.768906E-8	1
97.724177	6.769357E-8	1
97.833285	6.768654E-8	1
97.940794	6.768435E-8	1
98.048564	6.768448E-8	1
98.156423	6.767874E-8	1
98.266632	6.769138E-8	1
98.376031	6.767958E-8	1
98.485057	6.766804E-8	1
98.594025	6.76879E-8	1
98.702349	6.76712E-8	1
98.811477	6.766643E-8	1
98.920943	6.766179E-8	1
99.029796	6.765857E-8	1
99.138575	6.764677E-8	1
99.247467	6.765341E-8	1
99.355193	6.765573E-8	1
99.464803	6.764761E-8	1
99.573507	6.76665E-8	1
99.683147	6.764271E-8	1
99.792778	6.762614E-8	1
99.901198	6.763768E-8	1
100.009612	6.763053E-8	1
100.117158	6.76226E-8	1
100.227121	6.762073E-8	1
100.335509	6.763085E-8	1
100.444376	6.762041E-8	1
100.553187	6.762634E-8	1
100.661711	6.761203E-8	1
100.771394	6.761074E-8	1
100.88132	6.76032E-8	1
100.988591	6.760133E-8	1
101.097164	6.760049E-8	1
101.206495	6.75934E-8	1
101.315524	6.760597E-8	1
101.425195	6.759101E-8	1
101.534454	6.757677E-8	1
101.643283	6.759817E-8	1
101.752199	6.759127E-8	1
101.86254	6.757606E-8	1
101.970957	6.758682E-8	1
102.080994	6.758753E-8	1
102.189344	6.756878E-8	1
102.297592	6.756523E-8	1
102.406598	6.757477E-8	1
102.515899	6.755975E-8	1
102.623969	6.757019E-8	1
102.730778	6.757464E-8	1
102.83961	6.756459E-8	1
102.948946	6.755679E-8	1
103.058696	6.75553E-8	1
103.167851	6.754976E-8	1
103.277482	6.754415E-8	1
103.384765	6.753751E-8	1
103.493758	6.753061E-8	1
103.602711	6.753919E-8	1
103.710931	6.753603E-8	1
103.820262	6.753113E-8	1
103.929637	6.75185E-8	1
104.038707	6.752172E-8	1
104.147184	6.752275E-8	1
104.254401	6.751263E-8	1
104.363459	6.752256E-8	1
104.471753	6.751115E-8	1
104.580904	6.75038E-8	1
104.689927	6.749948E-8	1
104.798978	6.748904E-8	1
104.908389	6.749722E-8	1
105.016422	6.748788E-8	1
105.124915	6.748678E-8	1
105.233919	6.746809E-8	1
105.344631	6.747982E-8	1
105.452808	6.746699E-8	1
105.562052	6.746867E-8	1
105.670896	6.746119E-8	1
105.780575	6.747144E-8	1
105.88903	6.745771E-8	1
106.000537	6.746364E-8	1
106.108538	6.745191E-8	1
106.217351	6.744591E-8	1
106.325568	6.744888E-8	1
106.433208	6.744314E-8	1
106.541046	6.743315E-8	1
106.649637	6.743186E-8	1
106.758463	6.743908E-8	1
106.868074	6.743315E-8	1
106.978253	6.742509E-8	1
107.086877	6.742116E-8	1
107.194595	6.742329E-8	1
107.304568	6.741085E-8	1
107.415012	6.741407E-8	1
107.523357	6.74035E-8	1
107.630422	6.740943E-8	1
107.739689	6.739634E-8	1
107.84859	6.738925E-8	1
107.956841	6.739183E-8	1
108.065489	6.739402E-8	1
108.174324	6.738075E-8	1
108.283554	6.738004E-8	1
108.391423	6.738584E-8	1
108.499672	6.73685E-8	1
108.609567	6.737191E-8	1
108.718088	6.735026E-8	1
108.82702	6.736018E-8	1
108.934734	6.735445E-8	1
109.043442	6.734787E-8	1
109.151999	6.734813E-8	1
109.261274	6.735883E-8	1
109.371264	6.734613E-8	1
109.480302	6.73491E-8	1
109.58805	6.734755E-8	1
109.696558	6.7344E-8	1
109.807017	6.734007E-8	1
109.917165	6.733827E-8	1
110.025686	6.733008E-8	1
110.134617	6.732035E-8	1
110.242289	6.732499E-8	1
110.350094	6.731828E-8	1
110.459802	6.731396E-8	1
110.567804	6.731145E-8	1
110.676023	6.729482E-8	1
110.783775	6.730346E-8	1
110.891588	6.729965E-8	1
111.001301	6.730172E-8	1
111.110899	6.728773E-8	1
111.219726	6.729424E-8	1
111.328789	6.727658E-8	1
111.435965	6.727174E-8	1
111.5456	6.72702E-8	1
111.65374	6.728754E-8	1
111.761831	6.727284E-8	1
111.870231	6.729237E-8	1
111.978677	6.727471E-8	1
112.08689	6.726091E-8	1
112.198149	6.726053E-8	1
112.307496	6.726697E-8	1
112.418694	6.725879E-8	1
112.527496	6.725241E-8	1
112.638285	6.725511E-8	1
112.746777	6.726304E-8	1
112.855322	6.724564E-8	1
112.963722	6.724738E-8	1
113.072803	6.724048E-8	1
113.181139	6.722984E-8	1
113.291037	6.724622E-8	1
113.398587	6.723494E-8	1
113.506465	6.723004E-8	1
113.629319	6.721289E-8	1
113.742019	6.721618E-8	1
113.850857	6.721128E-8	1
113.958725	6.720142E-8	1
114.068063	6.720496E-8	1
114.17684	6.718517E-8	1
114.286947	6.717847E-8	1
114.395833	6.717331E-8	1
114.503336	6.717235E-8	1
114.61346	6.717299E-8	1
114.722176	6.717486E-8	1
114.831104	6.716925E-8	1
114.93871	6.716964E-8	1
115.047874	6.717647E-8	1
115.157224	6.716313E-8	1
115.266008	6.715939E-8	1
115.374145	6.714908E-8	1
115.483569	6.71552E-8	1
115.592772	6.714663E-8	1
115.706196	6.714018E-8	1
115.815366	6.714553E-8	1
115.925258	6.713702E-8	1
116.034992	6.712909E-8	1
116.144562	6.713109E-8	1
116.254267	6.712561E-8	1
116.363189	6.711356E-8	1
116.472137	6.712581E-8	1
116.581161	6.711556E-8	1
116.690301	6.711485E-8	1
116.799224	6.711968E-8	1
116.908936	6.711117E-8	1
117.016124	6.711697E-8	1
117.125112	6.70939E-8	1
117.232456	6.710466E-8	1
117.341475	6.709957E-8	1
117.451503	6.709815E-8	1
117.560528	6.709493E-8	1
117.668506	6.709087E-8	1
117.776763	6.70772E-8	1
117.8846	6.709525E-8	1
117.993276	6.707804E-8	1
118.102109	6.706154E-8	1
118.211134	6.707333E-8	1
118.321166	6.706019E-8	1
118.429746	6.707024E-8	1
118.539745	6.705651E-8	1
118.649683	6.706541E-8	1
118.758814	6.706586E-8	1
118.867918	6.70578E-8	1
118.976332	6.703737E-8	1
119.086244	6.705206E-8	1
119.197461	6.706863E-8	1
119.308234	6.704413E-8	1
119.416782	6.70364E-8	1
119.526186	6.703447E-8	1
119.636207	6.704355E-8	1
119.745987	6.702679E-8	1
119.854742	6.70324E-8	1
119.962313	6.702518E-8	1
120.071149	6.701526E-8	1
120.180996	6.700829E-8	1
120.291149	6.701068E-8	1
120.399782	6.70034E-8	1
120.507575	6.69985E-8	1
120.618303	6.699444E-8	1
120.727372	6.69965E-8	1
120.83601	6.699669E-8	1
120.944219	6.698851E-8	1
121.054227	6.698245E-8	1
121.161782	6.699005E-8	1
121.272156	6.697781E-8	1
121.38244	6.696852E-8	1
121.491649	6.696279E-8	1
121.599768	6.696208E-8	1
121.710567	6.697948E-8	1
121.819796	6.695531E-8	1
121.929664	6.695531E-8	1
122.037508	6.695698E-8	1
122.146625	6.69459E-8	1
122.256013	6.694551E-8	1
122.363828	6.693384E-8	1
122.473044	6.69274E-8	1
122.581167	6.692785E-8	1
122.691339	6.692643E-8	1
122.799779	6.691554E-8	1
122.908793	6.691824E-8	1
123.016844	6.609045E-8	1
123.125975	6.691057E-8	1
123.234191	6.70014E-8	1
123.341815	6.700217E-8	1
123.452146	6.70041E-8	1
123.559787	6.698683E-8	1
123.669641	6.700565E-8	1
123.783402	6.698921E-8	1
123.892117	6.698979E-8	1
124.001874	6.698464E-8	1
124.111283	6.699237E-8	1
124.221289	6.697465E-8	1
124.330146	6.69771E-8	1
124.4398	6.697851E-8	1
124.549297	6.697323E-8	1
124.657782	6.696691E-8	1
124.767879	6.696388E-8	1
124.876832	6.696466E-8	1
124.990903	6.695563E-8	1
125.098058	6.696001E-8	1
125.208723	6.695067E-8	1
125.318002	6.695267E-8	1
125.428122	6.694519E-8	1
125.536729	6.693668E-8	1
125.646153	6.693462E-8	1
125.755544	6.693236E-8	1
125.865914	6.693017E-8	1
125.975369	6.693894E-8	1
126.084595	6.692211E-8	1
126.192838	6.692604E-8	1
126.301795	6.693062E-8	1
126.411467	6.691044E-8	1
126.521209	6.690722E-8	1
126.629818	6.692347E-8	1
126.737969	6.690664E-8	1
126.847829	6.690393E-8	1
126.956615	6.690613E-8	1
127.066141	6.689459E-8	1
127.176417	6.68815E-8	1
127.285941	6.689285E-8	1
127.395051	6.688382E-8	1
127.504519	6.688788E-8	1
127.612484	6.689291E-8	1
127.722692	6.689111E-8	1
127.832399	6.687267E-8	1
127.939112	6.688279E-8	1
128.046825	6.687828E-8	1
128.156833	6.68641E-8	1
128.264585	6.686468E-8	1
128.374368	6.686874E-8	1
128.482592	6.686087E-8	1
128.589884	6.685959E-8	1
128.697597	6.685166E-8	1
128.806822	6.685282E-8	1
128.91506	6.685688E-8	1
129.024806	6.685108E-8	1
129.13362	6.685636E-8	1
129.241634	6.683432E-8	1
129.351226	6.684979E-8	1
129.460609	6.685037E-8	1
129.569062	6.683696E-8	1
129.677937	6.683296E-8	1
129.787107	6.684714E-8	1
129.898599	6.683625E-8	1
130.008489	6.682304E-8	1
130.118367	6.68398E-8	1
130.227559	6.682143E-8	1
130.337255	6.682246E-8	1
130.44669	6.682433E-8	1
130.556155	6.680737E-8	1
130.664614	6.680828E-8	1
130.773465	6.68133E-8	1
130.882316	6.68115E-8	1
130.993031	6.679152E-8	1
131.100854	6.679757E-8	1
131.210749	6.679977E-8	1
131.318839	6.678997E-8	1
131.426333	6.678687E-8	1
131.53522	6.679416E-8	1
131.64272	6.679036E-8	1
131.751807	6.676264E-8	1
131.860795	6.677308E-8	1
131.970887	6.678043E-8	1
132.080869	6.677231E-8	1
132.190199	6.675941E-8	1
132.298448	6.675316E-8	1
132.408922	6.676348E-8	1
132.518139	6.675735E-8	1
132.626302	6.675709E-8	1
132.734726	6.675458E-8	1
132.843218	6.675271E-8	1
132.952643	6.674884E-8	1
133.061472	6.674794E-8	1
133.170257	6.673279E-8	1
133.281819	6.673402E-8	1
133.390682	6.674053E-8	1
133.499326	6.673247E-8	1
133.608723	6.671938E-8	1
133.716952	6.672183E-8	1
133.826587	6.671739E-8	1
133.934191	6.672364E-8	1
134.04251	6.671739E-8	1
134.152792	6.671668E-8	1
134.262109	6.671333E-8	1
134.370271	6.671352E-8	1
134.47888	6.670765E-8	1
134.588039	6.671287E-8	1
134.696813	6.670282E-8	1
134.807768	6.669734E-8	1
134.915574	6.668638E-8	1
135.027195	6.670462E-8	1
135.137258	6.669283E-8	1
135.24671	6.668574E-8	1
135.355694	6.668303E-8	1
135.466137	6.667478E-8	1
135.57517	6.668348E-8	1
135.685142	6.668419E-8	1
135.794828	6.667929E-8	1
135.90438	6.667394E-8	1
136.013619	6.666704E-8	1
136.123979	6.666878E-8	1
136.233818	6.666917E-8	1
136.342493	6.666595E-8	1
136.452042	6.66499E-8	1
136.56144	6.665196E-8	1
136.671257	6.666034E-8	1
136.77961	6.666034E-8	1
136.888901	6.665866E-8	1
136.999109	6.663688E-8	1
137.108798	6.664442E-8	1
137.216459	6.664738E-8	1
137.325321	6.664068E-8	1
137.433917	6.663733E-8	1
137.54484	6.664822E-8	1
137.6537	6.663249E-8	1
137.763127	6.66285E-8	1
137.872087	6.663307E-8	1
137.981894	6.663391E-8	1
138.09199	6.662153E-8	1
138.199877	6.660368E-8	1
138.30994	6.661599E-8	1
138.419915	6.66138E-8	1
138.528925	6.660239E-8	1
138.637326	6.661187E-8	1
138.745303	6.659162E-8	1
138.853015	6.659775E-8	1
138.960731	6.659169E-8	1
139.06946	6.659814E-8	1
139.180146	6.657931E-8	1
139.289092	6.657196E-8	1
139.398966	6.657693E-8	1
139.509278	6.6565E-8	1
139.61613	6.656558E-8	1
139.725702	6.657828E-8	1
139.83557	6.656513E-8	1
139.94353	6.656416E-8	1
140.053091	6.655682E-8	1
140.163499	6.655069E-8	1
140.270377	6.654805E-8	1
140.378932	6.65514E-8	1
140.487381	6.654141E-8	1
140.596683	6.652936E-8	1
140.70589	6.653496E-8	1
140.814038	6.653329E-8	1
140.923642	6.653077E-8	1
141.031245	6.652955E-8	1
141.13994	6.653019E-8	1
141.247585	6.651144E-8	1
141.358416	6.652704E-8	1
141.466922	6.6499E-8	1
141.574201	6.650957E-8	1
141.684237	6.651866E-8	1
141.792103	6.651363E-8	1
141.898946	6.649577E-8	1
142.005664	6.65077E-8	1
142.113363	6.650099E-8	1
142.21955	6.649178E-8	1
142.327501	6.650338E-8	1
142.435071	6.650061E-8	1
142.542777	6.650647E-8	1
142.652677	6.649713E-8	1
142.760597	6.649925E-8	1
142.868958	6.648726E-8	1
142.976174	6.648462E-8	1
143.084362	6.64939E-8	1
143.192511	6.646612E-8	1
143.300348	6.648365E-8	1
143.407801	6.647328E-8	1
143.516566	6.647199E-8	1
143.625318	6.647927E-8	1
143.732365	6.646786E-8	1
143.841321	6.646193E-8	1
143.949961	6.64687E-8	1
144.059975	6.645871E-8	1
144.167497	6.645136E-8	1
144.275701	6.645529E-8	1
144.383298	6.646754E-8	1
144.492694	6.645813E-8	1
144.599917	6.644304E-8	1
144.708968	6.644388E-8	1
144.817686	6.643035E-8	1
144.925851	6.643782E-8	1
145.033561	6.644517E-8	1
145.142849	6.644195E-8	1
145.250297	6.643086E-8	1
145.357776	6.642087E-8	1
145.467131	6.642893E-8	1
145.575676	6.64112E-8	1
145.684281	6.641726E-8	1
145.792616	6.642603E-8	1
145.900148	6.640991E-8	1
146.009004	6.641133E-8	1
146.118486	6.64014E-8	1
146.226485	6.640901E-8	1
146.334628	6.641197E-8	1
146.443585	6.639902E-8	1
146.553153	6.640675E-8	1
146.660764	6.639412E-8	1
146.768988	6.639689E-8	1
146.877182	6.639547E-8	1
146.984994	6.63898E-8	1
147.09294	6.638413E-8	1
147.202326	6.638941E-8	1
147.3109	6.637562E-8	1
147.418046	6.637014E-8	1
147.52476	6.637497E-8	1
147.635466	6.636782E-8	1
147.743178	6.638271E-8	1
147.850891	6.636447E-8	1
147.958603	6.637072E-8	1
148.067313	6.636286E-8	1
148.175426	6.635892E-8	1
148.282562	6.635338E-8	1
148.390393	6.635177E-8	1
148.498423	6.634803E-8	1
148.606508	6.634861E-8	1
148.714479	6.634313E-8	1
148.821468	6.634423E-8	1
148.931002	6.633791E-8	1
149.041471	6.634178E-8	1
149.149009	6.633108E-8	1
149.258048	6.632837E-8	1
149.36677	6.634352E-8	1
149.475582	6.633088E-8	1
149.584921	6.63363E-8	1
149.693043	6.633501E-8	1
149.80176	6.632238E-8	1
149.910015	6.632521E-8	1
150.017649	6.631941E-8	1
150.126266	6.630323E-8	1
150.233707	6.632225E-8	1
150.341755	6.631838E-8	1
150.450994	6.631335E-8	1
150.558589	6.6306E-8	1
150.666492	6.6304E-8	1
150.776366	6.630439E-8	1
150.884253	6.628847E-8	1
150.992386	6.629988E-8	1
151.102982	6.628596E-8	1
151.209874	6.628183E-8	1
151.318637	6.629923E-8	1
151.427014	6.629079E-8	1
151.538852	6.628286E-8	1
151.64634	6.628692E-8	1
151.753928	6.628202E-8	1
151.863015	6.627525E-8	1
151.971444	6.627448E-8	1
152.079664	6.628106E-8	1
152.18849	6.627061E-8	1
152.297646	6.626385E-8	1
152.40598	6.628331E-8	1
152.514817	6.626604E-8	1
152.623029	6.627223E-8	1
152.730927	6.625392E-8	1
152.839811	6.625682E-8	1
152.947772	6.62701E-8	1
153.055747	6.62574E-8	1
153.164609	6.625257E-8	1
153.271281	6.625617E-8	1
153.378736	6.625727E-8	1
153.487959	6.625398E-8	1
153.595779	6.624522E-8	1
153.704491	6.624058E-8	1
153.813772	6.624141E-8	1
153.923221	6.623703E-8	1
154.031981	6.625012E-8	1
154.14234	6.623871E-8	1
154.251443	6.624928E-8	1
154.360024	6.62369E-8	1
154.467658	6.535767E-8	1
154.575222	6.627803E-8	1
154.683328	6.631058E-8	1
154.791217	6.633978E-8	1
154.899061	6.634088E-8	1
155.008912	6.631806E-8	1
155.117504	6.632856E-8	1
155.226125	6.63149E-8	1
155.334871	6.631754E-8	1
155.443233	6.631213E-8	1
155.550449	6.631026E-8	1
155.657758	6.631348E-8	1
155.767589	6.63002E-8	1
155.876007	6.629788E-8	1
155.984697	6.630607E-8	1
156.092154	6.629466E-8	1
156.200071	6.629788E-8	1
156.307672	6.628866E-8	1
156.416018	6.628776E-8	1
156.52491	6.629356E-8	1
156.634179	6.62768E-8	1
156.742183	6.628202E-8	1
156.849079	6.628467E-8	1
156.957918	6.628254E-8	1
157.067645	6.626165E-8	1
157.175082	6.626243E-8	1
157.283668	6.625862E-8	1
157.393172	6.626352E-8	1
157.501477	6.627313E-8	1
157.610435	6.62565E-8	1
157.718515	6.625289E-8	1
157.826345	6.625843E-8	1
157.934703	6.624651E-8	1
158.043571	6.624096E-8	1
158.15148	6.625108E-8	1
158.260292	6.627016E-8	1
158.36909	6.624547E-8	1
158.476097	6.624573E-8	1
158.585395	6.623813E-8	1
158.693624	6.622098E-8	1
158.803391	6.622639E-8	1
158.911487	6.62398E-8	1
159.019094	6.623232E-8	1
159.128204	6.621789E-8	1
159.235845	6.62222E-8	1
159.343045	6.623961E-8	1
159.451333	6.621376E-8	1
159.559978	6.62271E-8	1
159.666689	6.622349E-8	1
159.775404	6.621131E-8	1
159.884047	6.621627E-8	1
159.993401	6.621047E-8	1
160.099803	6.622743E-8	1
160.20769	6.621692E-8	1
160.316504	6.620989E-8	1
160.425838	6.620287E-8	1
160.533696	6.621273E-8	1
160.64258	6.619397E-8	1
160.751281	6.61718E-8	1
160.860405	6.62086E-8	1
160.967121	6.619352E-8	1
161.074835	6.618237E-8	1
161.182546	6.618333E-8	1
161.290126	6.618456E-8	1
161.397504	6.618217E-8	1
161.504457	6.618314E-8	1
161.611747	6.61921E-8	1
161.719125	6.617689E-8	1
161.828238	6.617386E-8	1
161.936965	6.616973E-8	1
162.046335	6.616754E-8	1
162.153784	6.617031E-8	1
162.262889	6.61609E-8	1
162.371521	6.617605E-8	1
162.480132	6.616374E-8	1
162.588579	6.616187E-8	1
162.697988	6.615762E-8	1
162.806109	6.615948E-8	1
162.914745	6.61609E-8	1
163.022343	6.617083E-8	1
163.12913	6.614685E-8	1
163.238075	6.615865E-8	1
163.347968	6.614176E-8	1
163.45703	6.614137E-8	1
163.570992	6.614131E-8	1
163.677765	6.614627E-8	1
163.786867	6.61357E-8	1
163.894837	6.613937E-8	1
164.000556	6.613834E-8	1
164.108278	6.613692E-8	1
164.216663	6.612835E-8	1
164.32429	6.614298E-8	1
164.433077	6.612319E-8	1
164.540134	6.613254E-8	1
164.649532	6.611958E-8	1
164.757438	6.612287E-8	1
164.86656	6.611759E-8	1
164.974558	6.611926E-8	1
165.08335	6.612429E-8	1
165.191365	6.610966E-8	1
165.299947	6.611939E-8	1
165.406817	6.610953E-8	1
165.516397	6.611907E-8	1
165.624419	6.611481E-8	1
165.733789	6.611101E-8	1
165.842291	6.610044E-8	1
165.950096	6.611352E-8	1
166.058613	6.610392E-8	1
166.166257	6.611572E-8	1
166.274535	6.610573E-8	1
166.383719	6.608149E-8	1
166.491894	6.611004E-8	1
166.600161	6.608967E-8	1
166.709158	6.609354E-8	1
166.819087	6.608052E-8	1
166.926664	6.610231E-8	1
167.032825	6.608471E-8	1
167.140865	6.60811E-8	1
167.247705	6.6088E-8	1
167.356098	6.608684E-8	1
167.465119	6.607524E-8	1
167.572542	6.607762E-8	1
167.680582	6.607085E-8	1
167.790692	6.60704E-8	1
167.899156	6.606756E-8	1
168.008432	6.605151E-8	1
168.116441	6.605893E-8	1
168.224082	6.606337E-8	1
168.331804	6.606505E-8	1
168.439175	6.605022E-8	1
168.546927	6.606357E-8	1
168.654164	6.604591E-8	1
168.763047	6.60294E-8	1
168.870279	6.604623E-8	1
168.980696	6.605261E-8	1
169.089793	6.603366E-8	1
169.198286	6.604023E-8	1
169.30653	6.603482E-8	1
169.415241	6.602799E-8	1
169.524767	6.603617E-8	1
169.631807	6.603933E-8	1
169.740225	6.604313E-8	1
169.84879	6.603082E-8	1
169.956744	6.60265E-8	1
170.065291	6.602973E-8	1
170.172667	6.602206E-8	1
170.281395	6.60198E-8	1
170.389191	6.602206E-8	1
170.497651	6.601845E-8	1
170.605372	6.601387E-8	1
170.713647	6.601458E-8	1
170.820813	6.601426E-8	1
170.929008	6.600053E-8	1
171.037388	6.600884E-8	1
171.145404	6.601213E-8	1
171.253342	6.600497E-8	1
171.363112	6.600704E-8	1
171.471291	6.601116E-8	1
171.579189	6.600871E-8	1
171.687603	6.600407E-8	1
171.795683	6.599846E-8	1
171.904138	6.600104E-8	1
172.012547	6.599028E-8	1
172.121597	6.60031E-8	1
172.230368	6.59886E-8	1
172.337896	6.599524E-8	1
172.44489	6.599305E-8	1
172.554622	6.59915E-8	1
172.662809	6.597977E-8	1
172.770603	6.597983E-8	1
172.880277	6.599524E-8	1
172.989215	6.598551E-8	1
173.097484	6.597719E-8	1
173.205279	6.598493E-8	1
173.31267	6.597706E-8	1
173.421608	6.597145E-8	1
173.530635	6.59788E-8	1
173.638166	6.597087E-8	1
173.746999	6.596862E-8	1
173.855429	6.59701E-8	1
173.963675	6.596443E-8	1
174.072783	6.598248E-8	1
174.180622	6.598383E-8	1
174.288668	6.596778E-8	1
174.395597	6.595856E-8	1
174.503788	6.596114E-8	1
174.613492	6.59398E-8	1
174.722183	6.596204E-8	1
174.831118	6.595566E-8	1
174.940235	6.595476E-8	1
175.048505	6.593729E-8	1
175.155709	6.594038E-8	1
175.264683	6.594399E-8	1
175.372808	6.5934E-8	1
175.481621	6.593181E-8	1
175.588388	6.593658E-8	1
175.695797	6.591467E-8	1
175.803856	6.592047E-8	1
175.911465	6.592021E-8	1
176.020631	6.590854E-8	1
176.129923	6.592227E-8	1
176.239257	6.590455E-8	1
176.347174	6.590867E-8	1
176.454481	6.590835E-8	1
176.562154	6.5899E-8	1
176.670565	6.589178E-8	1
176.780245	6.59019E-8	1
176.889194	6.58923E-8	1
176.998772	6.58825E-8	1
177.107081	6.587799E-8	1
177.215556	6.587915E-8	1
177.324438	6.587651E-8	1
177.433802	6.588379E-8	1
177.542164	6.587908E-8	1
177.650491	6.588218E-8	1
177.757826	6.58729E-8	1
177.8667	6.587464E-8	1
177.9747	6.588282E-8	1
178.082435	6.587586E-8	1
178.190268	6.587212E-8	1
178.299479	6.586503E-8	1
178.408362	6.586258E-8	1
178.516933	6.585079E-8	1
178.625473	6.586877E-8	1
178.737785	6.586555E-8	1
178.846081	6.586084E-8	1
178.954805	6.585942E-8	1
179.064505	6.585768E-8	1
179.174636	6.585343E-8	1
179.282537	6.585684E-8	1
179.390403	6.585356E-8	1
179.499274	6.585253E-8	1
179.607595	6.58544E-8	1
179.715887	6.584608E-8	1
179.823296	6.583248E-8	1
179.930682	6.584808E-8	1
180.038549	6.58464E-8	1
180.14567	6.584808E-8	1
180.253401	6.584892E-8	1
180.36323	6.583544E-8	1
180.473148	6.583751E-8	1
180.581235	6.581978E-8	1
180.690094	6.584382E-8	1
180.798426	6.583622E-8	1
180.906662	6.584279E-8	1
181.01741	6.582913E-8	1
181.125412	6.582868E-8	1
181.234766	6.58172E-8	1
181.343726	6.582159E-8	1
181.451589	6.582481E-8	1
181.56044	6.582268E-8	1
181.669026	6.582146E-8	1
181.776506	6.582159E-8	1
181.884587	6.58152E-8	1
181.991495	6.581256E-8	1
182.099299	6.581127E-8	1
182.207322	6.58065E-8	1
182.315558	6.579722E-8	1
182.423272	6.581069E-8	1
182.53147	6.57998E-8	1
182.640021	6.578813E-8	1
182.749975	6.580592E-8	1
182.859302	6.579006E-8	1
182.968132	6.578452E-8	1
183.077044	6.578555E-8	1
183.186082	6.578652E-8	1
183.29526	6.578226E-8	1
183.404347	6.577614E-8	1
183.512948	6.579471E-8	1
183.623562	6.578143E-8	1
183.731352	6.579148E-8	1
183.840239	6.577343E-8	1
183.947826	6.576518E-8	1
184.058015	6.57686E-8	1
184.168322	6.577582E-8	1
184.277267	6.576802E-8	1
184.385009	6.576847E-8	1
184.492502	6.576899E-8	1
184.600254	6.577292E-8	1
184.708146	6.576112E-8	1
184.818298	6.577685E-8	1
184.926049	6.577685E-8	1
185.033677	6.576325E-8	1
185.143081	6.575384E-8	1
185.251251	6.576428E-8	1
185.358684	6.576157E-8	1
185.467453	6.575957E-8	1
185.577208	6.57559E-8	1
185.684983	6.57461E-8	1
185.792664	6.575113E-8	1
185.900717	6.575049E-8	1
186.010025	6.575074E-8	1
186.117762	6.574945E-8	1
186.225858	6.574688E-8	1
186.333837	6.573843E-8	1
186.442451	6.575268E-8	1
186.550242	6.57472E-8	1
186.657968	6.574398E-8	1
186.767586	6.57354E-8	1
186.876142	6.574327E-8	1
186.984375	6.574642E-8	1
187.092079	6.573643E-8	1
187.20021	6.573695E-8	1
187.308082	6.504194E-8	1
187.417618	6.587025E-8	1
187.528678	6.589275E-8	1
187.636711	6.588282E-8	1
187.744192	6.58843E-8	1
187.852465	6.588869E-8	1
187.960301	6.588914E-8	1
188.06989	6.587399E-8	1
188.178711	6.587174E-8	1
188.287192	6.587953E-8	1
188.396423	6.588482E-8	1
188.506794	6.586871E-8	1
188.615564	6.587012E-8	1
188.722593	6.58758E-8	1
188.830534	6.585485E-8	1
188.939355	6.58689E-8	1
189.050089	6.587451E-8	1
189.158104	6.58649E-8	1
189.266879	6.586497E-8	1
189.374637	6.587186E-8	1
189.481916	6.585955E-8	1
189.58936	6.585588E-8	1
189.697594	6.585781E-8	1
189.804653	6.584743E-8	1
189.912901	6.585272E-8	1
190.02191	6.586574E-8	1
190.130368	6.585278E-8	1
190.238361	6.584801E-8	1
190.345893	6.584969E-8	1
190.453313	6.585543E-8	1
190.56221	6.585691E-8	1
190.668406	6.584724E-8	1
190.776746	6.585942E-8	1
190.883587	6.584137E-8	1
190.992109	6.584092E-8	1
191.101839	6.584402E-8	1
191.209398	6.584492E-8	1
191.31808	6.583802E-8	1
191.427885	6.585027E-8	1
191.535393	6.583854E-8	1
191.642638	6.584144E-8	1
191.750864	6.584511E-8	1
191.858248	6.584518E-8	1
191.966199	6.583119E-8	1
192.073991	6.583577E-8	1
192.182115	6.583525E-8	1
192.290823	6.583699E-8	1
192.398537	6.583847E-8	1
192.50525	6.581791E-8	1
192.612964	6.582771E-8	1
192.719946	6.581443E-8	1
192.829484	6.581314E-8	1
192.937484	6.580128E-8	1
193.046711	6.580702E-8	1
193.154565	6.582449E-8	1
193.26349	6.579767E-8	1
193.372622	6.579477E-8	1
193.482347	6.579825E-8	1
193.592165	6.579213E-8	1
193.699384	6.579277E-8	1
193.806738	6.579187E-8	1
193.914445	6.579013E-8	1
194.022139	6.57889E-8	1
194.131075	6.578626E-8	1
194.240403	6.578233E-8	1
194.347846	6.577949E-8	1
194.455935	6.578046E-8	1
194.563313	6.576834E-8	1
194.672062	6.577189E-8	1
194.780129	6.577633E-8	1
194.888281	6.577008E-8	1
194.997447	6.575074E-8	1
195.106271	6.57726E-8	1
195.214782	6.576215E-8	1
195.321168	6.575642E-8	1
195.428878	6.575796E-8	1
195.536484	6.576389E-8	1
195.644587	6.575532E-8	1
195.752688	6.575319E-8	1
195.861015	6.575732E-8	1
195.968772	6.575687E-8	1
196.077684	6.575771E-8	1
196.185222	6.575751E-8	1
196.293871	6.575055E-8	1
196.40081	6.573418E-8	1
196.507924	6.574185E-8	1
196.616947	6.573263E-8	1
196.724916	6.574146E-8	1
196.834015	6.573727E-8	1
196.942163	6.573469E-8	1
197.051818	6.574307E-8	1
197.159343	6.574307E-8	1
197.26691	6.573192E-8	1
197.375867	6.573669E-8	1
197.484581	6.57365E-8	1
197.593528	6.572664E-8	1
197.700169	6.573908E-8	1
197.809432	6.571761E-8	1
197.917793	6.572457E-8	1
198.026522	6.571826E-8	1
198.135343	6.572489E-8	1
198.242272	6.57111E-8	1
198.350438	6.572799E-8	1
198.459015	6.571374E-8	1
198.566425	6.572315E-8	1
198.675235	6.572676E-8	1
198.783422	6.570188E-8	1
198.890389	6.571819E-8	1
199.000223	6.572251E-8	1
199.108564	6.572135E-8	1
199.216778	6.571645E-8	1
199.326957	6.571516E-8	1
199.434025	6.570459E-8	1
199.543909	6.571703E-8	1
199.650796	6.570523E-8	1
199.758171	6.571587E-8	1
199.86602	6.57082E-8	1
199.974521	6.571722E-8	1
200.082809	6.571503E-8	1
200.190399	6.569531E-8	1
200.297259	6.570259E-8	1
200.406932	6.569144E-8	1
200.514719	6.570749E-8	1
200.621987	6.567449E-8	1
200.730835	6.569479E-8	1
200.838971	6.569557E-8	1
200.946605	6.569537E-8	1
201.054018	6.569337E-8	1
201.163624	6.568461E-8	1
201.270783	6.567674E-8	1
201.37946	6.568777E-8	1
201.487537	6.568635E-8	1
201.595988	6.567275E-8	1
201.705297	6.568074E-8	1
201.813085	6.568055E-8	1
201.920344	6.566443E-8	1
202.029166	6.56625E-8	1
202.136749	6.567752E-8	1
202.244995	6.566366E-8	1
202.353006	6.564045E-8	1
202.45947	6.566134E-8	1
202.568631	6.564329E-8	1
202.67635	6.566392E-8	1
202.786625	6.565985E-8	1
202.895009	6.566198E-8	1
203.001843	6.565354E-8	1
203.110666	6.565489E-8	1
203.217917	6.564503E-8	1
203.326803	6.56438E-8	1
203.436116	6.564832E-8	1
203.544057	6.564767E-8	1
203.651357	6.563646E-8	1
203.759483	6.564754E-8	1
203.867852	6.56371E-8	1
203.975907	6.563929E-8	1
204.083084	6.563807E-8	1
204.19111	6.563549E-8	1
204.299489	6.564213E-8	1
204.407194	6.5636E-8	1
204.517299	6.563504E-8	1
204.625862	6.563091E-8	1
204.733918	6.561402E-8	1
204.84222	6.562086E-8	1
204.950728	6.562189E-8	1
205.058111	6.56206E-8	1
205.166591	6.561609E-8	1
205.274006	6.562053E-8	1
205.380889	6.560519E-8	1
205.489452	6.561029E-8	1
205.601825	6.561899E-8	1
205.708303	6.560635E-8	1
205.816293	6.560287E-8	1
205.92455	6.561435E-8	1
206.033237	6.560062E-8	1
206.141109	6.559636E-8	1
206.249986	6.559726E-8	1
206.358931	6.560332E-8	1
206.467614	6.559237E-8	1
206.576388	6.558818E-8	1
206.685596	6.559404E-8	1
206.794909	6.55952E-8	1
206.902756	6.55992E-8	1
207.011202	6.558154E-8	1
207.120331	6.559926E-8	1
207.228037	6.55836E-8	1
207.337456	6.558308E-8	1
207.445752	6.558689E-8	1
207.552953	6.558895E-8	1
207.663183	6.558495E-8	1
207.770469	6.556478E-8	1
207.878076	6.558515E-8	1
207.987097	6.557019E-8	1
208.09615	6.557818E-8	1
208.204153	6.558115E-8	1
208.311914	6.558476E-8	1
208.419271	6.556903E-8	1
208.526751	6.558128E-8	1
208.635247	6.557767E-8	1
208.742716	6.556871E-8	1
208.850492	6.557328E-8	1
208.959529	6.557625E-8	1
209.068293	6.557341E-8	1
209.177524	6.557909E-8	1
209.286322	6.557212E-8	1
209.394201	6.556748E-8	1
209.503659	6.558128E-8	1
209.612633	6.559991E-8	1
209.720227	6.556323E-8	1
209.829277	6.556832E-8	1
209.937973	6.556555E-8	1
210.045271	6.556246E-8	1
210.153891	6.555678E-8	1
210.261024	6.555588E-8	1
210.370366	6.554544E-8	1
210.477957	6.55455E-8	1
210.58633	6.555414E-8	1
210.694618	6.555362E-8	1
210.802839	6.555453E-8	1
210.91083	6.553938E-8	1
211.018654	6.554673E-8	1
211.127192	6.55379E-8	1
211.23608	6.553422E-8	1
211.344196	6.552997E-8	1
211.45228	6.552552E-8	1
211.560237	6.552681E-8	1
211.670139	6.551662E-8	1
211.777576	6.551836E-8	1
211.885492	6.550612E-8	1
211.994645	6.550676E-8	1
212.103928	6.551559E-8	1
212.210867	6.548684E-8	1
212.319562	6.549896E-8	1
212.427224	6.549787E-8	1
212.535304	6.549078E-8	1
212.644544	6.54735E-8	1
212.752043	6.548066E-8	1
212.860951	6.550051E-8	1
212.969181	6.548427E-8	1
213.077217	6.547543E-8	1
213.186244	6.548195E-8	1
213.294514	6.548182E-8	1
213.402779	6.548433E-8	1
213.510499	6.54726E-8	1
213.620592	6.549045E-8	1
213.72816	6.54775E-8	1
213.838143	6.546957E-8	1
213.946021	6.546448E-8	1
214.054563	6.547389E-8	1
214.164254	6.546822E-8	1
214.272079	6.548156E-8	1
214.381968	6.545745E-8	1
214.488731	6.546035E-8	1
214.597178	6.546145E-8	1
214.705126	6.544727E-8	1
214.813745	6.546377E-8	1
214.92126	6.545861E-8	1
215.030215	6.546035E-8	1
215.137666	6.54588E-8	1
215.245996	6.546228E-8	1
215.352436	6.544146E-8	1
215.461976	6.545294E-8	1
215.570992	6.545204E-8	1
215.679588	6.545281E-8	1
215.78784	6.543173E-8	1
215.897472	6.543953E-8	1
216.006383	6.544469E-8	1
216.113126	6.544262E-8	1
216.220921	6.544778E-8	1
216.329496	6.543927E-8	1
216.437597	6.543695E-8	1
216.546994	6.544076E-8	1
216.655265	6.543051E-8	1
216.763207	6.542967E-8	1
216.871875	6.54325E-8	1
216.979598	6.544237E-8	1
217.087543	6.543631E-8	1
217.196388	6.54229E-8	1
217.303664	6.543225E-8	1
217.412016	6.543231E-8	1
217.519974	6.542174E-8	1
217.628369	6.543302E-8	1
217.736813	6.543109E-8	1
217.845732	6.542E-8	1
217.954743	6.542226E-8	1
218.062706	6.541426E-8	1
218.170998	6.540356E-8	1
218.279611	6.542883E-8	1
218.388776	6.540511E-8	1
218.498447	6.541433E-8	1
218.606748	6.541213E-8	1
218.71522	6.541342E-8	1
218.822958	6.539834E-8	1
218.930621	6.540749E-8	1
219.037621	6.540711E-8	1
219.146703	6.53984E-8	1
219.255819	6.540782E-8	1
219.364923	6.540981E-8	1
219.473362	6.540118E-8	1
219.581569	6.541858E-8	1
219.689623	6.539305E-8	1
219.798801	6.539164E-8	1
219.907773	6.539247E-8	1
220.015071	6.538571E-8	1
220.122838	6.540137E-8	1
220.230629	6.539441E-8	1
220.338098	6.539415E-8	1
220.445812	6.539351E-8	1
220.553523	6.538087E-8	1
220.661236	6.536798E-8	1
220.769947	6.537965E-8	1
220.878656	6.537816E-8	1
220.985373	6.536617E-8	1
221.093086	6.53792E-8	1
221.200799	6.536721E-8	1
221.307824	6.537513E-8	1
221.417121	6.537114E-8	1
221.526127	6.536566E-8	1
221.63514	6.537571E-8	1
221.743859	6.537778E-8	1
221.85276	6.53723E-8	1
221.960569	6.535541E-8	1
222.067897	6.537114E-8	1
222.175148	6.536598E-8	1
222.283366	6.533981E-8	1
222.393202	6.535547E-8	1
222.50186	6.535148E-8	1
222.611037	6.535966E-8	1
222.71898	6.533633E-8	1
222.826182	6.534529E-8	1
222.935781	6.534742E-8	1
223.044376	6.534974E-8	1
223.153142	6.535857E-8	1
223.261951	6.535167E-8	1
223.370654	6.534007E-8	1
223.478369	6.533685E-8	1
223.585082	6.533975E-8	1
223.692824	6.534709E-8	1
223.799856	6.534026E-8	1
223.906127	6.532531E-8	1
224.014656	6.532995E-8	1
224.122053	6.533182E-8	1
224.22966	6.53315E-8	1
224.33719	6.532975E-8	1
224.444909	6.533246E-8	1
224.553352	6.533452E-8	1
224.662775	6.532511E-8	1
224.770664	6.533414E-8	1
224.879667	6.532299E-8	1
224.987583	6.531538E-8	1
225.095141	6.532234E-8	1
225.201828	6.534084E-8	1
225.31117	6.531912E-8	1
225.418914	6.529901E-8	1
225.527049	6.531796E-8	1
225.634707	6.5311E-8	1
225.743492	6.530165E-8	1
225.851205	6.532615E-8	1
225.95894	6.531183E-8	1
226.066653	6.530378E-8	1
226.173258	6.531067E-8	1
226.281203	6.530816E-8	1
226.389678	6.529604E-8	1
226.497107	6.529295E-8	1
226.603822	6.532208E-8	1
226.710797	6.529424E-8	1
226.818918	6.529353E-8	1
226.928048	6.529733E-8	1
227.034736	6.52847E-8	1
227.14361	6.53003E-8	1
227.252861	6.53059E-8	1
227.360572	6.529759E-8	1
227.46839	6.530752E-8	1
227.577837	6.529256E-8	1
227.685778	6.52981E-8	1
227.793813	6.527922E-8	1
227.901171	6.52974E-8	1
228.008622	6.528586E-8	1
228.117726	6.526755E-8	1
228.226216	6.528618E-8	1
228.335756	6.528051E-8	1
228.443254	6.527206E-8	1
228.550699	6.527825E-8	1
228.659203	6.528089E-8	1
228.767412	6.525859E-8	1
228.877409	6.526233E-8	1
228.985256	6.526749E-8	1
229.092957	6.526497E-8	1
229.202586	6.526085E-8	1
229.311274	6.525189E-8	1
229.419707	6.525382E-8	1
229.527888	6.523107E-8	1
229.636597	6.525414E-8	1
229.746213	6.523925E-8	1
229.854975	6.524912E-8	1
229.962922	6.523906E-8	1
230.070384	6.524377E-8	1
230.179713	6.523339E-8	1
230.287716	6.52368E-8	1
230.394847	6.524267E-8	1
230.501589	6.522984E-8	1
230.609403	6.522945E-8	1
230.717596	6.526027E-8	1
230.827145	6.523506E-8	1
230.935884	6.523029E-8	1
231.043511	6.522017E-8	1
231.150955	6.523178E-8	1
231.258281	6.522939E-8	1
231.367137	6.522726E-8	1
231.475193	6.522849E-8	1
231.583834	6.521875E-8	1
231.692126	6.521463E-8	1
231.800154	6.522262E-8	1
231.909621	6.521663E-8	1
232.018566	6.521224E-8	1
232.125711	6.521805E-8	1
232.23454	6.521991E-8	1
232.342808	6.520548E-8	1
232.451823	6.52076E-8	1
232.559735	6.521701E-8	1
232.667272	6.521766E-8	1
232.779573	6.521521E-8	1
232.88773	6.520109E-8	1
232.994907	6.519839E-8	1
233.104329	6.519091E-8	1
233.211432	6.52076E-8	1
233.319742	6.520083E-8	1
233.426795	6.519458E-8	1
233.53493	6.518723E-8	1
233.644475	6.519768E-8	1
233.752948	6.51775E-8	1
233.860733	6.519142E-8	1
233.969708	6.518968E-8	1
234.077698	6.518188E-8	1
234.185835	6.518672E-8	1
234.294913	6.517931E-8	1
234.402923	6.517995E-8	1
234.511352	6.517576E-8	1
234.619065	6.518826E-8	1
234.727404	6.517299E-8	1
234.837657	6.516938E-8	1
234.946641	6.517976E-8	1
235.057095	6.516712E-8	1
235.165308	6.518556E-8	1
235.272901	6.518362E-8	1
235.381292	6.517544E-8	1
235.489758	6.516848E-8	1
235.598745	6.518143E-8	1
235.706545	6.51717E-8	1
235.81526	6.516216E-8	1
235.923484	6.516512E-8	1
236.032108	6.516499E-8	1
236.141049	6.515823E-8	1
236.248574	6.516474E-8	1
236.357563	6.516764E-8	1
236.465722	6.516996E-8	1
236.575159	6.515365E-8	1
236.686007	6.514965E-8	1
236.793817	6.516525E-8	1
236.900694	6.514475E-8	1
237.009222	6.516931E-8	1
237.118751	6.51454E-8	1
237.225927	6.515584E-8	1
237.333807	6.515423E-8	1
237.443412	6.514121E-8	1
237.552435	6.514282E-8	1
237.659579	6.514463E-8	1
237.768376	6.515114E-8	1
237.876191	6.513766E-8	1
237.984896	6.513567E-8	1
238.093586	6.514991E-8	1
238.201431	6.514527E-8	1
238.308401	6.514495E-8	1
238.41543	6.513973E-8	1
238.523361	6.514946E-8	1
238.630793	6.51347E-8	1
238.738602	6.5126E-8	1
238.846344	6.511227E-8	1
238.954462	6.511194E-8	1
239.062514	6.512754E-8	1
239.171225	6.432908E-8	1
239.277942	6.51425E-8	1
239.385356	6.524267E-8	1
239.494315	6.52428E-8	1
239.603156	6.523416E-8	1
239.7107	6.524183E-8	1
239.818936	6.523738E-8	1
239.927316	6.522114E-8	1
240.035434	6.523435E-8	1
240.144121	6.523513E-8	1
240.251204	6.522829E-8	1
240.359804	6.521321E-8	1
240.467691	6.522804E-8	1
240.576001	6.522636E-8	1
240.684944	6.521798E-8	1
240.791814	6.521863E-8	1
240.89893	6.521521E-8	1
241.007966	6.521508E-8	1
241.117297	6.522037E-8	1
241.224965	6.521572E-8	1
241.333007	6.519974E-8	1
241.441152	6.520638E-8	1
241.549813	6.520328E-8	1
241.658277	6.519877E-8	1
241.767069	6.518814E-8	1
241.875202	6.519839E-8	1
241.983757	6.520283E-8	1
242.091549	6.519181E-8	1
242.199826	6.521244E-8	1
242.308794	6.519645E-8	1
242.415825	6.518401E-8	1
242.523108	6.519748E-8	1
242.632211	6.518472E-8	1
242.739819	6.519806E-8	1
242.849173	6.519239E-8	1
242.956275	6.518047E-8	1
243.064167	6.517273E-8	1
243.172878	6.51804E-8	1
243.279835	6.517853E-8	1
243.388986	6.517885E-8	1
243.496211	6.517131E-8	1
243.603963	6.517905E-8	1
243.713501	6.51746E-8	1
243.822471	6.517557E-8	1
243.929733	6.516989E-8	1
244.038714	6.51746E-8	1
244.146498	6.518169E-8	1
244.2555	6.516622E-8	1
244.363385	6.51679E-8	1
244.472246	6.517325E-8	1
244.580774	6.516139E-8	1
244.68925	6.517389E-8	1
244.796965	6.516654E-8	1
244.904677	6.516164E-8	1
245.01139	6.517009E-8	1
245.1201	6.516029E-8	1
245.228812	6.515771E-8	1
245.335527	6.517202E-8	1
245.443239	6.514894E-8	1
245.551949	6.516654E-8	1
245.659773	6.515268E-8	1
245.76864	6.515861E-8	1
245.877063	6.515146E-8	1
245.985044	6.514952E-8	1
246.094045	6.515094E-8	1
246.203174	6.51396E-8	1
246.31057	6.515397E-8	1
246.420689	6.514637E-8	1
246.529854	6.514153E-8	1
246.637036	6.515352E-8	1
246.746634	6.516074E-8	1
246.855359	6.513831E-8	1
246.965269	6.512548E-8	1
247.071986	6.512928E-8	1
247.179697	6.511575E-8	1
247.286412	6.512896E-8	1
247.395123	6.512258E-8	1
247.503838	6.512219E-8	1
247.610533	6.511762E-8	1
247.719183	6.510956E-8	1
247.827764	6.511162E-8	1
247.934203	6.510698E-8	1
248.041492	6.509931E-8	1
248.150578	6.509983E-8	1
248.258314	6.511078E-8	1
248.366027	6.50957E-8	1
248.473095	6.50986E-8	1
248.583294	6.508893E-8	1
248.689872	6.509641E-8	1
248.799869	6.510511E-8	1
248.908525	6.510215E-8	1
249.017716	6.510111E-8	1
249.12534	6.508216E-8	1
249.23498	6.509892E-8	1
249.343197	6.509957E-8	1
249.449881	6.50939E-8	1
249.558504	6.50841E-8	1
249.666822	6.508945E-8	1
249.774634	6.509686E-8	1
249.882268	6.507997E-8	1
249.990273	6.507224E-8	1
250.098818	6.509228E-8	1
250.206742	6.50714E-8	1
250.314884	6.508274E-8	1
250.423268	6.508951E-8	1
250.531179	6.507881E-8	1
250.639889	6.508739E-8	1
250.748747	6.507778E-8	1
250.856461	6.507333E-8	1
250.965175	6.507739E-8	1
251.073642	6.507146E-8	1
251.181199	6.505348E-8	1
251.289495	6.505193E-8	1
251.39838	6.506295E-8	1
251.50632	6.50569E-8	1
251.614089	6.505155E-8	1
251.723898	6.506353E-8	1
251.831775	6.505457E-8	1
251.940509	6.504845E-8	1
252.04815	6.505735E-8	1
252.155823	6.504613E-8	1
252.263373	6.504329E-8	1
252.371299	6.50576E-8	1
252.479526	6.504626E-8	1
252.587582	6.50373E-8	1
252.695601	6.50462E-8	1
252.803745	6.502873E-8	1
252.910422	6.503511E-8	1
253.018068	6.503788E-8	1
253.126152	6.503917E-8	1
253.234455	6.503665E-8	1
253.342825	6.503556E-8	1
253.450942	6.50393E-8	1
253.559824	6.502924E-8	1
253.669016	6.503595E-8	1
253.77775	6.503163E-8	1
253.886776	6.501667E-8	1
253.995987	6.503375E-8	1
254.105486	6.503188E-8	1
254.213485	6.50206E-8	1
254.32217	6.502589E-8	1
254.431317	6.501925E-8	1
254.538754	6.501932E-8	1
254.646487	6.50199E-8	1
254.75505	6.502486E-8	1
254.864102	6.502325E-8	1
254.97266	6.502183E-8	1
255.081562	6.501693E-8	1
255.189401	6.501184E-8	1
255.298438	6.500617E-8	1
255.408114	6.500945E-8	1
255.517954	6.501235E-8	1
255.625184	6.500913E-8	1
255.734309	6.499914E-8	1
255.842079	6.500984E-8	1
255.950965	6.501003E-8	1
256.058569	6.501403E-8	1
256.189453	6.499469E-8	1
256.301156	6.500488E-8	1
256.408868	6.50119E-8	1
256.516523	6.500636E-8	1
256.625232	6.500842E-8	1
256.731952	6.498425E-8	1
256.839217	6.499456E-8	1
256.948447	6.498915E-8	1
257.057318	6.500127E-8	1
257.165724	6.499643E-8	1
257.273836	6.500346E-8	1
257.388146	6.498696E-8	1
257.512813	6.498348E-8	1
257.630226	6.498831E-8	1
257.738935	6.497336E-8	1
257.847645	6.498264E-8	1
257.955089	6.498618E-8	1
258.064832	6.498025E-8	1
258.174113	6.497374E-8	1
258.281346	6.498199E-8	1
258.389328	6.497593E-8	1
258.497318	6.497877E-8	1
258.605116	6.496807E-8	1
258.728758	6.497851E-8	1
258.838711	6.498141E-8	1
258.947595	6.497426E-8	1
259.05792	6.495943E-8	1
259.167449	6.496633E-8	1
259.275394	6.497123E-8	1
259.383641	6.496195E-8	1
259.493336	6.496414E-8	1
259.602269	6.496427E-8	1
259.709845	6.496156E-8	1
259.816369	6.496459E-8	1
259.923867	6.495924E-8	1
260.03284	6.49633E-8	1
260.142136	6.497709E-8	1
260.250051	6.496433E-8	1
260.358852	6.496788E-8	1
260.467263	6.494609E-8	1
260.575322	6.494602E-8	1
260.683547	6.494377E-8	1
260.79202	6.494648E-8	1
260.902428	6.495195E-8	1
261.009385	6.494357E-8	1
261.117097	6.495189E-8	1
261.225323	6.493938E-8	1
261.334668	6.493919E-8	1
261.443359	6.493442E-8	1
261.551312	6.493784E-8	1
261.660581	6.492727E-8	1
261.769451	6.49321E-8	1
261.87659	6.493681E-8	1
261.984365	6.493519E-8	1
262.093468	6.493861E-8	1
262.203393	6.493829E-8	1
262.311401	6.492997E-8	1
262.419469	6.492746E-8	1
262.527226	6.493055E-8	1
262.636164	6.493204E-8	1
262.743612	6.493513E-8	1
262.850597	6.492565E-8	1
262.959489	6.493326E-8	1
263.067251	6.49252E-8	1
263.173742	6.492333E-8	1
263.281794	6.491972E-8	1
263.390037	6.491534E-8	1
263.498537	6.493178E-8	1
263.606313	6.490954E-8	1
263.715245	6.491837E-8	1
263.823601	6.491882E-8	1
263.931341	6.490948E-8	1
264.039605	6.490857E-8	1
264.14682	6.490967E-8	1
264.255479	6.492591E-8	1
264.363921	6.490599E-8	1
264.471754	6.490915E-8	1
264.580039	6.490097E-8	1
264.687088	6.489368E-8	1
264.794363	6.49018E-8	1
264.902739	6.4902E-8	1
265.010568	6.489214E-8	1
265.121081	6.488898E-8	1
265.229906	6.488698E-8	1
265.33755	6.488485E-8	1
265.445405	6.488975E-8	1
265.552385	6.488691E-8	1
265.660852	6.489117E-8	1
265.770029	6.489388E-8	1
265.878419	6.487686E-8	1
265.987067	6.488337E-8	1
266.097168	6.486906E-8	1
266.20486	6.488659E-8	1
266.313186	6.488111E-8	1
266.421419	6.486983E-8	1
266.530753	6.487318E-8	1
266.638195	6.485043E-8	1
266.746327	6.485642E-8	1
266.858933	6.487757E-8	1
266.966744	6.487879E-8	1
267.073696	6.486094E-8	1
267.182704	6.487531E-8	1
267.29004	6.484843E-8	1
267.397464	6.486158E-8	1
267.505869	6.486029E-8	1
267.613025	6.486564E-8	1
267.722433	6.485642E-8	1
267.831383	6.485436E-8	1
267.939171	6.486745E-8	1
268.046837	6.485043E-8	1
268.155721	6.484521E-8	1
268.2647	6.485965E-8	1
268.37144	6.484908E-8	1
268.479516	6.484882E-8	1
268.58876	6.485333E-8	1
268.69669	6.484895E-8	1
268.804768	6.483986E-8	1
268.915093	6.485004E-8	1
269.023792	6.48483E-8	1
269.133799	6.483902E-8	1
269.242696	6.484418E-8	1
269.351443	6.484656E-8	1
269.460251	6.482684E-8	1
269.575373	6.483644E-8	1
269.683273	6.483425E-8	1
269.791788	6.484147E-8	1
269.900386	6.483077E-8	1
270.008805	6.483431E-8	1
270.117542	6.483238E-8	1
270.225284	6.482845E-8	1
270.333921	6.482239E-8	1
270.443078	6.481601E-8	1
270.551089	6.481511E-8	1
270.659036	6.481756E-8	1
270.768847	6.482954E-8	1
270.876621	6.483225E-8	1
270.983901	6.480473E-8	1
271.092005	6.481839E-8	1
271.20007	6.480847E-8	1
271.308992	6.481872E-8	1
271.417922	6.481014E-8	1
271.52551	6.481046E-8	1
271.633642	6.481427E-8	1
271.740927	6.481878E-8	1
271.848677	6.480292E-8	1
271.957347	6.480647E-8	1
272.065815	6.48144E-8	1
272.174521	6.480905E-8	1
272.281749	6.479673E-8	1
272.390329	6.481349E-8	1
272.498516	6.480918E-8	1
272.605531	6.479615E-8	1
272.714734	6.47986E-8	1
272.822282	6.480067E-8	1
272.929873	6.479151E-8	1
273.03827	6.479448E-8	1
273.147304	6.477869E-8	1
273.254574	6.480763E-8	1
273.36371	6.478932E-8	1
273.472205	6.479667E-8	1
273.579644	6.479055E-8	1
273.688906	6.479068E-8	1
273.797364	6.479338E-8	1
273.905932	6.47832E-8	1
274.01547	6.479338E-8	1
274.123612	6.478771E-8	1
274.233592	6.478687E-8	1
274.340825	6.479055E-8	1
274.450097	6.478829E-8	1
274.559573	6.47792E-8	1
274.669149	6.478771E-8	1
274.776575	6.477353E-8	1
274.884995	6.478758E-8	1
274.993948	6.477952E-8	1
275.102497	6.478494E-8	1
275.210776	6.477172E-8	1
275.319606	6.477662E-8	1
275.427137	6.478307E-8	1
275.535449	6.475574E-8	1
275.645161	6.475954E-8	1
275.752445	6.474304E-8	1
275.860118	6.475251E-8	1
275.969441	6.474826E-8	1
276.076972	6.47734E-8	1
276.185098	6.476882E-8	1
276.292588	6.474916E-8	1
276.400116	6.476476E-8	1
276.508595	6.475258E-8	1
276.616645	6.475026E-8	1
276.725235	6.475754E-8	1
276.834251	6.475438E-8	1
276.942512	6.474813E-8	1
277.051121	6.473956E-8	1
277.158586	6.474755E-8	1
277.267963	6.474349E-8	1
277.376167	6.474149E-8	1
277.484593	6.393342E-8	1
277.593867	6.487415E-8	1
277.702947	6.49E-8	1
277.811991	6.48951E-8	1
277.921127	6.490458E-8	1
278.028488	6.49136E-8	1
278.135222	6.490464E-8	1
278.244255	6.489981E-8	1
278.35315	6.48951E-8	1
278.461525	6.489671E-8	1
278.570043	6.490483E-8	1
278.67846	6.489736E-8	1
278.785614	6.489065E-8	1
278.894037	6.489162E-8	1
279.001097	6.488936E-8	1
279.112288	6.488066E-8	1
279.220872	6.488363E-8	1
279.328781	6.48951E-8	1
279.437942	6.488524E-8	1
279.547171	6.487757E-8	1
279.65568	6.486841E-8	1
279.76336	6.488711E-8	1
279.873213	6.486906E-8	1
279.981797	6.48904E-8	1
280.090981	6.487273E-8	1
280.199797	6.487828E-8	1
280.30754	6.487177E-8	1
280.415487	6.487525E-8	1
280.524504	6.487106E-8	1
280.631896	6.486345E-8	1
280.742598	6.486442E-8	1
280.850827	6.486364E-8	1
280.958924	6.485829E-8	1
281.067744	6.485913E-8	1
281.175441	6.486854E-8	1
281.28493	6.485597E-8	1
281.393734	6.484882E-8	1
281.502551	6.485939E-8	1
281.613991	6.48494E-8	1
281.720491	6.485346E-8	1
281.830164	6.485675E-8	1
281.938497	6.485868E-8	1
282.048366	6.485417E-8	1
282.156073	6.485494E-8	1
282.26395	6.485082E-8	1
282.372121	6.484682E-8	1
282.480494	6.485359E-8	1
282.589046	6.484695E-8	1
282.69769	6.483734E-8	1
282.805939	6.483464E-8	1
282.914102	6.484018E-8	1
283.023605	6.484025E-8	1
283.132237	6.484792E-8	1
283.240176	6.485069E-8	1
283.348184	6.485275E-8	1
283.455492	6.483896E-8	1
283.563854	6.48338E-8	1
283.671653	6.483818E-8	1
283.783188	6.482896E-8	1
283.890726	6.482046E-8	1
283.999006	6.481607E-8	1
284.106824	6.482142E-8	1
284.215672	6.481349E-8	1
284.323358	6.481291E-8	1
284.430183	6.481027E-8	1
284.538651	6.480415E-8	1
284.646983	6.48084E-8	1
284.755573	6.481059E-8	1
284.863946	6.480112E-8	1
284.974372	6.480163E-8	1
285.084053	6.480144E-8	1
285.191153	6.479641E-8	1
285.300191	6.480144E-8	1
285.408681	6.479557E-8	1
285.515397	6.479609E-8	1
285.622611	6.478861E-8	1
285.731498	6.479867E-8	1
285.83963	6.480808E-8	1
285.948571	6.481259E-8	1
286.05652	6.480254E-8	1
286.165611	6.47908E-8	1
286.273667	6.47812E-8	1
286.381575	6.478384E-8	1
286.487924	6.477031E-8	1
286.596256	6.478365E-8	1
286.706612	6.477811E-8	1
286.814227	6.47694E-8	1
286.921987	6.477366E-8	1
287.029981	6.477875E-8	1
287.139792	6.477108E-8	1
287.247686	6.475941E-8	1
287.356146	6.477778E-8	1
287.464699	6.476985E-8	1
287.573631	6.478068E-8	1
287.682299	6.476837E-8	1
287.79108	6.476915E-8	1
287.900217	6.475638E-8	1
288.009603	6.474871E-8	1
288.116734	6.474878E-8	1
288.225653	6.474549E-8	1
288.333514	6.475303E-8	1
288.442403	6.476102E-8	1
288.552658	6.474729E-8	1
288.660881	6.475168E-8	1
288.769796	6.474942E-8	1
288.878305	6.474349E-8	1
288.988027	6.474594E-8	1
289.09657	6.47326E-8	1
289.204084	6.474504E-8	1
289.311653	6.474646E-8	1
289.420841	6.473711E-8	1
289.530701	6.473588E-8	1
289.638545	6.474123E-8	1
289.746859	6.47413E-8	1
289.854813	6.472808E-8	1
289.961934	6.473582E-8	1
290.071355	6.473421E-8	1
290.179756	6.47393E-8	1
290.289028	6.475206E-8	1
290.397219	6.473543E-8	1
290.505641	6.473376E-8	1
290.613717	6.472802E-8	1
290.72204	6.473466E-8	1
290.830138	6.472203E-8	1
290.940064	6.472493E-8	1
291.049233	6.472467E-8	1
291.156696	6.474285E-8	1
291.265645	6.473569E-8	1
291.372598	6.472125E-8	1
291.481771	6.473434E-8	1
291.590369	6.472834E-8	1
291.698565	6.471893E-8	1
291.80675	6.473247E-8	1
291.915459	6.471919E-8	1
292.024355	6.471236E-8	1
292.13369	6.472422E-8	1
292.24171	6.472119E-8	1
292.351638	6.471513E-8	1
292.46096	6.471777E-8	1
292.567782	6.472022E-8	1
292.673777	6.471152E-8	1
292.781648	6.471526E-8	1
292.889551	6.472325E-8	1
292.998962	6.471577E-8	1
293.109112	6.471906E-8	1
293.217684	6.47121E-8	1
293.325697	6.471004E-8	1
293.434015	6.470159E-8	1
293.543216	6.46994E-8	1
293.651658	6.470295E-8	1
293.760115	6.46954E-8	1
293.868825	6.468838E-8	1
293.976539	6.469147E-8	1
294.083254	6.469121E-8	1
294.190974	6.467793E-8	1
294.297796	6.469373E-8	1
294.405066	6.4682E-8	1
294.512391	6.468689E-8	1
294.620113	6.46858E-8	1
294.729509	6.468064E-8	1
294.836244	6.46751E-8	1
294.945755	6.468696E-8	1
295.054879	6.467897E-8	1
295.163732	6.46798E-8	1
295.27167	6.467284E-8	1
295.381279	6.467768E-8	1
295.488849	6.467072E-8	1
295.596914	6.46887E-8	1
295.703955	6.468419E-8	1
295.811028	6.466781E-8	1
295.918613	6.466794E-8	1
296.025673	6.4674E-8	1
296.134161	6.46615E-8	1
296.24168	6.466885E-8	1
296.350288	6.466698E-8	1
296.45891	6.466794E-8	1
296.568308	6.466607E-8	1
296.676792	6.466279E-8	1
296.785787	6.465576E-8	1
296.894626	6.466317E-8	1
297.002607	6.46624E-8	1
297.111671	6.466588E-8	1
297.219743	6.465015E-8	1
297.328784	6.465679E-8	1
297.437435	6.464699E-8	1
297.546122	6.465512E-8	1
297.655504	6.465415E-8	1
297.764025	6.464996E-8	1
297.871411	6.464081E-8	1
297.980714	6.4639E-8	1
298.090305	6.464525E-8	1
298.198781	6.465686E-8	1
298.306878	6.464577E-8	1
298.413923	6.46557E-8	1
298.524266	6.463803E-8	1
298.632073	6.464003E-8	1
298.741311	6.46526E-8	1
298.849452	6.465035E-8	1
298.958	6.465247E-8	1
299.065695	6.463333E-8	1
299.172636	6.464422E-8	1
299.280316	6.464139E-8	1
299.389035	6.462559E-8	1
299.497176	6.462566E-8	1
299.610148	6.463842E-8	1
299.716755	6.4637E-8	1
299.825008	6.463075E-8	1
299.93207	6.463069E-8	1
300.042045	2.308701E-8	1
300.149821	1.556706E-10	0
300.258462	1.548971E-10	0
300.367486	1.571532E-10	0
300.476447	1.612787E-10	0
300.585384	1.589581E-10	0
300.692973	1.553483E-10	0
300.800726	1.56702E-10	0
300.908362	1.556062E-10	0
301.017622	1.568309E-10	0
301.126948	1.588292E-10	0
301.234522	1.544459E-10	0
301.34282	1.557996E-10	0
301.45152	1.579268E-10	0
301.559884	1.549616E-10	0
301.669193	1.557351E-10	0
301.778794	1.565086E-10	0
301.887516	1.569598E-10	0
301.99605	1.53479E-10	0
302.104064	1.586358E-10	0
302.213676	1.574111E-10	0
302.321365	1.568954E-10	0
302.430027	1.563152E-10	0
302.538218	1.576689E-10	0
302.64698	1.570243E-10	0
302.754679	1.556706E-10	0
302.864685	1.536724E-10	0
302.97279	1.56702E-10	0
303.081347	1.581201E-10	0
303.189312	1.577334E-10	0
303.299471	1.55864E-10	0
303.408761	1.559285E-10	0
303.516575	1.588937E-10	0
303.624396	1.568309E-10	0
303.733478	1.565086E-10	0
303.842253	1.586358E-10	0
303.950562	1.547037E-10	0
304.060251	1.559285E-10	0
304.167621	1.565086E-10	0
304.274898	1.561863E-10	0
304.383894	1.555417E-10	0
304.492011	1.557351E-10	0
304.600187	1.566375E-10	0
304.709039	1.532212E-10	0
304.817693	1.541881E-10	0
304.92666	1.563152E-10	0
305.03444	1.552839E-10	0
305.142582	1.579268E-10	0
305.251792	1.559285E-10	0
305.360193	1.570243E-10	0
305.46787	1.597316E-10	0
305.576494	1.554773E-10	0
305.684786	1.601829E-10	0
305.792706	1.587647E-10	0
305.900376	1.566375E-10	0
306.00732	1.584424E-10	0
306.116079	1.56702E-10	0
306.224516	1.554773E-10	0
306.333978	1.564442E-10	0
306.443769	1.577334E-10	0
306.552215	1.579268E-10	0
306.660208	1.580557E-10	0
306.768304	1.510295E-10	0
306.877532	1.570243E-10	0
306.986561	1.56702E-10	0
307.094528	1.562508E-10	0
307.203819	1.543814E-10	0
307.31235	1.565731E-10	0
307.419864	1.570888E-10	0
307.527963	1.547037E-10	0
307.637277	1.585714E-10	0
307.744925	1.530278E-10	0
307.852438	1.567665E-10	0
307.959955	1.556706E-10	0
308.068495	1.545748E-10	0
308.177141	1.568954E-10	0
308.284262	1.555417E-10	0
308.391064	1.561219E-10	0
308.500251	1.554773E-10	0
308.608797	1.562508E-10	0
308.718605	1.562508E-10	0
308.825628	1.55155E-10	0
308.933929	1.535435E-10	0
309.041679	1.534145E-10	0
309.149232	1.557351E-10	0
309.257754	1.563152E-10	0
309.367289	1.579268E-10	0
309.475805	1.559285E-10	0
309.585211	1.548327E-10	0
309.692262	1.530278E-10	0
309.802322	1.539947E-10	0
309.910176	1.547682E-10	0
310.018389	1.529633E-10	0
310.126608	1.523832E-10	0
310.235069	1.521898E-10	0
310.343405	1.557996E-10	0
310.452734	1.568309E-10	0
310.560295	1.561219E-10	0
310.666964	1.568954E-10	0
310.773681	1.55155E-10	0
310.881392	1.555417E-10	0
310.988108	1.515452E-10	0
311.096819	1.515452E-10	0
311.203954	1.554128E-10	0
311.311795	1.548327E-10	0
311.419717	1.555417E-10	0
311.527812	1.530922E-10	0
311.635738	1.563152E-10	0
311.746011	1.544459E-10	0
311.854172	1.539947E-10	0
311.962821	1.532212E-10	0
312.070425	1.55155E-10	0
312.179627	1.559285E-10	0
312.28728	1.553483E-10	0
312.394857	1.559285E-10	0
312.503159	1.53479E-10	0
312.611131	1.528989E-10	0
312.720428	1.541881E-10	0
312.82819	1.579912E-10	0
312.936897	1.556706E-10	0
313.045723	1.527699E-10	0
313.152714	1.541881E-10	0
313.261216	1.547037E-10	0
313.370436	1.54317E-10	0
313.480483	1.547037E-10	0
313.590454	1.552839E-10	0
313.697395	1.540591E-10	0
313.806235	1.564442E-10	0
313.91395	1.539302E-10	0
314.021455	1.563797E-10	0
314.129448	1.555417E-10	0
314.238325	1.55155E-10	0
314.346383	1.545104E-10	0
314.453171	1.546393E-10	0
314.561928	1.541236E-10	0
314.669386	1.556706E-10	0
314.776719	1.556706E-10	0
314.884223	1.545748E-10	0
314.993426	1.58378E-10	0
315.101953	1.581201E-10	0
315.210039	1.555417E-10	0
315.317911	1.557996E-10	0
315.427138	1.529633E-10	0
315.535932	1.563797E-10	0
315.645014	1.559285E-10	0
315.752187	1.564442E-10	0
315.861324	1.576045E-10	0
315.969357	1.524476E-10	0
316.078029	1.52641E-10	0
316.185759	1.527699E-10	0
316.294469	1.557351E-10	0
316.402517	1.529633E-10	0
316.511094	1.536724E-10	0
316.618332	1.530278E-10	0
316.726594	1.55155E-10	0
316.834865	1.532212E-10	0
316.943365	1.563152E-10	0
317.051242	1.532212E-10	0
317.160472	1.547037E-10	0
317.268467	1.567665E-10	0
317.389608	1.539302E-10	0
317.49832	1.522543E-10	0
317.605897	1.539302E-10	0
317.714494	1.540591E-10	0
317.822867	1.532856E-10	0
317.931477	1.524476E-10	0
318.039274	1.556062E-10	0
318.147943	1.552194E-10	0
318.256281	1.557996E-10	0
318.364029	1.559929E-10	0
318.473199	1.547682E-10	0
318.581498	1.568954E-10	0
318.690086	1.556062E-10	0
318.799282	1.56702E-10	0
318.906901	1.528989E-10	0
319.015624	1.543814E-10	0
319.124024	1.548327E-10	0
319.231842	1.583135E-10	0
319.339821	1.572177E-10	0
319.449285	1.555417E-10	0
319.557802	1.535435E-10	0
319.665514	1.544459E-10	0
319.774089	1.569598E-10	0
319.881924	1.541881E-10	0
319.993563	1.548971E-10	0
320.101433	1.552194E-10	0
320.208444	1.553483E-10	0
320.318428	1.544459E-10	0
320.427553	1.527055E-10	0
320.535814	1.55026E-10	0
320.644229	1.556706E-10	0
320.752444	1.562508E-10	0
320.860501	1.554128E-10	0
320.969517	1.537368E-10	0
321.078762	1.550905E-10	0
321.186933	1.567665E-10	0
321.29546	1.507072E-10	0
321.405176	1.561863E-10	0
321.5136	1.581846E-10	0
321.622448	1.552839E-10	0
321.729983	1.541881E-10	0
321.837636	1.541881E-10	0
321.946636	1.555417E-10	0
322.056022	1.576045E-10	0
322.164433	1.563797E-10	0
322.271149	1.56702E-10	0
322.381515	1.581201E-10	0
322.48816	1.570243E-10	0
322.597864	1.557996E-10	0
322.705656	1.557351E-10	0
322.814002	1.523187E-10	0
322.921518	1.545748E-10	0
323.031796	1.523187E-10	0
323.139528	1.557351E-10	0
323.248839	1.560574E-10	0
323.359178	1.549616E-10	0
323.467942	1.544459E-10	0
323.57571	1.570243E-10	0
323.684288	1.509651E-10	0
323.793117	1.545104E-10	0
323.901266	1.56702E-10	0
324.009041	1.536724E-10	0
324.117113	1.556062E-10	0
324.22515	1.601184E-10	0
324.33371	1.563152E-10	0
324.441928	1.536724E-10	0
324.550757	1.539947E-10	0
324.658398	1.537368E-10	0
324.766104	1.547037E-10	0
324.873817	1.533501E-10	0
324.981529	1.531567E-10	0
325.089242	1.530278E-10	0
325.197952	1.571532E-10	0
325.304667	1.544459E-10	0
325.412382	1.553483E-10	0
325.519105	1.553483E-10	0
325.626816	1.530278E-10	0
325.734529	1.548971E-10	0
325.842268	1.5754E-10	0
325.950954	1.563152E-10	0
326.058665	1.559929E-10	0
326.166378	1.514163E-10	0
326.272098	1.559285E-10	0
326.378811	1.546393E-10	0
326.486525	1.522543E-10	0
326.594237	1.561863E-10	0
326.70195	1.524476E-10	0
326.808665	1.54317E-10	0
326.915381	1.549616E-10	0
327.024091	1.563152E-10	0
327.131804	1.571532E-10	0
327.238153	1.566375E-10	0
327.344867	1.545104E-10	0
327.451971	1.538013E-10	0
327.561117	1.536079E-10	0
327.667832	1.570888E-10	0
327.775544	1.55155E-10	0
327.882259	1.54317E-10	0
327.987978	1.541881E-10	0
328.101675	1.56702E-10	0
328.21006	1.536724E-10	0
328.318376	1.538013E-10	0
328.425839	1.557996E-10	0
328.532983	1.566375E-10	0
328.642208	1.548971E-10	0
328.750517	1.552839E-10	0
328.858214	1.559285E-10	0
328.966205	1.582491E-10	0
329.073808	1.515452E-10	0
329.180574	1.555417E-10	0
329.288137	1.561219E-10	0
329.396486	1.547682E-10	0
329.504562	1.54317E-10	0
329.613696	1.576045E-10	0
329.72335	1.54317E-10	0
329.832752	1.533501E-10	0
329.94149	1.534145E-10	0
330.05058	1.563152E-10	0
330.159166	1.548327E-10	0
330.267641	1.553483E-10	0
330.375145	1.585069E-10	0
330.483248	1.550905E-10	0
330.59198	1.582491E-10	0
330.699642	1.541881E-10	0
330.807106	1.561219E-10	0
330.915957	1.578623E-10	0
331.023625	1.579268E-10	0
331.13187	1.557996E-10	0
331.24149	1.544459E-10	0
331.348208	1.552194E-10	0
331.458939	1.523832E-10	0
331.565587	1.563152E-10	0
331.673391	1.576045E-10	0
331.783019	1.552839E-10	0
331.890615	1.562508E-10	0
331.99962	1.554128E-10	0
332.107306	1.545748E-10	0
332.213563	1.530922E-10	0
332.322993	1.543814E-10	0
332.429124	1.556706E-10	0
332.538987	1.537368E-10	0
332.647397	1.552194E-10	0
332.755607	1.543814E-10	0
332.863367	1.572177E-10	0
332.972001	1.561219E-10	0
333.080608	1.572822E-10	0
333.190611	1.556062E-10	0
333.298478	1.563797E-10	0
333.40599	1.563797E-10	0
333.513343	1.568309E-10	0
333.623623	1.569598E-10	0
333.732251	1.571532E-10	0
333.840138	1.541236E-10	0
333.948914	1.554773E-10	0
334.058413	1.547682E-10	0
334.167147	1.566375E-10	0
334.273836	1.563152E-10	0
334.383156	1.536079E-10	0
334.490231	1.557996E-10	0
334.598719	1.554773E-10	0
334.70541	1.562508E-10	0
334.813691	1.544459E-10	0
334.92278	1.566375E-10	0
335.032604	1.55864E-10	0
335.141497	1.547037E-10	0
335.250628	1.536724E-10	0
335.359375	1.562508E-10	0
335.470241	1.545748E-10	0
335.580628	1.545104E-10	0
335.68893	1.549616E-10	0
335.797013	1.536724E-10	0
335.906144	1.534145E-10	0
336.014857	1.570243E-10	0
336.122571	1.574755E-10	0
336.230284	1.555417E-10	0
336.337995	1.548327E-10	0
336.45064	1.55864E-10	0
336.560635	1.5754E-10	0
336.66866	1.55155E-10	0
336.777124	1.549616E-10	0
336.885154	1.55026E-10	0
336.994195	1.556062E-10	0
337.102035	1.543814E-10	0
337.211643	1.552839E-10	0
337.319468	1.552839E-10	0
337.427691	1.572177E-10	0
337.536719	1.568309E-10	0
337.645407	1.564442E-10	0
337.75442	1.577334E-10	0
337.862434	1.541881E-10	0
337.969622	1.574111E-10	0
338.078766	1.561219E-10	0
338.187338	1.55026E-10	0
338.295182	1.563152E-10	0
338.401654	1.550905E-10	0
338.509616	1.534145E-10	0
338.617693	1.559285E-10	0
338.726043	1.527055E-10	0
338.835367	1.559285E-10	0
338.943954	1.557351E-10	0
339.051801	1.550905E-10	0
339.160375	1.585714E-10	0
339.27066	1.563152E-10	0
339.378511	1.563152E-10	0
339.486725	1.578623E-10	0
339.595661	1.546393E-10	0
339.702271	1.54317E-10	0
339.81167	1.582491E-10	0
339.919068	1.577334E-10	0
340.027455	1.576045E-10	0
340.136413	1.547037E-10	0
340.245463	1.565086E-10	0
340.353089	1.592804E-10	0
340.46401	1.599895E-10	0
340.571175	1.579268E-10	0
340.679483	1.54317E-10	0
340.789184	1.568309E-10	0
340.897145	1.564442E-10	0
341.006265	1.570888E-10	0
341.115075	1.564442E-10	0
341.222337	1.559929E-10	0
341.331271	1.555417E-10	0
341.440337	1.555417E-10	0
341.546858	1.560574E-10	0
341.655974	1.559929E-10	0
341.764385	1.547682E-10	0
341.872478	1.547037E-10	0
341.980689	1.587647E-10	0
342.088404	1.561219E-10	0
342.197038	1.574111E-10	0
342.305666	1.590226E-10	0
342.414737	1.559929E-10	0
342.521489	1.583135E-10	0
342.629814	1.568954E-10	0
342.737429	1.568309E-10	0
342.846084	1.59087E-10	0
342.955433	1.535435E-10	0
343.06372	1.56702E-10	0
343.171484	1.55864E-10	0
343.279903	1.564442E-10	0
343.388416	1.556706E-10	0
343.497051	1.553483E-10	0
343.605848	1.570888E-10	0
343.71352	1.541236E-10	0
343.822653	1.583135E-10	0
343.931701	1.570888E-10	0
344.038441	1.556062E-10	0
344.147446	1.565086E-10	0
344.255209	1.545104E-10	0
344.364576	1.539302E-10	0
344.47445	1.560574E-10	0
344.581632	1.577334E-10	0
344.690096	1.579912E-10	0
344.799393	1.567665E-10	0
344.907169	1.59216E-10	0
345.015532	1.550905E-10	0
345.12386	1.560574E-10	0
345.232811	1.546393E-10	0
345.341377	1.561863E-10	0
345.449975	1.557996E-10	0
345.558438	1.546393E-10	0
345.66534	1.565731E-10	0
345.773875	1.557351E-10	0
345.882161	1.552839E-10	0
345.990506	1.565086E-10	0
346.098482	1.578623E-10	0
346.207281	1.579912E-10	0
346.313971	1.559285E-10	0
346.422117	1.5754E-10	0
346.530725	1.55026E-10	0
346.639873	1.590226E-10	0
346.749493	1.571532E-10	0
346.857535	1.577334E-10	0
346.966226	1.578623E-10	0
347.075065	1.55864E-10	0
347.182776	1.579268E-10	0
347.29348	1.569598E-10	0
347.401193	1.538658E-10	0
347.508906	1.523832E-10	0
347.616619	1.557351E-10	0
347.723336	1.552839E-10	0
347.831047	1.568954E-10	0
347.937762	1.545748E-10	0
348.048467	1.565731E-10	0
348.155182	1.573466E-10	0
348.263407	1.56702E-10	0
348.372972	1.544459E-10	0
348.481619	1.548327E-10	0
348.588726	1.579268E-10	0
348.69803	1.557351E-10	0
348.805742	1.56702E-10	0
348.913872	1.561863E-10	0
349.023138	1.581846E-10	0
349.130747	1.563797E-10	0
349.239231	1.571532E-10	0
349.347844	1.565086E-10	0
349.4575	1.557996E-10	0
349.564996	1.58378E-10	0
349.67377	1.532212E-10	0
349.780788	1.550905E-10	0
349.88906	1.547682E-10	0
350.001559	1.55864E-10	0
350.109324	1.565086E-10	0
350.218388	1.546393E-10	0
350.326911	1.577978E-10	0
350.434245	1.570243E-10	0
350.544158	1.576689E-10	0
350.651975	1.553483E-10	0
350.76004	1.552839E-10	0
350.869488	1.574755E-10	0
350.979042	1.541881E-10	0
351.088743	1.55155E-10	0
351.196893	1.591515E-10	0
351.306172	1.561219E-10	0
351.414173	1.583135E-10	0
351.522787	1.54317E-10	0
351.630774	1.56702E-10	0
351.739272	1.593449E-10	0
351.847177	1.538658E-10	0
351.955191	1.563152E-10	0
352.06319	1.581846E-10	0
352.170777	1.55864E-10	0
352.277882	1.548327E-10	0
352.385943	1.568309E-10	0
352.493502	1.571532E-10	0
352.602147	1.565731E-10	0
352.711809	1.585069E-10	0
352.819901	1.546393E-10	0
352.92765	1.556062E-10	0
353.03592	1.574111E-10	0
353.14361	1.533501E-10	0
353.251677	1.561219E-10	0
353.359502	1.554773E-10	0
353.468884	1.548327E-10	0
353.577029	1.568309E-10	0
353.684431	1.566375E-10	0
353.790808	1.554773E-10	0
353.898163	1.572177E-10	0
354.006987	1.562508E-10	0
354.116632	1.572177E-10	0
354.224344	1.561863E-10	0
354.331799	1.568954E-10	0
354.440322	1.566375E-10	0
354.548243	1.562508E-10	0
354.655957	1.557996E-10	0
354.762672	1.565086E-10	0
354.870798	1.596027E-10	0
354.979219	1.549616E-10	0
355.087292	1.55026E-10	0
355.196666	1.574111E-10	0
355.30429	1.556706E-10	0
355.412003	1.560574E-10	0
355.519716	1.562508E-10	0
355.627699	1.547682E-10	0
355.735985	1.581846E-10	0
355.843535	1.554128E-10	0
355.952196	1.563797E-10	0
356.061632	1.572822E-10	0
356.16921	1.538658E-10	0
356.277175	1.550905E-10	0
356.38418	1.528989E-10	0
356.493201	1.573466E-10	0
356.601675	1.531567E-10	0
356.709239	1.554128E-10	0
356.817291	1.563152E-10	0
356.925004	1.577334E-10	0
357.03172	1.570888E-10	0
357.139436	1.568954E-10	0
357.247167	1.585714E-10	0
357.35488	1.567665E-10	0
357.462961	1.581201E-10	0
357.571423	1.54317E-10	0
357.679222	1.542525E-10	0
357.787239	1.572177E-10	0
357.894018	1.565086E-10	0
358.00207	1.565086E-10	0
358.10941	1.589581E-10	0
358.217808	1.541881E-10	0
358.325778	1.552194E-10	0
358.434288	1.573466E-10	0
358.542593	1.570888E-10	0
358.650908	1.547037E-10	0
358.759498	1.593449E-10	0
358.868983	1.559929E-10	0
358.97855	1.545748E-10	0
359.087567	1.547682E-10	0
359.195438	1.555417E-10	0
359.303446	1.560574E-10	0
359.411837	1.545748E-10	0
359.51943	1.58378E-10	0
359.62836	1.559929E-10	0
359.735679	1.541881E-10	0
359.843333	1.595383E-10	0
359.951844	1.548971E-10	0
360.060596	1.582491E-10	0
