Time,s	TEY,A	Shutter
0	1.643083E-10	0
0.108237	1.511584E-10	0
0.215408	1.594093E-10	0
0.322448	1.576689E-10	0
0.430734	1.486445E-10	0
0.536964	1.634059E-10	0
0.644189	1.45486E-10	0
0.751411	1.556062E-10	0
0.857722	1.602473E-10	0
0.964994	1.539947E-10	0
1.073222	1.590226E-10	0
1.180593	1.570888E-10	0
1.286596	1.527699E-10	0
1.394267	1.556706E-10	0
1.501915	1.610208E-10	0
1.608838	1.54317E-10	0
1.718441	1.565731E-10	0
1.826943	1.491602E-10	0
1.933931	1.633414E-10	0
2.042046	1.544459E-10	0
2.149865	1.543814E-10	0
2.259025	1.547682E-10	0
2.368625	1.540591E-10	0
2.475376	1.592804E-10	0
2.583722	1.552839E-10	0
2.692035	1.519964E-10	0
2.799305	1.592804E-10	0
2.906768	1.559285E-10	0
3.016385	1.508361E-10	0
3.124352	1.585069E-10	0
3.233238	1.527699E-10	0
3.341784	1.574755E-10	0
3.44944	1.557996E-10	0
3.557565	1.594738E-10	0
3.666774	1.557996E-10	0
3.775385	1.56702E-10	0
3.884251	1.542525E-10	0
3.993332	1.545748E-10	0
4.100637	1.545748E-10	0
4.209502	1.553483E-10	0
4.316781	1.584424E-10	0
4.424986	1.52641E-10	0
4.533149	1.574755E-10	0
4.640766	1.569598E-10	0
4.749674	1.55864E-10	0
4.857269	1.531567E-10	0
4.966316	1.577334E-10	0
5.074788	1.538658E-10	0
5.183811	1.59925E-10	0
5.291219	1.536724E-10	0
5.399634	1.554773E-10	0
5.507896	1.55026E-10	0
5.614797	1.556062E-10	0
5.722303	1.572822E-10	0
5.831165	1.536079E-10	0
5.940246	1.545104E-10	0
6.048378	1.528344E-10	0
6.155464	1.574755E-10	0
6.263806	1.553483E-10	0
6.372105	1.589581E-10	0
6.479547	1.54317E-10	0
6.587802	1.578623E-10	0
6.696803	1.554128E-10	0
6.805413	1.591515E-10	0
6.912892	1.587647E-10	0
7.02088	1.603118E-10	0
7.128806	1.552839E-10	0
7.235708	1.536079E-10	0
7.344349	1.560574E-10	0
7.451256	1.580557E-10	0
7.55981	1.597316E-10	0
7.667805	1.563797E-10	0
7.776061	1.56702E-10	0
7.885231	1.555417E-10	0
7.99422	1.603762E-10	0
8.101811	1.5754E-10	0
8.208895	1.596672E-10	0
8.316939	1.555417E-10	0
8.425426	1.559285E-10	0
8.533448	1.59087E-10	0
8.642389	1.553483E-10	0
8.750595	1.561219E-10	0
8.858921	1.564442E-10	0
8.966291	1.544459E-10	0
9.074672	1.556706E-10	0
9.183727	1.594738E-10	0
9.291857	1.552194E-10	0
9.401238	1.568309E-10	0
9.509162	1.51803E-10	0
9.617185	1.59216E-10	0
9.72448	1.541236E-10	0
9.833065	1.594093E-10	0
9.942314	1.563152E-10	0
10.050904	1.515452E-10	0
10.158508	1.557351E-10	0
10.266463	1.540591E-10	0
10.374882	1.53479E-10	0
10.482897	1.561863E-10	0
10.591308	1.554773E-10	0
10.698987	1.562508E-10	0
10.806086	1.566375E-10	0
10.914365	1.566375E-10	0
11.020607	1.55864E-10	0
11.128951	1.536079E-10	0
11.237731	1.605696E-10	0
11.346163	1.537368E-10	0
11.455463	1.557351E-10	0
11.563149	1.543814E-10	0
11.670853	1.574755E-10	0
11.780438	1.567665E-10	0
11.88813	1.556706E-10	0
11.99609	1.557996E-10	0
12.103484	1.572177E-10	0
12.212807	1.568954E-10	0
12.32074	1.566375E-10	0
12.428986	1.574111E-10	0
12.536511	1.541236E-10	0
12.643008	1.55026E-10	0
12.750609	1.554773E-10	0
12.859769	1.581846E-10	0
12.966443	1.588937E-10	0
13.076819	1.565086E-10	0
13.186166	1.554128E-10	0
13.294199	1.572177E-10	0
13.401308	1.59216E-10	0
13.509859	1.581201E-10	0
13.618122	1.547682E-10	0
13.726329	1.535435E-10	0
13.834293	1.538013E-10	0
13.943025	1.578623E-10	0
14.051616	1.585714E-10	0
14.160137	1.545748E-10	0
14.26855	1.55155E-10	0
14.37687	1.56702E-10	0
14.486495	1.562508E-10	0
14.595691	1.610853E-10	0
14.703613	1.55864E-10	0
14.810778	1.59216E-10	0
14.919512	1.554128E-10	0
15.029247	1.565086E-10	0
15.136485	1.576689E-10	0
15.245063	1.582491E-10	0
15.352724	1.550905E-10	0
15.46129	1.565731E-10	0
15.569977	1.51932E-10	0
15.678262	1.589581E-10	0
15.787502	1.556706E-10	0
15.895176	1.579912E-10	0
16.002885	1.552194E-10	0
16.110569	1.595383E-10	0
16.218784	1.580557E-10	0
16.325499	1.59087E-10	0
16.433667	1.560574E-10	0
16.542259	1.559929E-10	0
16.651422	1.545104E-10	0
16.760427	1.556706E-10	0
16.867165	1.531567E-10	0
16.976502	1.559285E-10	0
17.084803	1.565086E-10	0
17.193552	1.566375E-10	0
17.30132	1.58378E-10	0
17.409343	1.561863E-10	0
17.517442	1.55026E-10	0
17.626525	1.572822E-10	0
17.733728	1.535435E-10	0
17.841784	1.581201E-10	0
17.948519	1.547037E-10	0
18.057192	1.547037E-10	0
18.16441	1.54317E-10	0
18.271378	1.576689E-10	0
18.379522	1.533501E-10	0
18.488652	1.577978E-10	0
18.595931	1.566375E-10	0
18.70355	1.595383E-10	0
18.811174	1.598606E-10	0
18.920041	1.608275E-10	0
19.028658	1.542525E-10	0
19.136909	1.572822E-10	0
19.246377	1.566375E-10	0
19.353668	1.572177E-10	0
19.4613	1.617299E-10	0
19.570609	1.588937E-10	0
19.678038	1.586358E-10	0
19.786487	1.559285E-10	0
19.893111	1.589581E-10	0
20.002011	1.621167E-10	0
20.109494	1.572822E-10	0
20.216912	1.545104E-10	0
20.325073	1.610208E-10	0
20.431892	1.560574E-10	0
20.540257	1.583135E-10	0
20.647825	1.510295E-10	0
20.754666	1.555417E-10	0
20.862765	1.577334E-10	0
20.970088	1.568954E-10	0
21.077676	1.583135E-10	0
21.185797	1.576689E-10	0
21.293923	1.569598E-10	0
21.403847	1.577334E-10	0
21.510901	1.604407E-10	0
21.61888	1.556706E-10	0
21.726572	1.579912E-10	0
21.836563	1.564442E-10	0
21.943289	1.587003E-10	0
22.051222	1.570888E-10	0
22.159627	1.576045E-10	0
22.266741	1.545104E-10	0
22.375546	1.557351E-10	0
22.485549	1.55864E-10	0
22.592861	1.569598E-10	0
22.700212	1.600539E-10	0
22.809706	1.542525E-10	0
22.918592	1.571532E-10	0
23.027275	1.547037E-10	0
23.136417	1.581201E-10	0
23.244775	1.583135E-10	0
23.35219	1.5754E-10	0
23.460618	1.565086E-10	0
23.569207	1.587003E-10	0
23.678248	1.596027E-10	0
23.78683	1.594093E-10	0
23.894279	1.552194E-10	0
24.003201	1.556062E-10	0
24.110719	1.585069E-10	0
24.217773	1.604407E-10	0
24.324488	1.616654E-10	0
24.434837	1.585714E-10	0
24.54296	1.548327E-10	0
24.651135	1.564442E-10	0
24.759694	1.611498E-10	0
24.868394	1.572177E-10	0
24.976276	1.583135E-10	0
25.083502	1.55864E-10	0
25.191254	1.569598E-10	0
25.298028	1.596027E-10	0
25.40627	1.573466E-10	0
25.515324	1.581846E-10	0
25.623917	1.544459E-10	0
25.732972	1.557996E-10	0
25.841345	1.579912E-10	0
25.949017	1.587003E-10	0
26.056836	1.581201E-10	0
26.166808	1.548327E-10	0
26.27415	1.548327E-10	0
26.382572	1.566375E-10	0
26.490007	1.588937E-10	0
26.598104	1.591515E-10	0
26.70659	1.590226E-10	0
26.814954	1.59216E-10	0
26.921971	1.566375E-10	0
27.03501	1.606985E-10	0
27.143519	1.595383E-10	0
27.251906	1.584424E-10	0
27.35896	1.55026E-10	0
27.466981	1.589581E-10	0
27.575348	1.583135E-10	0
27.68289	1.579912E-10	0
27.790436	1.55155E-10	0
27.898499	1.546393E-10	0
28.006598	1.568309E-10	0
28.114037	1.581201E-10	0
28.220931	1.555417E-10	0
28.329882	1.556706E-10	0
28.438903	1.545748E-10	0
28.545602	1.556706E-10	0
28.653586	1.58378E-10	0
28.762362	1.567665E-10	0
28.871422	1.523187E-10	0
28.980229	1.544459E-10	0
29.088377	1.542525E-10	0
29.197213	1.606341E-10	0
29.305611	1.608275E-10	0
29.41415	1.571532E-10	0
29.521996	1.55864E-10	0
29.63091	1.554128E-10	0
29.73905	1.570243E-10	0
29.846056	1.5754E-10	0
29.954738	1.553483E-10	0
30.063731	1.557996E-10	0
30.171094	1.585714E-10	0
30.278705	1.586358E-10	0
30.386619	1.557351E-10	0
30.49443	1.525121E-10	0
30.602004	1.570243E-10	0
30.709581	1.592804E-10	0
30.817515	1.587003E-10	0
30.926625	1.574111E-10	0
31.034467	1.56702E-10	0
31.141345	1.534145E-10	0
31.247828	1.611498E-10	0
31.356625	1.564442E-10	0
31.464062	1.553483E-10	0
31.571386	1.571532E-10	0
31.679646	1.553483E-10	0
31.788974	1.594738E-10	0
31.898425	1.593449E-10	0
32.005812	1.579268E-10	0
32.114933	1.550905E-10	0
32.222614	1.591515E-10	0
32.331594	1.542525E-10	0
32.439874	1.589581E-10	0
32.547134	1.570888E-10	0
32.655639	1.557996E-10	0
32.763542	1.565731E-10	0
32.872044	1.601829E-10	0
32.980763	1.570888E-10	0
33.088523	1.578623E-10	0
33.196645	1.544459E-10	0
33.305641	1.541236E-10	0
33.413469	1.567665E-10	0
33.521468	1.587003E-10	0
33.630245	1.559929E-10	0
33.73968	1.561863E-10	0
33.846927	1.595383E-10	0
33.954658	1.581201E-10	0
34.062879	1.579912E-10	0
34.171322	1.58378E-10	0
34.279724	1.562508E-10	0
34.386655	1.595383E-10	0
34.49381	1.548327E-10	0
34.601191	1.581201E-10	0
34.709251	1.591515E-10	0
34.818058	1.524476E-10	0
34.926033	1.516741E-10	0
35.033505	1.59216E-10	0
35.144098	1.577978E-10	0
35.25451	1.522543E-10	0
35.362997	1.544459E-10	0
35.470604	1.603118E-10	0
35.579103	1.623745E-10	0
35.686666	1.569598E-10	0
35.794167	1.585714E-10	0
35.902162	1.55155E-10	0
36.01007	1.577978E-10	0
36.117712	1.590226E-10	0
36.226384	1.560574E-10	0
36.334647	1.573466E-10	0
36.443529	1.574755E-10	0
36.552098	1.571532E-10	0
36.659435	1.576045E-10	0
36.770203	1.570243E-10	0
36.878047	1.559285E-10	0
36.984779	1.556062E-10	0
37.09225	1.573466E-10	0
37.200675	1.601184E-10	0
37.30808	1.576045E-10	0
37.415757	1.555417E-10	0
37.523819	1.570888E-10	0
37.63233	1.519964E-10	0
37.738709	1.615365E-10	0
37.84603	1.59216E-10	0
37.953784	1.543814E-10	0
38.060903	1.555417E-10	0
38.170566	1.570888E-10	0
38.278924	1.567665E-10	0
38.387635	1.584424E-10	0
38.497759	1.576045E-10	0
38.606859	1.594093E-10	0
38.714262	1.581201E-10	0
38.822841	1.561863E-10	0
38.930766	1.609564E-10	0
39.038438	1.602473E-10	0
39.146698	1.55155E-10	0
39.256088	1.556706E-10	0
39.364326	1.55864E-10	0
39.4734	1.585714E-10	0
39.581423	1.548971E-10	0
39.689878	1.570243E-10	0
39.797407	1.572822E-10	0
39.907204	1.603118E-10	0
40.014808	1.579268E-10	0
40.121854	1.603762E-10	0
40.229754	1.565731E-10	0
40.338098	1.570888E-10	0
40.446479	1.587003E-10	0
40.554893	1.613431E-10	0
40.662433	1.561219E-10	0
40.769575	1.570243E-10	0
40.878977	1.546393E-10	0
40.987125	1.597316E-10	0
41.095844	1.604407E-10	0
41.204551	1.596027E-10	0
41.311814	1.556062E-10	0
41.419937	1.569598E-10	0
41.528146	1.566375E-10	0
41.63769	1.565731E-10	0
41.744849	1.587003E-10	0
41.85221	1.592804E-10	0
41.960063	1.570243E-10	0
42.068112	1.595383E-10	0
42.175115	1.614076E-10	0
42.283506	1.589581E-10	0
42.391701	1.585069E-10	0
42.499344	1.584424E-10	0
42.607835	1.590226E-10	0
42.715057	1.581846E-10	0
42.823436	1.547037E-10	0
42.931089	1.583135E-10	0
43.03892	1.5754E-10	0
43.148119	1.536079E-10	0
43.255177	1.602473E-10	0
43.363116	1.611498E-10	0
43.471648	1.555417E-10	0
43.579417	1.592804E-10	0
43.687348	1.58378E-10	0
43.796529	1.61601E-10	0
43.90513	1.576045E-10	0
44.014111	1.567665E-10	0
44.122594	1.563152E-10	0
44.231172	1.559285E-10	0
44.339074	1.604407E-10	0
44.445742	1.584424E-10	0
44.554048	1.568954E-10	0
44.661949	1.585714E-10	0
44.770172	1.628257E-10	0
44.877134	1.566375E-10	0
44.984561	1.597316E-10	0
45.093712	1.560574E-10	0
45.201187	1.59087E-10	0
45.308946	1.590226E-10	0
45.418217	1.58378E-10	0
45.525791	1.588937E-10	0
45.633893	1.588292E-10	0
45.742548	1.586358E-10	0
45.850471	1.565086E-10	0
45.959094	1.587003E-10	0
46.066807	1.608275E-10	0
46.174601	1.593449E-10	0
46.283536	1.579912E-10	0
46.391386	1.579268E-10	0
46.498938	1.59216E-10	0
46.607172	1.583135E-10	0
46.716785	1.588292E-10	0
46.824703	1.594738E-10	0
46.933408	1.577334E-10	0
47.041815	1.605052E-10	0
47.150431	1.587003E-10	0
47.258106	1.563152E-10	0
47.365788	1.594738E-10	0
47.472412	1.611498E-10	0
47.580639	1.606985E-10	0
47.690011	1.59925E-10	0
47.797587	1.555417E-10	0
47.906771	1.588292E-10	0
48.014292	1.600539E-10	0
48.122458	1.585714E-10	0
48.231171	1.585069E-10	0
48.338169	1.589581E-10	0
48.445488	1.584424E-10	0
48.554143	1.583135E-10	0
48.662325	1.581201E-10	0
48.770147	1.608275E-10	0
48.877803	1.576689E-10	0
48.985518	1.589581E-10	0
49.093136	1.583135E-10	0
49.202399	1.638571E-10	0
49.310194	1.605696E-10	0
49.418955	1.587647E-10	0
49.526477	1.600539E-10	0
49.637205	1.605052E-10	0
49.745301	1.54317E-10	0
49.854273	1.587647E-10	0
49.962012	1.62439E-10	0
50.0741	1.576045E-10	0
50.181729	1.565086E-10	0
50.290343	1.585714E-10	0
50.398292	1.598606E-10	0
50.507743	1.594738E-10	0
50.61548	1.536079E-10	0
50.724633	1.566375E-10	0
50.83446	1.59216E-10	0
50.941867	1.570888E-10	0
51.050612	1.635348E-10	0
51.157191	1.623745E-10	0
51.266075	1.587003E-10	0
51.375802	1.589581E-10	0
51.482674	1.584424E-10	0
51.59189	1.606341E-10	0
51.700548	1.563152E-10	0
51.808567	1.534145E-10	0
51.917172	1.579912E-10	0
52.026808	1.603118E-10	0
52.134943	1.572177E-10	0
52.242729	1.588292E-10	0
52.350898	1.604407E-10	0
52.459303	1.586358E-10	0
52.56763	1.603118E-10	0
52.675112	1.605052E-10	0
52.782559	1.561863E-10	0
52.8895	1.561219E-10	0
52.997422	1.577334E-10	0
53.105031	1.591515E-10	0
53.212952	1.5754E-10	0
53.322098	1.585714E-10	0
53.430868	1.559929E-10	0
53.53962	1.579268E-10	0
53.647731	1.606341E-10	0
53.755818	1.593449E-10	0
53.863186	1.585069E-10	0
53.969311	1.585714E-10	0
54.077207	1.561219E-10	0
54.184695	1.628257E-10	0
54.292068	1.563152E-10	0
54.399487	1.568954E-10	0
54.507287	1.564442E-10	0
54.616675	1.571532E-10	0
54.724006	1.604407E-10	0
54.832084	1.59216E-10	0
54.940958	1.586358E-10	0
55.048332	1.554773E-10	0
55.155768	1.580557E-10	0
55.264663	1.556706E-10	0
55.372469	1.594093E-10	0
55.480745	1.586358E-10	0
55.589274	1.554773E-10	0
55.697835	1.588292E-10	0
55.804997	1.583135E-10	0
55.913189	1.559285E-10	0
56.021781	1.583135E-10	0
56.128664	1.531567E-10	0
56.236846	1.560574E-10	0
56.344901	1.572177E-10	0
56.453214	1.577334E-10	0
56.560063	1.578623E-10	0
56.668403	1.571532E-10	0
56.777617	1.582491E-10	0
56.885745	1.577334E-10	0
56.993487	1.541881E-10	0
57.101593	1.548327E-10	0
57.208838	1.542525E-10	0
57.319594	1.55864E-10	0
57.426852	1.577334E-10	0
57.536154	1.580557E-10	0
57.644653	1.553483E-10	0
57.753574	1.557351E-10	0
57.861858	1.553483E-10	0
57.968876	1.585714E-10	0
58.077705	1.559929E-10	0
58.184876	1.542525E-10	0
58.294745	1.539947E-10	0
58.402369	1.547037E-10	0
58.510915	1.529633E-10	0
58.620128	1.585714E-10	0
58.727844	1.587003E-10	0
58.835219	1.539302E-10	0
58.943684	1.585714E-10	0
59.052745	1.570243E-10	0
59.161952	1.594093E-10	0
59.268825	1.562508E-10	0
59.378243	1.528989E-10	0
59.486874	1.556062E-10	0
59.597413	1.543814E-10	0
59.706676	1.584424E-10	0
59.814444	1.573466E-10	0
59.922674	1.570243E-10	0
60.030731	4.929235E-8	0
60.139325	6.13273E-8	1
60.248843	5.939833E-8	1
60.356879	5.819196E-8	1
60.464283	5.740697E-8	1
60.572758	5.684075E-8	1
60.682099	5.639933E-8	1
60.790355	5.607219E-8	1
60.900351	5.58052E-8	1
61.009117	5.557347E-8	1
61.118255	5.536726E-8	1
61.226903	5.517949E-8	1
61.335425	5.503755E-8	1
61.444705	5.48929E-8	1
61.553515	5.47574E-8	1
61.663081	5.462429E-8	1
61.772008	5.451278E-8	1
61.880986	5.440842E-8	1
61.990583	5.430006E-8	1
62.098517	5.420446E-8	1
62.206911	5.410436E-8	1
62.314993	5.400896E-8	1
62.422948	5.39258E-8	1
62.531061	5.385071E-8	1
62.639647	5.376768E-8	1
62.749673	5.369181E-8	1
62.85896	5.361807E-8	1
62.967292	5.353782E-8	1
63.076904	5.346994E-8	1
63.184658	5.340922E-8	1
63.292443	5.3332E-8	1
63.401819	5.325703E-8	1
63.512792	5.31956E-8	1
63.625225	5.315215E-8	1
63.734589	5.308763E-8	1
63.843714	5.303741E-8	1
63.951853	5.29814E-8	1
64.061164	5.292622E-8	1
64.169807	5.28724E-8	1
64.276914	5.281748E-8	1
64.386913	5.277242E-8	1
64.49463	5.272794E-8	1
64.604195	5.267386E-8	1
64.7126	5.262165E-8	1
64.821933	5.256885E-8	1
64.930138	5.253778E-8	1
65.038143	5.249415E-8	1
65.146712	5.244451E-8	1
65.25514	5.240377E-8	1
65.364526	5.236471E-8	1
65.474429	5.232242E-8	1
65.583556	5.228381E-8	1
65.692714	5.224294E-8	1
65.802134	5.220768E-8	1
65.910028	5.216301E-8	1
66.018803	5.21324E-8	1
66.126436	5.210197E-8	1
66.23594	5.2068E-8	1
66.343797	5.203848E-8	1
66.452616	5.199058E-8	1
66.560797	5.195887E-8	1
66.670719	5.192819E-8	1
66.780493	5.189028E-8	1
66.88984	5.186792E-8	1
66.998154	5.182518E-8	1
67.107232	5.17972E-8	1
67.214185	5.17593E-8	1
67.322545	5.17437E-8	1
67.430123	5.170631E-8	1
67.539814	5.167724E-8	1
67.648778	5.165584E-8	1
67.756423	5.161388E-8	1
67.865499	5.158055E-8	1
67.973482	5.155741E-8	1
68.081791	5.153569E-8	1
68.190533	5.150584E-8	1
68.299229	5.147806E-8	1
68.406958	5.14535E-8	1
68.514769	5.143694E-8	1
68.623135	5.141044E-8	1
68.731976	5.138769E-8	1
68.839958	5.136132E-8	1
68.949041	5.133825E-8	1
69.058308	5.13037E-8	1
69.170044	5.128365E-8	1
69.278936	5.126341E-8	1
69.386166	5.124272E-8	1
69.496087	5.122576E-8	1
69.603662	5.119399E-8	1
69.71329	5.118238E-8	1
69.821538	5.117084E-8	1
69.930595	5.114042E-8	1
70.03988	5.112211E-8	1
70.148992	5.110439E-8	1
70.256425	5.107693E-8	1
70.366733	5.105778E-8	1
70.47699	5.104792E-8	1
70.586444	5.102729E-8	1
70.695677	5.100151E-8	1
70.80432	5.099158E-8	1
70.912315	5.096638E-8	1
71.020468	5.094259E-8	1
71.128452	5.092873E-8	1
71.237697	5.091887E-8	1
71.346828	5.090727E-8	1
71.453981	5.090179E-8	1
71.561512	5.087059E-8	1
71.673248	5.085125E-8	1
71.781838	5.083952E-8	1
71.889741	5.082057E-8	1
71.99775	5.079653E-8	1
72.105256	5.077506E-8	1
72.214362	5.076526E-8	1
72.322582	5.075798E-8	1
72.431661	5.0732E-8	1
72.540248	5.072381E-8	1
72.649167	5.070486E-8	1
72.75949	5.069274E-8	1
72.869186	5.06754E-8	1
72.977538	5.066109E-8	1
73.086002	5.065942E-8	1
73.194237	5.063389E-8	1
73.303658	5.061662E-8	1
73.412632	5.059812E-8	1
73.521636	5.057917E-8	1
73.630806	5.055538E-8	1
73.739787	5.054358E-8	1
73.847494	5.053643E-8	1
73.956073	5.052315E-8	1
74.063408	5.051432E-8	1
74.172702	5.05082E-8	1
74.281867	5.048912E-8	1
74.390012	5.048705E-8	1
74.500024	5.046365E-8	1
74.60904	5.044709E-8	1
74.716006	5.043851E-8	1
74.824905	5.04186E-8	1
74.933749	5.040989E-8	1
75.041924	5.040113E-8	1
75.149457	5.037541E-8	1
75.258405	5.03738E-8	1
75.366016	5.035652E-8	1
75.474815	4.970232E-8	1
75.583951	5.039945E-8	1
75.692723	5.040712E-8	1
75.802011	5.040119E-8	1
75.910882	5.038759E-8	1
76.019345	5.037502E-8	1
76.128292	5.036406E-8	1
76.236995	5.035169E-8	1
76.344136	5.034318E-8	1
76.453472	5.033641E-8	1
76.563395	5.031765E-8	1
76.671251	5.030927E-8	1
76.782103	5.030328E-8	1
76.891827	5.029922E-8	1
76.999048	5.028201E-8	1
77.107033	5.026537E-8	1
77.214081	5.025951E-8	1
77.323774	5.02432E-8	1
77.432343	5.023701E-8	1
77.540359	5.024172E-8	1
77.648282	5.021716E-8	1
77.757036	5.020543E-8	1
77.865612	5.020201E-8	1
77.973344	5.018499E-8	1
78.082622	5.017358E-8	1
78.192023	5.017197E-8	1
78.300238	5.016501E-8	1
78.408674	5.014677E-8	1
78.516628	5.013697E-8	1
78.62606	5.013948E-8	1
78.733601	5.011634E-8	1
78.841571	5.01175E-8	1
78.949802	5.011183E-8	1
79.05775	5.009024E-8	1
79.165189	5.009262E-8	1
79.273626	5.008688E-8	1
79.381249	5.00698E-8	1
79.490247	5.006787E-8	1
79.598152	5.006929E-8	1
79.705978	5.004821E-8	1
79.814116	5.003841E-8	1
79.923165	5.003545E-8	1
80.032335	5.002694E-8	1
80.140849	5.000818E-8	1
80.249507	5.000289E-8	1
80.358448	4.999928E-8	1
80.467059	4.997891E-8	1
80.575664	4.99773E-8	1
80.685163	4.99744E-8	1
80.794581	4.996622E-8	1
80.903087	4.995964E-8	1
81.01435	4.995661E-8	1
81.122126	4.99356E-8	1
81.231853	4.993405E-8	1
81.340321	4.993031E-8	1
81.449444	4.992438E-8	1
81.557511	4.991581E-8	1
81.66592	4.990163E-8	1
81.772899	4.990549E-8	1
81.88113	4.988699E-8	1
81.990062	4.98937E-8	1
82.09965	4.988538E-8	1
82.207759	4.98743E-8	1
82.315314	4.986869E-8	1
82.422588	4.985908E-8	1
82.530239	4.986495E-8	1
82.639589	4.98478E-8	1
82.748482	4.985251E-8	1
82.857959	4.983916E-8	1
82.965759	4.983072E-8	1
83.074778	4.983104E-8	1
83.184639	4.981473E-8	1
83.292659	4.981763E-8	1
83.401495	4.979836E-8	1
83.509774	4.980732E-8	1
83.618548	4.979598E-8	1
83.726017	4.97767E-8	1
83.835051	4.978611E-8	1
83.943316	4.977097E-8	1
84.051734	4.976897E-8	1
84.159836	4.976407E-8	1
84.268498	4.975259E-8	1
84.377115	4.975388E-8	1
84.485618	4.974048E-8	1
84.593643	4.973255E-8	1
84.701329	4.973674E-8	1
84.810808	4.973087E-8	1
84.91973	4.971224E-8	1
85.028329	4.970696E-8	1
85.136727	4.970973E-8	1
85.245772	4.970219E-8	1
85.354836	4.969806E-8	1
85.466111	4.969284E-8	1
85.575477	4.9692E-8	1
85.682996	4.966196E-8	1
85.792624	4.967015E-8	1
85.901182	4.966287E-8	1
86.009964	4.965706E-8	1
86.11745	4.966312E-8	1
86.22476	4.964578E-8	1
86.333911	4.964327E-8	1
86.441978	4.96434E-8	1
86.549273	4.963953E-8	1
86.657107	4.962922E-8	1
86.765358	4.963057E-8	1
86.874983	4.961362E-8	1
86.98371	4.961549E-8	1
87.093186	4.961143E-8	1
87.202187	4.961046E-8	1
87.311014	4.959912E-8	1
87.419883	4.959795E-8	1
87.529964	4.959132E-8	1
87.638874	4.95654E-8	1
87.748018	4.95674E-8	1
87.857116	4.957282E-8	1
87.964107	4.956308E-8	1
88.072371	4.95527E-8	1
88.182487	4.956521E-8	1
88.29278	4.954052E-8	1
88.40078	4.954168E-8	1
88.509679	4.953221E-8	1
88.618524	4.952376E-8	1
88.727733	4.952389E-8	1
88.835515	4.950114E-8	1
88.943284	4.951783E-8	1
89.051861	4.950565E-8	1
89.162567	4.949978E-8	1
89.2704	4.949785E-8	1
89.378955	4.948889E-8	1
89.487137	4.948547E-8	1
89.595306	4.948586E-8	1
89.703545	4.948096E-8	1
89.812657	4.946749E-8	1
89.920183	4.94709E-8	1
90.030073	4.945949E-8	1
90.138568	4.947303E-8	1
90.245843	4.947658E-8	1
90.355041	4.946407E-8	1
90.462649	4.944925E-8	1
90.571004	4.944828E-8	1
90.680502	4.945427E-8	1
90.788543	4.944164E-8	1
90.896143	4.943668E-8	1
91.004813	4.944009E-8	1
91.113195	4.942075E-8	1
91.221509	4.941785E-8	1
91.332108	4.941463E-8	1
91.442134	4.941295E-8	1
91.549654	4.941057E-8	1
91.659568	4.940084E-8	1
91.768118	4.939942E-8	1
91.874914	4.939246E-8	1
91.983337	4.939736E-8	1
92.092286	4.938556E-8	1
92.20234	4.938711E-8	1
92.310092	4.938124E-8	1
92.417965	4.937795E-8	1
92.524879	4.937086E-8	1
92.632589	4.937164E-8	1
92.741342	4.935191E-8	1
92.850094	4.936029E-8	1
92.959222	4.935526E-8	1
93.069052	4.933638E-8	1
93.181509	4.933425E-8	1
93.291237	4.932748E-8	1
93.39856	4.93251E-8	1
93.508303	4.932748E-8	1
93.617558	4.932078E-8	1
93.726169	4.931562E-8	1
93.835365	4.931278E-8	1
93.944176	4.930292E-8	1
94.052815	4.930273E-8	1
94.160765	4.929635E-8	1
94.269848	4.930511E-8	1
94.37838	4.928584E-8	1
94.487177	4.928184E-8	1
94.597183	4.928023E-8	1
94.704883	4.928036E-8	1
94.81493	4.927572E-8	1
94.92417	4.927018E-8	1
95.033587	4.926038E-8	1
95.140351	4.925973E-8	1
95.248622	4.926637E-8	1
95.357184	4.925935E-8	1
95.46396	4.925129E-8	1
95.57281	4.925006E-8	1
95.682534	4.924291E-8	1
95.79244	4.922183E-8	1
95.899762	4.922989E-8	1
96.007235	4.922989E-8	1
96.1164	4.922009E-8	1
96.224199	4.922608E-8	1
96.333872	4.922086E-8	1
96.442372	4.922422E-8	1
96.552476	4.920391E-8	1
96.660009	4.921777E-8	1
96.767204	4.92023E-8	1
96.874528	4.919076E-8	1
96.982452	4.920024E-8	1
97.090207	4.919701E-8	1
97.197776	4.917858E-8	1
97.304957	4.919392E-8	1
97.414541	4.918509E-8	1
97.523514	4.91751E-8	1
97.632143	4.917497E-8	1
97.741216	4.917619E-8	1
97.849537	4.916556E-8	1
97.958998	4.91662E-8	1
98.068604	4.916401E-8	1
98.177597	4.915279E-8	1
98.287209	4.91564E-8	1
98.39516	4.914938E-8	1
98.504977	4.914454E-8	1
98.613774	4.914158E-8	1
98.721598	4.913939E-8	1
98.830287	4.914184E-8	1
98.940082	4.914583E-8	1
99.04802	4.913835E-8	1
99.156237	4.912907E-8	1
99.265366	4.9135E-8	1
99.374372	4.912475E-8	1
99.484723	4.912572E-8	1
99.592378	4.911373E-8	1
99.700703	4.911347E-8	1
99.809641	4.911367E-8	1
99.917512	4.910567E-8	1
100.025895	4.910103E-8	1
100.13647	4.910013E-8	1
100.244751	4.909259E-8	1
100.353434	4.908943E-8	1
100.462597	4.9098E-8	1
100.571139	4.909085E-8	1
100.679614	4.908099E-8	1
100.789338	4.907286E-8	1
100.896755	4.907847E-8	1
101.007046	4.906629E-8	1
101.116179	4.906829E-8	1
101.224813	4.907164E-8	1
101.331665	4.907009E-8	1
101.438149	4.906345E-8	1
101.545033	4.906925E-8	1
101.653549	4.906416E-8	1
101.762099	4.906165E-8	1
101.872374	4.90583E-8	1
101.980054	4.905655E-8	1
102.088887	4.905739E-8	1
102.197266	4.904547E-8	1
102.307266	4.903941E-8	1
102.415676	4.904759E-8	1
102.524709	4.903883E-8	1
102.632331	4.902652E-8	1
102.740306	4.903193E-8	1
102.848758	4.903528E-8	1
102.957383	4.902839E-8	1
103.066299	4.902529E-8	1
103.174744	4.902258E-8	1
103.283386	4.901182E-8	1
103.393607	4.901382E-8	1
103.502435	4.901279E-8	1
103.612448	4.899822E-8	1
103.720006	4.899151E-8	1
103.828231	4.898629E-8	1
103.937267	4.898894E-8	1
104.047256	4.898829E-8	1
104.155335	4.898558E-8	1
104.26442	4.899267E-8	1
104.372609	4.898288E-8	1
104.480583	4.898739E-8	1
104.590365	4.89852E-8	1
104.698679	4.89725E-8	1
104.80727	4.89734E-8	1
104.917264	4.897611E-8	1
105.024264	4.896876E-8	1
105.132449	4.897185E-8	1
105.242785	4.896689E-8	1
105.350276	4.896038E-8	1
105.459468	4.895587E-8	1
105.570045	4.896077E-8	1
105.678417	4.895045E-8	1
105.788705	4.895103E-8	1
105.896275	4.894059E-8	1
106.00563	4.895032E-8	1
106.113307	4.894439E-8	1
106.221052	4.892622E-8	1
106.330076	4.894336E-8	1
106.44038	4.892699E-8	1
106.549389	4.892531E-8	1
106.659539	4.892228E-8	1
106.76931	4.891429E-8	1
106.877925	4.892519E-8	1
106.985692	4.891268E-8	1
107.09513	4.892248E-8	1
107.204283	4.892383E-8	1
107.313063	4.890443E-8	1
107.422472	4.890991E-8	1
107.529768	4.890462E-8	1
107.637691	4.89005E-8	1
107.747929	4.889392E-8	1
107.855743	4.889495E-8	1
107.962533	4.888857E-8	1
108.071662	4.88896E-8	1
108.180102	4.888026E-8	1
108.290378	4.888438E-8	1
108.399632	4.887794E-8	1
108.508908	4.888251E-8	1
108.617734	4.887574E-8	1
108.725272	4.887504E-8	1
108.833975	4.886259E-8	1
108.942002	4.886711E-8	1
109.050253	4.886421E-8	1
109.160024	4.887007E-8	1
109.26859	4.886034E-8	1
109.377318	4.886414E-8	1
109.485484	4.886337E-8	1
109.594418	4.887555E-8	1
109.70342	4.888548E-8	1
109.810654	4.886027E-8	1
109.918705	4.886027E-8	1
110.028936	4.886002E-8	1
110.138704	4.885647E-8	1
110.247334	4.88479E-8	1
110.356106	4.884171E-8	1
110.464028	4.884609E-8	1
110.572261	4.884332E-8	1
110.681248	4.883746E-8	1
110.789851	4.883146E-8	1
110.898963	4.884635E-8	1
111.008101	4.883636E-8	1
111.118693	4.882385E-8	1
111.228502	4.883455E-8	1
111.336339	4.881986E-8	1
111.445848	4.881206E-8	1
111.553163	4.881077E-8	1
111.663321	4.880323E-8	1
111.7727	4.879614E-8	1
111.882279	4.879762E-8	1
111.992651	4.879452E-8	1
112.099896	4.878266E-8	1
112.209537	4.878544E-8	1
112.317889	4.82158E-8	1
112.426513	4.876094E-8	1
112.535954	4.886163E-8	1
112.645047	4.886324E-8	1
112.752718	4.886736E-8	1
112.860715	4.88606E-8	1
112.970386	4.88586E-8	1
113.080203	4.885441E-8	1
113.188199	4.885151E-8	1
113.297471	4.885686E-8	1
113.405534	4.88419E-8	1
113.516119	4.883926E-8	1
113.62597	4.884248E-8	1
113.734148	4.884635E-8	1
113.842994	4.883733E-8	1
113.952989	4.882869E-8	1
114.059858	4.884977E-8	1
114.168783	4.88285E-8	1
114.276347	4.882237E-8	1
114.384494	4.882585E-8	1
114.494139	4.880684E-8	1
114.602428	4.881451E-8	1
114.710932	4.882256E-8	1
114.819378	4.881348E-8	1
114.927361	4.880626E-8	1
115.037356	4.879807E-8	1
115.145693	4.880387E-8	1
115.253462	4.879833E-8	1
115.364562	4.879981E-8	1
115.474361	4.880464E-8	1
115.582497	4.879627E-8	1
115.689726	4.878937E-8	1
115.797345	4.878312E-8	1
115.906761	4.878473E-8	1
116.016038	4.87768E-8	1
116.125672	4.878673E-8	1
116.234017	4.877886E-8	1
116.344139	4.878428E-8	1
116.452621	4.877422E-8	1
116.561562	4.8765E-8	1
116.671292	4.877416E-8	1
116.779662	4.877474E-8	1
116.889218	4.876694E-8	1
116.998481	4.876726E-8	1
117.108211	4.87766E-8	1
117.217416	4.876236E-8	1
117.326777	4.876487E-8	1
117.435162	4.87574E-8	1
117.544261	4.875939E-8	1
117.654318	4.876165E-8	1
117.765368	4.875275E-8	1
117.87386	4.875101E-8	1
117.982491	4.876204E-8	1
118.088843	4.874695E-8	1
118.196164	4.875572E-8	1
118.304672	4.875965E-8	1
118.413159	4.874657E-8	1
118.521431	4.874489E-8	1
118.631288	4.874483E-8	1
118.740975	4.874728E-8	1
118.847211	4.873329E-8	1
118.956017	4.873877E-8	1
119.085229	4.873303E-8	1
119.193455	4.87282E-8	1
119.300685	4.873342E-8	1
119.409115	4.874399E-8	1
119.518828	4.873316E-8	1
119.6274	4.872413E-8	1
119.736382	4.87184E-8	1
119.844309	4.873471E-8	1
119.952834	4.871827E-8	1
120.060701	4.872762E-8	1
120.168839	4.872929E-8	1
120.278281	4.872001E-8	1
120.386704	4.871659E-8	1
120.496568	4.871859E-8	1
120.605336	4.87153E-8	1
120.712921	4.870976E-8	1
120.822759	4.87124E-8	1
120.932613	4.870802E-8	1
121.040653	4.870686E-8	1
121.149398	4.870692E-8	1
121.255945	4.870615E-8	1
121.36432	4.870557E-8	1
121.472356	4.86948E-8	1
121.580811	4.87028E-8	1
121.689094	4.868668E-8	1
121.798744	4.869068E-8	1
121.907165	4.869977E-8	1
122.014227	4.870157E-8	1
122.122417	4.867921E-8	1
122.229739	4.869049E-8	1
122.337697	4.867959E-8	1
122.446079	4.867083E-8	1
122.555732	4.868301E-8	1
122.667228	4.865858E-8	1
122.774604	4.866909E-8	1
122.883454	4.866116E-8	1
122.991347	4.866257E-8	1
123.10324	4.866567E-8	1
123.21173	4.866606E-8	1
123.319703	4.866238E-8	1
123.428952	4.86598E-8	1
123.538035	4.865884E-8	1
123.64643	4.865967E-8	1
123.755149	4.866161E-8	1
123.864241	4.865458E-8	1
123.974477	4.864182E-8	1
124.08525	4.865007E-8	1
124.195011	4.864433E-8	1
124.303398	4.864053E-8	1
124.410592	4.86453E-8	1
124.519379	4.864395E-8	1
124.628872	4.863492E-8	1
124.738439	4.864246E-8	1
124.847442	4.86337E-8	1
124.955563	4.864117E-8	1
125.066545	4.862506E-8	1
125.174998	4.862577E-8	1
125.284578	4.863518E-8	1
125.3944	4.863376E-8	1
125.504893	4.863099E-8	1
125.614101	4.862583E-8	1
125.72305	4.861945E-8	1
125.833251	4.861378E-8	1
125.940558	4.861159E-8	1
126.048665	4.862706E-8	1
126.1563	4.862383E-8	1
126.264819	4.86152E-8	1
126.375293	4.860882E-8	1
126.484662	4.861404E-8	1
126.594863	4.861552E-8	1
126.703782	4.860714E-8	1
126.811762	4.86152E-8	1
126.919868	4.860591E-8	1
127.028851	4.859328E-8	1
127.137091	4.859998E-8	1
127.246588	4.859786E-8	1
127.356771	4.860121E-8	1
127.466724	4.859457E-8	1
127.575349	4.858303E-8	1
127.68523	4.860707E-8	1
127.793242	4.859586E-8	1
127.902316	4.859534E-8	1
128.010362	4.858484E-8	1
128.119721	4.858226E-8	1
128.227885	4.858232E-8	1
128.336438	4.859122E-8	1
128.443149	4.857704E-8	1
128.553028	4.858561E-8	1
128.661527	4.857072E-8	1
128.769439	4.856427E-8	1
128.879576	4.857278E-8	1
128.988912	4.856924E-8	1
129.096202	4.857994E-8	1
129.204666	4.857845E-8	1
129.311987	4.857085E-8	1
129.422293	4.856543E-8	1
129.532043	4.856041E-8	1
129.640758	4.855589E-8	1
129.748857	4.856646E-8	1
129.857483	4.857317E-8	1
129.965581	4.855312E-8	1
130.076429	4.856956E-8	1
130.183973	4.857852E-8	1
130.29252	4.85635E-8	1
130.400522	4.855357E-8	1
130.510235	4.855686E-8	1
130.619263	4.856015E-8	1
130.729151	4.853398E-8	1
130.838493	4.854674E-8	1
130.947491	4.854558E-8	1
131.056495	4.85519E-8	1
131.166258	4.853855E-8	1
131.276725	4.853694E-8	1
131.384622	4.853817E-8	1
131.493907	4.853894E-8	1
131.602113	4.852721E-8	1
131.709402	4.853391E-8	1
131.818292	4.852347E-8	1
131.927237	4.852373E-8	1
132.035686	4.852792E-8	1
132.143836	4.851E-8	1
132.2532	4.851051E-8	1
132.359841	4.851206E-8	1
132.470186	4.849569E-8	1
132.582583	4.848518E-8	1
132.690432	4.849614E-8	1
132.798464	4.849672E-8	1
132.907123	4.849981E-8	1
133.015803	4.848692E-8	1
133.124102	4.849169E-8	1
133.247044	4.848918E-8	1
133.366305	4.848151E-8	1
133.477295	4.848518E-8	1
133.586649	4.848144E-8	1
133.696189	4.848396E-8	1
133.804258	4.847777E-8	1
133.913149	4.8467E-8	1
134.022266	4.847861E-8	1
134.131348	4.84826E-8	1
134.24013	4.847332E-8	1
134.350746	4.847403E-8	1
134.46073	4.847126E-8	1
134.56863	4.847023E-8	1
134.677269	4.84788E-8	1
134.787584	4.847106E-8	1
134.920362	4.847074E-8	1
135.029614	4.845882E-8	1
135.140861	4.846778E-8	1
135.250584	4.84534E-8	1
135.36142	4.846004E-8	1
135.469887	4.845837E-8	1
135.578646	4.846307E-8	1
135.688397	4.845134E-8	1
135.79561	4.845643E-8	1
135.904627	4.84447E-8	1
136.013296	4.845044E-8	1
136.122887	4.84516E-8	1
136.232018	4.844406E-8	1
136.340206	4.843922E-8	1
136.448469	4.84378E-8	1
136.556695	4.842955E-8	1
136.6653	4.843497E-8	1
136.774062	4.843464E-8	1
136.883565	4.843045E-8	1
136.992248	4.778218E-8	1
137.099947	4.843999E-8	1
137.207549	4.845746E-8	1
137.316549	4.84543E-8	1
137.426178	4.846146E-8	1
137.534866	4.845753E-8	1
137.644791	4.845811E-8	1
137.753746	4.844599E-8	1
137.86133	4.845714E-8	1
137.972439	4.844973E-8	1
138.082424	4.843813E-8	1
138.1915	4.845321E-8	1
138.30129	4.844045E-8	1
138.410931	4.84438E-8	1
138.521232	4.844386E-8	1
138.629605	4.844231E-8	1
138.739616	4.843935E-8	1
138.849667	4.843632E-8	1
138.961425	4.844115E-8	1
139.073893	4.843987E-8	1
139.182753	4.843187E-8	1
139.292553	4.843935E-8	1
139.402184	4.843226E-8	1
139.512203	4.841872E-8	1
139.619636	4.843787E-8	1
139.729989	4.843574E-8	1
139.83989	4.842504E-8	1
139.948739	4.842317E-8	1
140.057179	4.842562E-8	1
140.165344	4.842407E-8	1
140.27395	4.843432E-8	1
140.381625	4.842794E-8	1
140.490832	4.842665E-8	1
140.598307	4.842175E-8	1
140.705207	4.842414E-8	1
140.81429	4.841982E-8	1
140.921802	4.842195E-8	1
141.029878	4.842207E-8	1
141.138066	4.841176E-8	1
141.247494	4.841537E-8	1
141.356594	4.840834E-8	1
141.463778	4.840564E-8	1
141.573453	4.841718E-8	1
141.6823	4.840776E-8	1
141.789599	4.840396E-8	1
141.897594	4.840325E-8	1
142.005095	4.840409E-8	1
142.114881	4.839913E-8	1
142.222151	4.838946E-8	1
142.330435	4.83881E-8	1
142.438078	4.838984E-8	1
142.546592	4.839094E-8	1
142.655266	4.837483E-8	1
142.762342	4.838114E-8	1
142.871433	4.837992E-8	1
142.978695	4.837025E-8	1
143.086598	4.838849E-8	1
143.195563	4.837631E-8	1
143.303892	4.837869E-8	1
143.412424	4.838127E-8	1
143.520293	4.837483E-8	1
143.627532	4.837218E-8	1
143.735985	4.837534E-8	1
143.844275	4.836722E-8	1
143.952014	4.836948E-8	1
144.059599	4.837354E-8	1
144.168088	4.837495E-8	1
144.277627	4.836438E-8	1
144.385318	4.836838E-8	1
144.494246	4.835716E-8	1
144.601487	4.835697E-8	1
144.710743	4.836554E-8	1
144.819247	4.835839E-8	1
144.927546	4.836271E-8	1
145.036054	4.836103E-8	1
145.142312	4.836445E-8	1
145.249979	4.835935E-8	1
145.358953	4.835291E-8	1
145.467622	4.835633E-8	1
145.575522	4.835181E-8	1
145.684211	4.834691E-8	1
145.791989	4.83511E-8	1
145.898248	4.835272E-8	1
146.006355	4.83386E-8	1
146.114874	4.835304E-8	1
146.222622	4.834098E-8	1
146.330227	4.834943E-8	1
146.438239	4.834363E-8	1
146.547243	4.834543E-8	1
146.655202	4.833422E-8	1
146.763221	4.833267E-8	1
146.871709	4.834865E-8	1
146.980592	4.833795E-8	1
147.088025	4.832751E-8	1
147.195107	4.83395E-8	1
147.303837	4.833189E-8	1
147.412344	4.832493E-8	1
147.521068	4.833828E-8	1
147.628596	4.833486E-8	1
147.738044	4.83239E-8	1
147.845788	4.832906E-8	1
147.954668	4.833196E-8	1
148.061934	4.832255E-8	1
148.169904	4.832132E-8	1
148.276934	4.832584E-8	1
148.384814	4.834975E-8	1
148.492919	4.833486E-8	1
148.600278	4.833969E-8	1
148.707536	4.833022E-8	1
148.81533	4.831855E-8	1
148.922247	4.831926E-8	1
149.03025	4.83239E-8	1
149.139568	4.832049E-8	1
149.24818	4.831275E-8	1
149.356281	4.831913E-8	1
149.464701	4.831095E-8	1
149.574866	4.83123E-8	1
149.684596	4.831449E-8	1
149.792285	4.831359E-8	1
149.901024	4.831642E-8	1
150.008857	4.831243E-8	1
150.117663	4.830527E-8	1
150.225936	4.829947E-8	1
150.3346	4.829954E-8	1
150.443675	4.829322E-8	1
150.553382	4.829187E-8	1
150.661823	4.828632E-8	1
150.769057	4.828407E-8	1
150.876318	4.828233E-8	1
150.983551	4.826885E-8	1
151.090964	4.827259E-8	1
151.198038	4.827079E-8	1
151.306686	4.82713E-8	1
151.413728	4.826582E-8	1
151.52077	4.826743E-8	1
151.627797	4.827175E-8	1
151.735306	4.825126E-8	1
151.842439	4.825615E-8	1
151.950969	4.826421E-8	1
152.057553	4.826241E-8	1
152.164381	4.826196E-8	1
152.272755	4.826627E-8	1
152.380852	4.82548E-8	1
152.489937	4.825854E-8	1
152.596679	4.82537E-8	1
152.706026	4.824442E-8	1
152.814922	4.824874E-8	1
152.922291	4.824964E-8	1
153.031087	4.82548E-8	1
153.139681	4.82403E-8	1
153.245899	4.824777E-8	1
153.353488	4.825667E-8	1
153.462526	4.824217E-8	1
153.570481	4.824004E-8	1
153.678823	4.824668E-8	1
153.786694	4.824397E-8	1
153.895071	4.824391E-8	1
154.003231	4.824565E-8	1
154.112676	4.823894E-8	1
154.220685	4.823649E-8	1
154.329558	4.823437E-8	1
154.436698	4.823127E-8	1
154.544271	4.823495E-8	1
154.652586	4.823785E-8	1
154.761336	4.823804E-8	1
154.869197	4.823662E-8	1
154.978961	4.824578E-8	1
155.08602	4.823791E-8	1
155.193526	4.822483E-8	1
155.301578	4.823108E-8	1
155.40894	4.822863E-8	1
155.516576	4.821941E-8	1
155.626202	4.823166E-8	1
155.734861	4.821348E-8	1
155.842585	4.821703E-8	1
155.951503	4.82091E-8	1
156.05853	4.820903E-8	1
156.166711	4.820942E-8	1
156.27404	4.820852E-8	1
156.382213	4.82167E-8	1
156.489259	4.821355E-8	1
156.596582	4.8208E-8	1
156.70442	4.820903E-8	1
156.811935	4.82033E-8	1
156.918911	4.820433E-8	1
157.027854	4.820749E-8	1
157.136142	4.82033E-8	1
157.245664	4.820478E-8	1
157.353217	4.820504E-8	1
157.461881	4.820194E-8	1
157.570349	4.818918E-8	1
157.677813	4.820214E-8	1
157.784868	4.82051E-8	1
157.893434	4.819614E-8	1
158.0025	4.819479E-8	1
158.111757	4.819434E-8	1
158.220578	4.818531E-8	1
158.328632	4.819485E-8	1
158.436639	4.819363E-8	1
158.544639	4.818692E-8	1
158.651955	4.818899E-8	1
158.759943	4.818796E-8	1
158.868596	4.81935E-8	1
158.976498	4.818235E-8	1
159.086003	4.820111E-8	1
159.194724	4.819498E-8	1
159.302118	4.819363E-8	1
159.410271	4.818583E-8	1
159.516719	4.818609E-8	1
159.625536	4.819111E-8	1
159.735097	4.818796E-8	1
159.84252	4.818686E-8	1
159.950983	4.818209E-8	1
160.06	4.817848E-8	1
160.169165	4.817584E-8	1
160.276262	4.818422E-8	1
160.384533	4.81808E-8	1
160.492641	4.818241E-8	1
160.600039	4.817822E-8	1
160.708688	4.816739E-8	1
160.815714	4.816739E-8	1
160.923641	4.817287E-8	1
161.032506	4.817158E-8	1
161.140769	4.8175E-8	1
161.249994	4.816643E-8	1
161.359027	4.816701E-8	1
161.466757	4.816494E-8	1
161.574654	4.816166E-8	1
161.682533	4.815076E-8	1
161.790193	4.81507E-8	1
161.898193	4.816075E-8	1
162.006094	4.815766E-8	1
162.115881	4.815231E-8	1
162.223901	4.815108E-8	1
162.331479	4.815121E-8	1
162.439349	4.814941E-8	1
162.547689	4.814386E-8	1
162.656548	4.814438E-8	1
162.76604	4.814657E-8	1
162.873671	4.772371E-8	1
162.981089	4.808121E-8	1
163.090615	4.825976E-8	1
163.197681	4.826363E-8	1
163.306774	4.826305E-8	1
163.414902	4.824719E-8	1
163.522455	4.824797E-8	1
163.630854	4.824558E-8	1
163.739565	4.824906E-8	1
163.846782	4.825409E-8	1
163.954826	4.824197E-8	1
164.06312	4.824655E-8	1
164.171529	4.824023E-8	1
164.279943	4.824107E-8	1
164.387456	4.823939E-8	1
164.496813	4.823753E-8	1
164.605052	4.824223E-8	1
164.712802	4.824694E-8	1
164.822463	4.823462E-8	1
164.929021	4.823527E-8	1
165.037745	4.822908E-8	1
165.146787	4.823901E-8	1
165.255025	4.823804E-8	1
165.363847	4.823089E-8	1
165.472094	4.823488E-8	1
165.580323	4.82374E-8	1
165.68679	4.823785E-8	1
165.795441	4.823282E-8	1
165.904395	4.823546E-8	1
166.013923	4.82343E-8	1
166.121881	4.823005E-8	1
166.229239	4.82267E-8	1
166.335219	4.822431E-8	1
166.443506	4.822528E-8	1
166.551614	4.822173E-8	1
166.6617	4.823198E-8	1
166.770473	4.823469E-8	1
166.879636	4.822367E-8	1
166.988264	4.821342E-8	1
167.096768	4.823108E-8	1
167.206277	4.822824E-8	1
167.315342	4.822128E-8	1
167.424049	4.822676E-8	1
167.532891	4.821664E-8	1
167.642054	4.821471E-8	1
167.750776	4.822044E-8	1
167.859009	4.821264E-8	1
167.969155	4.821561E-8	1
168.076816	4.820484E-8	1
168.186131	4.821915E-8	1
168.294914	4.820955E-8	1
168.403355	4.820278E-8	1
168.510255	4.821097E-8	1
168.616862	4.82138E-8	1
168.724829	4.820839E-8	1
168.832546	4.819601E-8	1
168.940667	4.820169E-8	1
169.04926	4.819008E-8	1
169.156377	4.819614E-8	1
169.26418	4.819956E-8	1
169.371589	4.818286E-8	1
169.479703	4.818686E-8	1
169.586415	4.818718E-8	1
169.696828	4.817906E-8	1
169.806853	4.819099E-8	1
169.914581	4.818312E-8	1
170.022641	4.817713E-8	1
170.130445	4.816469E-8	1
170.238392	4.818009E-8	1
170.346176	4.817667E-8	1
170.455526	4.81701E-8	1
170.562729	4.816636E-8	1
170.670784	4.817487E-8	1
170.779272	4.816681E-8	1
170.887627	4.81739E-8	1
170.994442	4.816469E-8	1
171.10267	4.815979E-8	1
171.209818	4.817313E-8	1
171.319041	4.816636E-8	1
171.427721	4.815966E-8	1
171.536191	4.815689E-8	1
171.645015	4.814863E-8	1
171.753093	4.814554E-8	1
171.859977	4.815128E-8	1
171.967979	4.814831E-8	1
172.076875	4.815611E-8	1
172.185224	4.814264E-8	1
172.29358	4.814077E-8	1
172.400826	4.813903E-8	1
172.508653	4.814651E-8	1
172.618309	4.813961E-8	1
172.726054	4.814212E-8	1
172.836073	4.813278E-8	1
172.944134	4.814677E-8	1
173.052254	4.814277E-8	1
173.160293	4.813935E-8	1
173.267114	4.814354E-8	1
173.375099	4.813793E-8	1
173.484002	4.813465E-8	1
173.591338	4.813123E-8	1
173.699256	4.813026E-8	1
173.806868	4.812472E-8	1
173.916199	4.813826E-8	1
174.024524	4.813181E-8	1
174.133001	4.813188E-8	1
174.241736	4.813336E-8	1
174.350342	4.812736E-8	1
174.457838	4.812685E-8	1
174.566041	4.813407E-8	1
174.674578	4.813117E-8	1
174.784515	4.812227E-8	1
174.892575	4.813033E-8	1
175.001751	4.811982E-8	1
175.109709	4.812466E-8	1
175.217219	4.812633E-8	1
175.32693	4.812253E-8	1
175.434525	4.812775E-8	1
175.543296	4.813059E-8	1
175.650981	4.812382E-8	1
175.757882	4.812775E-8	1
175.866224	4.813362E-8	1
175.974669	4.812524E-8	1
176.083074	4.812678E-8	1
176.19171	4.811782E-8	1
176.298444	4.810809E-8	1
176.407598	4.811634E-8	1
176.516762	4.811286E-8	1
176.624944	4.811357E-8	1
176.732855	4.812066E-8	1
176.840936	4.812014E-8	1
176.95053	4.811782E-8	1
177.062523	4.811666E-8	1
177.171194	4.810461E-8	1
177.278518	4.812627E-8	1
177.388396	4.810815E-8	1
177.495701	4.810467E-8	1
177.604348	4.811396E-8	1
177.712192	4.810564E-8	1
177.820491	4.81028E-8	1
177.929768	4.811911E-8	1
178.036901	4.811434E-8	1
178.145958	4.81048E-8	1
178.254493	4.811247E-8	1
178.362114	4.811576E-8	1
178.470271	4.810628E-8	1
178.577672	4.810899E-8	1
178.686435	4.810319E-8	1
178.793412	4.809694E-8	1
178.900138	4.808972E-8	1
179.008547	4.8097E-8	1
179.118159	4.808347E-8	1
179.226756	4.807509E-8	1
179.334355	4.808708E-8	1
179.442299	4.807966E-8	1
179.550985	4.807895E-8	1
179.658167	4.809172E-8	1
179.765891	4.808024E-8	1
179.8748	4.808263E-8	1
179.98352	4.808147E-8	1
180.091057	4.808289E-8	1
180.198336	4.807676E-8	1
180.306137	4.807734E-8	1
180.415699	4.807882E-8	1
180.525087	4.808147E-8	1
180.632705	4.807889E-8	1
180.741393	4.808353E-8	1
180.849267	4.807438E-8	1
180.95693	4.806832E-8	1
181.064509	4.807115E-8	1
181.174209	4.806645E-8	1
181.283342	4.806722E-8	1
181.392741	4.808424E-8	1
181.501915	4.806387E-8	1
181.6112	4.805962E-8	1
181.718606	4.806754E-8	1
181.826937	4.805671E-8	1
181.935847	4.806703E-8	1
182.045588	4.807115E-8	1
182.153031	4.806148E-8	1
182.262239	4.80571E-8	1
182.371531	4.806419E-8	1
182.479332	4.80689E-8	1
182.588068	4.805633E-8	1
182.696806	4.805575E-8	1
182.805453	4.805962E-8	1
182.914394	4.805427E-8	1
183.023436	4.805149E-8	1
183.131455	4.806348E-8	1
183.23902	4.805233E-8	1
183.347931	4.804376E-8	1
183.456096	4.806458E-8	1
183.564469	4.805336E-8	1
183.673488	4.804859E-8	1
183.782732	4.805491E-8	1
183.890895	4.805633E-8	1
183.998597	4.804879E-8	1
184.105446	4.805394E-8	1
184.213032	4.804763E-8	1
184.319825	4.80397E-8	1
184.429162	4.804479E-8	1
184.537449	4.804601E-8	1
184.645164	4.80455E-8	1
184.752642	4.804982E-8	1
184.860198	4.805169E-8	1
184.967713	4.804247E-8	1
185.076963	4.804589E-8	1
185.184664	4.804344E-8	1
185.292844	4.803899E-8	1
185.400715	4.803254E-8	1
185.507819	4.804692E-8	1
185.616967	4.802919E-8	1
185.724391	4.802616E-8	1
185.833725	4.803332E-8	1
185.941628	4.802777E-8	1
186.049075	4.80279E-8	1
186.156971	4.802829E-8	1
186.264536	4.803757E-8	1
186.371599	4.803615E-8	1
186.479882	4.802803E-8	1
186.587977	4.803583E-8	1
186.695612	4.802539E-8	1
186.804319	4.803299E-8	1
186.912162	4.802371E-8	1
187.021457	4.80259E-8	1
187.128888	4.803022E-8	1
187.23668	4.804331E-8	1
187.345215	4.802951E-8	1
187.45552	4.802371E-8	1
187.562624	4.802345E-8	1
187.670744	4.802307E-8	1
187.779186	4.802494E-8	1
187.88699	4.802474E-8	1
187.994902	4.801849E-8	1
188.104369	4.801198E-8	1
188.212557	4.801237E-8	1
188.321791	4.800669E-8	1
188.430139	4.799528E-8	1
188.538014	4.800682E-8	1
188.646645	4.79998E-8	1
188.754843	4.799193E-8	1
188.862591	4.800212E-8	1
188.970468	4.799606E-8	1
189.078671	4.799554E-8	1
189.186979	4.799374E-8	1
189.294928	4.799838E-8	1
189.40246	4.799586E-8	1
189.510478	4.79976E-8	1
189.617656	4.799354E-8	1
189.726315	4.799193E-8	1
189.833606	4.798097E-8	1
189.941254	4.798452E-8	1
190.049915	4.798781E-8	1
190.158374	4.796879E-8	1
190.265878	4.79753E-8	1
190.374407	4.798278E-8	1
190.483604	4.797543E-8	1
190.591516	4.796853E-8	1
190.700315	4.797865E-8	1
190.80789	4.797098E-8	1
190.91678	4.796989E-8	1
191.024076	4.797298E-8	1
191.13378	4.797395E-8	1
191.24152	4.79606E-8	1
191.349854	4.796067E-8	1
191.457017	4.796241E-8	1
191.565454	4.796615E-8	1
191.672685	4.795493E-8	1
191.781415	4.795455E-8	1
191.889221	4.796318E-8	1
191.998396	4.795435E-8	1
192.106439	4.795835E-8	1
192.214851	4.795345E-8	1
192.324117	4.795848E-8	1
192.432261	4.795094E-8	1
192.540509	4.79472E-8	1
192.648417	4.794681E-8	1
192.756911	4.794984E-8	1
192.865003	4.795783E-8	1
192.973881	4.795474E-8	1
193.08146	4.794784E-8	1
193.188708	4.795693E-8	1
193.297186	4.796518E-8	1
193.405646	4.794752E-8	1
193.514151	4.794752E-8	1
193.622213	4.795048E-8	1
193.730921	4.795783E-8	1
193.838693	4.794217E-8	1
193.94804	4.794443E-8	1
194.057044	4.793972E-8	1
194.164431	4.793547E-8	1
194.271133	4.794436E-8	1
194.379172	4.794346E-8	1
194.488053	4.793888E-8	1
194.595028	4.794417E-8	1
194.704768	4.793128E-8	1
194.813068	4.794584E-8	1
194.92111	4.79521E-8	1
195.028206	4.794339E-8	1
195.136978	4.794049E-8	1
195.245531	4.793837E-8	1
195.352851	4.793701E-8	1
195.461009	4.793392E-8	1
195.569661	4.794146E-8	1
195.67809	4.794533E-8	1
195.78682	4.793424E-8	1
195.895324	4.793985E-8	1
196.004351	4.79365E-8	1
196.112563	4.792709E-8	1
196.22031	4.794146E-8	1
196.328027	4.794397E-8	1
196.436636	4.793321E-8	1
196.54569	4.793901E-8	1
196.65375	4.793024E-8	1
196.762329	4.792863E-8	1
196.870433	4.793269E-8	1
196.977703	4.793611E-8	1
197.086245	4.793914E-8	1
197.195751	4.793018E-8	1
197.303549	4.793534E-8	1
197.412579	4.793353E-8	1
197.521276	4.792934E-8	1
197.629611	4.793076E-8	1
197.737861	4.792999E-8	1
197.844415	4.791774E-8	1
197.952717	4.79238E-8	1
198.059479	4.791735E-8	1
198.168316	4.791632E-8	1
198.276599	4.792077E-8	1
198.383676	4.79091E-8	1
198.491601	4.791851E-8	1
198.599475	4.792006E-8	1
198.707963	4.790298E-8	1
198.816321	4.790588E-8	1
198.925472	4.790072E-8	1
199.033779	4.791548E-8	1
199.142438	4.790981E-8	1
199.250618	4.790162E-8	1
199.35709	4.790568E-8	1
199.465413	4.79042E-8	1
199.574254	4.790904E-8	1
199.68298	4.790936E-8	1
199.791338	4.79091E-8	1
199.900111	4.790523E-8	1
200.009084	4.789975E-8	1
200.118119	4.78984E-8	1
200.226508	4.789137E-8	1
200.335145	4.789647E-8	1
200.443183	4.790407E-8	1
200.552191	4.789705E-8	1
200.660313	4.789608E-8	1
200.767122	4.789821E-8	1
200.875444	4.789672E-8	1
200.983941	4.790072E-8	1
201.092988	4.789666E-8	1
201.200546	4.790852E-8	1
201.307106	4.790601E-8	1
201.415706	4.790581E-8	1
201.523469	4.790678E-8	1
201.630909	4.790517E-8	1
201.739995	4.789911E-8	1
201.847109	4.78955E-8	1
201.956199	4.790291E-8	1
202.063254	4.789254E-8	1
202.171568	4.789324E-8	1
202.279444	4.790195E-8	1
202.387817	4.789389E-8	1
202.494593	4.789434E-8	1
202.603335	4.790027E-8	1
202.711393	4.789337E-8	1
202.81876	4.78944E-8	1
202.928133	4.789163E-8	1
203.037122	4.78906E-8	1
203.144721	4.789608E-8	1
203.252277	4.790208E-8	1
203.358809	4.788648E-8	1
203.468348	4.788673E-8	1
203.575929	4.787423E-8	1
203.685604	4.78995E-8	1
203.794409	4.78917E-8	1
203.901816	4.788693E-8	1
204.009071	4.788738E-8	1
204.117128	4.788299E-8	1
204.2257	4.789002E-8	1
204.334269	4.787739E-8	1
204.441576	4.788551E-8	1
204.550023	4.788757E-8	1
204.657767	4.788925E-8	1
204.765608	4.788158E-8	1
204.873805	4.788905E-8	1
204.981572	4.788171E-8	1
205.090459	4.788725E-8	1
205.198092	4.788345E-8	1
205.305798	4.788886E-8	1
205.41339	4.788963E-8	1
205.521778	4.788151E-8	1
205.630454	4.787507E-8	1
205.738146	4.788299E-8	1
205.846688	4.788583E-8	1
205.953967	4.787081E-8	1
206.062214	4.786572E-8	1
206.17089	4.787829E-8	1
206.279934	4.787404E-8	1
206.389079	4.785702E-8	1
206.499023	4.7875E-8	1
206.607392	4.786192E-8	1
206.715522	4.786134E-8	1
206.823989	4.786198E-8	1
206.93234	4.785663E-8	1
207.040258	4.785766E-8	1
207.148651	4.785882E-8	1
207.256026	4.785721E-8	1
207.364348	4.785766E-8	1
207.472089	4.785089E-8	1
207.580461	4.785193E-8	1
207.688435	4.784561E-8	1
207.796518	4.78449E-8	1
207.90602	4.784722E-8	1
208.012617	4.784625E-8	1
208.119584	4.784922E-8	1
208.227164	4.784425E-8	1
208.335325	4.784741E-8	1
208.442467	4.78389E-8	1
208.550119	4.784174E-8	1
208.658987	4.78458E-8	1
208.768008	4.783716E-8	1
208.875809	4.783961E-8	1
208.983742	4.783304E-8	1
209.092255	4.782227E-8	1
209.202403	4.782298E-8	1
209.309985	4.782749E-8	1
209.41769	4.782485E-8	1
209.526367	4.783052E-8	1
209.636098	4.783188E-8	1
209.743325	4.783491E-8	1
209.851534	4.782176E-8	1
209.960522	4.783181E-8	1
210.068018	4.782466E-8	1
210.177182	4.781434E-8	1
210.285306	4.782524E-8	1
210.392554	4.781873E-8	1
210.500375	4.781525E-8	1
210.608184	4.781525E-8	1
210.717215	4.782969E-8	1
210.826611	4.782092E-8	1
210.934539	4.782073E-8	1
211.043061	4.782066E-8	1
211.1513	4.781241E-8	1
211.260618	4.782298E-8	1
211.369021	4.782659E-8	1
211.478198	4.782653E-8	1
211.587203	4.782034E-8	1
211.695041	4.781912E-8	1
211.802979	4.781589E-8	1
211.911471	4.780597E-8	1
212.018974	4.781086E-8	1
212.127985	4.78166E-8	1
212.236128	4.781183E-8	1
212.343573	4.781583E-8	1
212.451349	4.781434E-8	1
212.559315	4.781473E-8	1
212.667445	4.78137E-8	1
212.775636	4.780384E-8	1
212.883179	4.780912E-8	1
212.990682	4.780165E-8	1
213.097425	4.781376E-8	1
213.205441	4.780487E-8	1
213.313919	4.780867E-8	1
213.423961	4.780448E-8	1
213.533535	4.74058E-8	1
213.64172	4.790394E-8	1
213.749537	4.790575E-8	1
213.857701	4.790685E-8	1
213.965889	4.790859E-8	1
214.07312	4.790891E-8	1
214.181568	4.791323E-8	1
214.289622	4.791252E-8	1
214.396939	4.790208E-8	1
214.503986	4.790143E-8	1
214.613225	4.790027E-8	1
214.721256	4.790388E-8	1
214.828454	4.790446E-8	1
214.936898	4.790066E-8	1
215.045962	4.790491E-8	1
215.153975	4.791232E-8	1
215.263871	4.79024E-8	1
215.373331	4.79024E-8	1
215.482144	4.790253E-8	1
215.589407	4.789685E-8	1
215.697908	4.789576E-8	1
215.80803	4.789666E-8	1
215.914936	4.78897E-8	1
216.023373	4.788905E-8	1
216.130227	4.788835E-8	1
216.238073	4.789834E-8	1
216.34593	4.788209E-8	1
216.454331	4.787803E-8	1
216.563816	4.788918E-8	1
216.671563	4.788989E-8	1
216.778239	4.788564E-8	1
216.88724	4.788867E-8	1
216.99582	4.789105E-8	1
217.106055	4.787229E-8	1
217.215891	4.788042E-8	1
217.323483	4.789363E-8	1
217.431989	4.787745E-8	1
217.539309	4.787745E-8	1
217.647246	4.787932E-8	1
217.755759	4.787623E-8	1
217.863218	4.78732E-8	1
217.972209	4.78781E-8	1
218.078872	4.787661E-8	1
218.187273	4.786849E-8	1
218.295638	4.787797E-8	1
218.40493	4.787249E-8	1
218.512612	4.786385E-8	1
218.621176	4.786991E-8	1
218.729322	4.786972E-8	1
218.837914	4.785966E-8	1
218.94703	4.787068E-8	1
219.054808	4.78674E-8	1
219.161428	4.786159E-8	1
219.270297	4.786005E-8	1
219.378804	4.78625E-8	1
219.487151	4.786617E-8	1
219.59636	4.786591E-8	1
219.705412	4.786372E-8	1
219.813217	4.785844E-8	1
219.920361	4.78574E-8	1
220.02766	4.785985E-8	1
220.135005	4.786688E-8	1
220.24251	4.785773E-8	1
220.349982	4.786224E-8	1
220.45827	4.785167E-8	1
220.566136	4.785309E-8	1
220.674465	4.785747E-8	1
220.782199	4.785244E-8	1
220.889645	4.785844E-8	1
220.99789	4.785695E-8	1
221.108669	4.78556E-8	1
221.217278	4.784013E-8	1
221.325332	4.785399E-8	1
221.434564	4.784735E-8	1
221.542949	4.785044E-8	1
221.65065	4.784735E-8	1
221.758852	4.785141E-8	1
221.867285	4.784999E-8	1
221.9754	4.784902E-8	1
222.083968	4.786198E-8	1
222.192566	4.78467E-8	1
222.300605	4.785437E-8	1
222.408681	4.784516E-8	1
222.516772	4.784161E-8	1
222.625366	4.784303E-8	1
222.732904	4.784857E-8	1
222.841259	4.784877E-8	1
222.94931	4.784097E-8	1
223.057201	4.784658E-8	1
223.164868	4.784541E-8	1
223.272553	4.78449E-8	1
223.380457	4.784683E-8	1
223.488299	4.784832E-8	1
223.597145	4.785392E-8	1
223.705761	4.784954E-8	1
223.815394	4.784387E-8	1
223.924687	4.784226E-8	1
224.032575	4.784496E-8	1
224.141888	4.783981E-8	1
224.250776	4.783968E-8	1
224.359499	4.784258E-8	1
224.46772	4.784097E-8	1
224.574889	4.783845E-8	1
224.684149	4.784271E-8	1
224.791715	4.785882E-8	1
224.90006	4.784857E-8	1
225.009701	4.783691E-8	1
225.118334	4.783716E-8	1
225.225543	4.783994E-8	1
225.333856	4.782853E-8	1
225.440926	4.782034E-8	1
225.548501	4.782936E-8	1
225.656555	4.782015E-8	1
225.765142	4.781924E-8	1
225.873514	4.78119E-8	1
225.981729	4.781563E-8	1
226.089667	4.781841E-8	1
226.197659	4.78235E-8	1
226.306412	4.781673E-8	1
226.413989	4.781499E-8	1
226.521224	4.781119E-8	1
226.628762	4.780474E-8	1
226.737326	4.780764E-8	1
226.845606	4.780545E-8	1
226.954253	4.780364E-8	1
227.063563	4.780422E-8	1
227.171173	4.779398E-8	1
227.27902	4.780648E-8	1
227.38829	4.779597E-8	1
227.496682	4.780049E-8	1
227.605195	4.780313E-8	1
227.71354	4.7805E-8	1
227.822408	4.779559E-8	1
227.929691	4.779359E-8	1
228.037339	4.779024E-8	1
228.146159	4.779301E-8	1
228.254722	4.779752E-8	1
228.36161	4.778276E-8	1
228.470794	4.780158E-8	1
228.577341	4.779655E-8	1
228.685517	4.77941E-8	1
228.79343	4.778727E-8	1
228.901717	4.779269E-8	1
229.010819	4.778785E-8	1
229.11827	4.778502E-8	1
229.227067	4.778585E-8	1
229.335215	4.778179E-8	1
229.443879	4.778682E-8	1
229.551487	4.777812E-8	1
229.658064	4.778173E-8	1
229.766532	4.777296E-8	1
229.874691	4.778527E-8	1
229.983588	4.777863E-8	1
230.090907	4.778495E-8	1
230.197986	4.777122E-8	1
230.304799	4.77816E-8	1
230.41325	4.778089E-8	1
230.521195	4.776426E-8	1
230.629846	4.776677E-8	1
230.737359	4.777109E-8	1
230.845513	4.77718E-8	1
230.953551	4.776755E-8	1
231.063135	4.776548E-8	1
231.172546	4.776748E-8	1
231.279914	4.776658E-8	1
231.388755	4.776271E-8	1
231.497153	4.776716E-8	1
231.606137	4.777406E-8	1
231.715312	4.77602E-8	1
231.824125	4.776129E-8	1
231.932448	4.777296E-8	1
232.041393	4.775208E-8	1
232.149579	4.776684E-8	1
232.25757	4.776413E-8	1
232.366113	4.77553E-8	1
232.472953	4.775317E-8	1
232.582334	4.776078E-8	1
232.689489	4.776181E-8	1
232.799075	4.775059E-8	1
232.907264	4.77671E-8	1
233.016494	4.775279E-8	1
233.123376	4.774679E-8	1
233.230684	4.776104E-8	1
233.338075	4.77542E-8	1
233.446676	4.774453E-8	1
233.554536	4.774963E-8	1
233.662971	4.776155E-8	1
233.771224	4.775156E-8	1
233.878346	4.774479E-8	1
233.986574	4.775072E-8	1
234.09462	4.773841E-8	1
234.202888	4.773867E-8	1
234.311569	4.775459E-8	1
234.419786	4.775472E-8	1
234.528323	4.775317E-8	1
234.636703	4.773931E-8	1
234.744368	4.77406E-8	1
234.852972	4.773177E-8	1
234.959803	4.774505E-8	1
235.068094	4.774866E-8	1
235.175754	4.773777E-8	1
235.28342	4.774789E-8	1
235.391749	4.774563E-8	1
235.500287	4.773628E-8	1
235.608198	4.773474E-8	1
235.717247	4.77406E-8	1
235.824505	4.774802E-8	1
235.932212	4.773022E-8	1
236.040105	4.773732E-8	1
236.148408	4.773564E-8	1
236.256053	4.772919E-8	1
236.363306	4.773287E-8	1
236.472919	4.773261E-8	1
236.581029	4.77319E-8	1
236.689863	4.773925E-8	1
236.798417	4.774247E-8	1
236.907412	4.773158E-8	1
237.015765	4.773628E-8	1
237.123912	4.773396E-8	1
237.230896	4.773519E-8	1
237.338126	4.774002E-8	1
237.446892	4.772429E-8	1
237.555542	4.773441E-8	1
237.663038	4.773661E-8	1
237.771941	4.773351E-8	1
237.879727	4.77359E-8	1
237.988427	4.773435E-8	1
238.095757	4.772159E-8	1
238.20417	4.773474E-8	1
238.310653	4.772977E-8	1
238.418198	4.772726E-8	1
238.527426	4.773667E-8	1
238.633657	4.773345E-8	1
238.742781	4.772623E-8	1
238.850528	4.771907E-8	1
238.958588	4.771714E-8	1
239.067624	4.771211E-8	1
239.17457	4.770992E-8	1
239.282609	4.771533E-8	1
239.390903	4.771288E-8	1
239.499829	4.772023E-8	1
239.608828	4.77154E-8	1
239.716548	4.771701E-8	1
239.824152	4.772694E-8	1
239.932284	4.770586E-8	1
240.039841	4.771475E-8	1
240.147443	4.771514E-8	1
240.255475	4.771334E-8	1
240.364456	4.770695E-8	1
240.472206	4.770521E-8	1
240.58184	4.771089E-8	1
240.689517	4.770928E-8	1
240.798452	4.770257E-8	1
240.907231	4.771011E-8	1
241.014751	4.771688E-8	1
241.123905	4.77065E-8	1
241.233065	4.771276E-8	1
241.340565	4.771527E-8	1
241.448853	4.770689E-8	1
241.557313	4.770986E-8	1
241.665709	4.77065E-8	1
241.77421	4.770637E-8	1
241.881853	4.770528E-8	1
241.989858	4.770509E-8	1
242.098069	4.77143E-8	1
242.207458	4.77201E-8	1
242.314383	4.770367E-8	1
242.423573	4.771024E-8	1
242.530627	4.770186E-8	1
242.63946	4.770038E-8	1
242.748466	4.770064E-8	1
242.857471	4.770238E-8	1
242.966141	4.769941E-8	1
243.073754	4.770483E-8	1
243.181814	4.76929E-8	1
243.291652	4.769316E-8	1
243.399555	4.769625E-8	1
243.508113	4.769593E-8	1
243.616101	4.769851E-8	1
243.724634	4.769838E-8	1
243.833524	4.768742E-8	1
243.941407	4.769625E-8	1
244.049886	4.769374E-8	1
244.157476	4.768356E-8	1
244.26705	4.768581E-8	1
244.376046	4.767537E-8	1
244.483783	4.768285E-8	1
244.590028	4.767279E-8	1
244.698727	4.767904E-8	1
244.806277	4.767169E-8	1
244.914242	4.767414E-8	1
245.021069	4.766667E-8	1
245.13059	4.766267E-8	1
245.23849	4.767318E-8	1
245.346597	4.76735E-8	1
245.455033	4.765983E-8	1
245.562738	4.76637E-8	1
245.671812	4.76608E-8	1
245.778852	4.765977E-8	1
245.886919	4.766312E-8	1
245.99453	4.766087E-8	1
246.103571	4.766332E-8	1
246.21167	4.766486E-8	1
246.318994	4.765893E-8	1
246.426572	4.765829E-8	1
246.535069	4.766589E-8	1
246.643185	4.765178E-8	1
246.750206	4.766106E-8	1
246.858422	4.766454E-8	1
246.967579	4.765945E-8	1
247.075738	4.765062E-8	1
247.183372	4.764868E-8	1
247.292042	4.765229E-8	1
247.399894	4.764952E-8	1
247.507507	4.764888E-8	1
247.615448	4.764436E-8	1
247.72248	4.765358E-8	1
247.830828	4.764707E-8	1
247.938638	4.764488E-8	1
248.046696	4.764849E-8	1
248.154494	4.764714E-8	1
248.263449	4.76492E-8	1
248.371487	4.764462E-8	1
248.479913	4.764063E-8	1
248.588105	4.765442E-8	1
248.696237	4.764894E-8	1
248.804309	4.763805E-8	1
248.912553	4.76463E-8	1
249.019753	4.765249E-8	1
249.12752	4.76432E-8	1
249.236124	4.763766E-8	1
249.343297	4.764501E-8	1
249.451753	4.763766E-8	1
249.559925	4.763805E-8	1
249.667524	4.764675E-8	1
249.776969	4.764082E-8	1
249.886269	4.763147E-8	1
249.994335	4.764198E-8	1
250.102788	4.763573E-8	1
250.210632	4.764017E-8	1
250.318721	4.763579E-8	1
250.426879	4.764959E-8	1
250.534373	4.763341E-8	1
250.642872	4.763186E-8	1
250.751197	4.764391E-8	1
250.859053	4.763308E-8	1
250.967538	4.763566E-8	1
251.074728	4.76385E-8	1
251.183609	4.763792E-8	1
251.291614	4.763334E-8	1
251.401558	4.762225E-8	1
251.509662	4.762941E-8	1
251.618358	4.762213E-8	1
251.726183	4.763637E-8	1
251.83342	4.76316E-8	1
251.941859	4.762522E-8	1
252.049994	4.763295E-8	1
252.158431	4.764088E-8	1
252.26648	4.762425E-8	1
252.374712	4.762161E-8	1
252.482821	4.762909E-8	1
252.59032	4.762348E-8	1
252.698237	4.762348E-8	1
252.805727	4.762838E-8	1
252.9132	4.762754E-8	1
253.021865	4.762754E-8	1
253.129019	4.762915E-8	1
253.236304	4.76287E-8	1
253.345831	4.762187E-8	1
253.453318	4.763044E-8	1
253.562051	4.762167E-8	1
253.670948	4.762193E-8	1
253.778955	4.762657E-8	1
253.887563	4.762013E-8	1
253.995598	4.7616E-8	1
254.102714	4.760956E-8	1
254.210366	4.760975E-8	1
254.318591	4.762341E-8	1
254.426929	4.759892E-8	1
254.534359	4.761059E-8	1
254.643952	4.7612E-8	1
254.75175	4.761426E-8	1
254.860236	4.762006E-8	1
254.968296	4.761387E-8	1
255.076924	4.760852E-8	1
255.18615	4.762354E-8	1
255.295732	4.760781E-8	1
255.403233	4.761445E-8	1
255.51173	4.760285E-8	1
255.618458	4.760962E-8	1
255.727193	4.760414E-8	1
255.834947	4.760537E-8	1
255.944123	4.761291E-8	1
256.052347	4.760485E-8	1
256.159825	4.760047E-8	1
256.268319	4.760736E-8	1
256.376981	4.759834E-8	1
256.48545	4.760227E-8	1
256.594143	4.760021E-8	1
256.702733	4.759312E-8	1
256.809985	4.760524E-8	1
256.917588	4.759647E-8	1
257.026416	4.75937E-8	1
257.134297	4.76013E-8	1
257.242768	4.758886E-8	1
257.350238	4.759769E-8	1
257.458529	4.758957E-8	1
257.567596	4.759299E-8	1
257.674662	4.759164E-8	1
257.783776	4.759131E-8	1
257.892857	4.75935E-8	1
258.0008	4.758957E-8	1
258.109014	4.758055E-8	1
258.21736	4.758184E-8	1
258.326424	4.758094E-8	1
258.43474	4.758732E-8	1
258.544039	4.711315E-8	1
258.652594	4.757784E-8	1
258.760911	4.769696E-8	1
258.868493	4.770212E-8	1
258.977314	4.770057E-8	1
259.085054	4.770238E-8	1
259.192179	4.769445E-8	1
259.300618	4.769999E-8	1
259.409998	4.770064E-8	1
259.516983	4.769709E-8	1
259.625642	4.76987E-8	1
259.732481	4.769845E-8	1
259.840875	4.769406E-8	1
259.949418	4.770012E-8	1
260.056074	4.769671E-8	1
260.164402	4.77016E-8	1
260.273596	4.768839E-8	1
260.382048	4.769413E-8	1
260.488868	4.769967E-8	1
260.596933	4.769845E-8	1
260.704853	4.769426E-8	1
260.812929	4.768929E-8	1
260.921609	4.768691E-8	1
261.028479	4.768704E-8	1
261.136636	4.769058E-8	1
261.24425	4.768568E-8	1
261.351693	4.768839E-8	1
261.46081	4.769484E-8	1
261.569051	4.76882E-8	1
261.676539	4.767833E-8	1
261.784211	4.76824E-8	1
261.89326	4.767949E-8	1
262.000496	4.76824E-8	1
262.108987	4.769239E-8	1
262.218637	4.769426E-8	1
262.327639	4.768833E-8	1
262.436876	4.76724E-8	1
262.544827	4.768072E-8	1
262.65284	4.767853E-8	1
262.760993	4.768085E-8	1
262.868753	4.767646E-8	1
262.977404	4.766364E-8	1
263.083597	4.767324E-8	1
263.192159	4.767099E-8	1
263.298977	4.767092E-8	1
263.407647	4.766486E-8	1
263.515543	4.765738E-8	1
263.623834	4.766099E-8	1
263.731473	4.766267E-8	1
263.840334	4.765771E-8	1
263.947652	4.765629E-8	1
264.055287	4.766293E-8	1
264.164832	4.766306E-8	1
264.272739	4.766576E-8	1
264.380814	4.766074E-8	1
264.488145	4.765184E-8	1
264.596477	4.766486E-8	1
264.704493	4.765036E-8	1
264.811686	4.764456E-8	1
264.920813	4.765075E-8	1
265.028462	4.76512E-8	1
265.136741	4.764894E-8	1
265.245797	4.76481E-8	1
265.353395	4.766041E-8	1
265.461007	4.765874E-8	1
265.567665	4.764314E-8	1
265.676578	4.765094E-8	1
265.784908	4.765481E-8	1
265.893088	4.764907E-8	1
266.000924	4.764404E-8	1
266.108921	4.76443E-8	1
266.217078	4.765191E-8	1
266.325517	4.765332E-8	1
266.43371	4.764726E-8	1
266.541999	4.764817E-8	1
266.650043	4.763785E-8	1
266.759629	4.765287E-8	1
266.868679	4.765668E-8	1
266.975409	4.764649E-8	1
267.085675	4.766306E-8	1
267.194445	4.764694E-8	1
267.303327	4.764881E-8	1
267.410782	4.763882E-8	1
267.518403	4.765545E-8	1
267.628474	4.764643E-8	1
267.737687	4.764372E-8	1
267.845145	4.764417E-8	1
267.953092	4.764894E-8	1
268.0616	4.765397E-8	1
268.169161	4.7649E-8	1
268.277536	4.765107E-8	1
268.386878	4.764211E-8	1
268.495315	4.765558E-8	1
268.60314	4.765133E-8	1
268.712409	4.764984E-8	1
268.820084	4.765655E-8	1
268.928526	4.765674E-8	1
269.035256	4.764804E-8	1
269.143049	4.765094E-8	1
269.252389	4.765152E-8	1
269.360728	4.765661E-8	1
269.466981	4.764494E-8	1
269.574375	4.764675E-8	1
269.682593	4.765416E-8	1
269.790445	4.765023E-8	1
269.898257	4.764694E-8	1
270.005826	4.763979E-8	1
270.113374	4.764224E-8	1
270.221704	4.765468E-8	1
270.327704	4.764591E-8	1
270.435081	4.763959E-8	1
270.543725	4.76481E-8	1
270.652155	4.763863E-8	1
270.761229	4.763573E-8	1
270.869112	4.764037E-8	1
270.976126	4.764224E-8	1
271.08556	4.763566E-8	1
271.193117	4.763966E-8	1
271.301955	4.764101E-8	1
271.409441	4.763457E-8	1
271.518115	4.76374E-8	1
271.626266	4.763966E-8	1
271.734365	4.763714E-8	1
271.843409	4.763766E-8	1
271.950905	4.763656E-8	1
272.058364	4.762928E-8	1
272.168733	4.763057E-8	1
272.27757	4.763038E-8	1
272.386129	4.764482E-8	1
272.493079	4.763463E-8	1
272.600964	4.762586E-8	1
272.708055	4.763225E-8	1
272.816097	4.763205E-8	1
272.923919	4.763502E-8	1
273.033249	4.762715E-8	1
273.142453	4.761091E-8	1
273.25104	4.762064E-8	1
273.359362	4.762071E-8	1
273.466887	4.761903E-8	1
273.576303	4.762754E-8	1
273.685426	4.762238E-8	1
273.793598	4.762838E-8	1
273.900361	4.761684E-8	1
274.008847	4.762715E-8	1
274.117739	4.762071E-8	1
274.226169	4.762329E-8	1
274.333395	4.761871E-8	1
274.442899	4.761929E-8	1
274.551522	4.760524E-8	1
274.660597	4.761052E-8	1
274.768486	4.761091E-8	1
274.878066	4.761613E-8	1
274.98704	4.761523E-8	1
275.09423	4.762167E-8	1
275.202732	4.760988E-8	1
275.3123	4.760794E-8	1
275.420122	4.76082E-8	1
275.528238	4.760479E-8	1
275.636521	4.761329E-8	1
275.744654	4.760485E-8	1
275.852803	4.759866E-8	1
275.961419	4.76082E-8	1
276.070148	4.759976E-8	1
276.176927	4.760208E-8	1
276.286147	4.760163E-8	1
276.395567	4.760008E-8	1
276.504775	4.761897E-8	1
276.61375	4.760137E-8	1
276.721758	4.76035E-8	1
276.830706	4.759776E-8	1
276.937763	4.760472E-8	1
277.047078	4.760021E-8	1
277.155714	4.760852E-8	1
277.264365	4.759492E-8	1
277.371088	4.760827E-8	1
277.478677	4.760111E-8	1
277.586399	4.760388E-8	1
277.695445	4.760562E-8	1
277.802576	4.760047E-8	1
277.910809	4.760079E-8	1
278.020198	4.760098E-8	1
278.128462	4.76024E-8	1
278.234908	4.760014E-8	1
278.342578	4.760936E-8	1
278.450955	4.760053E-8	1
278.558927	4.759621E-8	1
278.668789	4.760124E-8	1
278.777818	4.759164E-8	1
278.887202	4.759769E-8	1
278.995924	4.759151E-8	1
279.103665	4.759802E-8	1
279.22241	4.760794E-8	1
279.331287	4.759969E-8	1
279.439607	4.760292E-8	1
279.547714	4.759666E-8	1
279.655204	4.759641E-8	1
279.763349	4.758532E-8	1
279.87155	4.759563E-8	1
279.97977	4.758912E-8	1
280.088792	4.759015E-8	1
280.196936	4.758087E-8	1
280.30496	4.759318E-8	1
280.411934	4.759209E-8	1
280.519473	4.759048E-8	1
280.62725	4.758358E-8	1
280.735978	4.759209E-8	1
280.843429	4.759112E-8	1
280.952422	4.758158E-8	1
281.060011	4.757455E-8	1
281.169886	4.757623E-8	1
281.276474	4.757494E-8	1
281.38397	4.757513E-8	1
281.491664	4.756759E-8	1
281.601586	4.75616E-8	1
281.711146	4.755908E-8	1
281.819196	4.757023E-8	1
281.926126	4.756102E-8	1
282.034161	4.756682E-8	1
282.141794	4.756237E-8	1
282.248666	4.757191E-8	1
282.356435	4.756237E-8	1
282.466071	4.755999E-8	1
282.574901	4.756024E-8	1
282.68356	4.755438E-8	1
282.791896	4.755464E-8	1
282.900168	4.75527E-8	1
283.007816	4.755657E-8	1
283.115975	4.755522E-8	1
283.224733	4.755431E-8	1
283.332357	4.755483E-8	1
283.440885	4.754948E-8	1
283.548744	4.75498E-8	1
283.656865	4.755219E-8	1
283.765055	4.755244E-8	1
283.873099	4.754864E-8	1
283.980696	4.755206E-8	1
284.090222	4.755631E-8	1
284.198826	4.755025E-8	1
284.307829	4.755457E-8	1
284.416033	4.754265E-8	1
284.524614	4.755541E-8	1
284.632311	4.755096E-8	1
284.741142	4.75478E-8	1
284.848531	4.755103E-8	1
284.956919	4.754948E-8	1
285.063654	4.754993E-8	1
285.170874	4.754535E-8	1
285.279877	4.754696E-8	1
285.387835	4.754793E-8	1
285.496093	4.754381E-8	1
285.605456	4.754026E-8	1
285.712758	4.754194E-8	1
285.821871	4.754858E-8	1
285.930218	4.754999E-8	1
286.038469	4.753549E-8	1
286.146352	4.754522E-8	1
286.25725	4.754439E-8	1
286.365504	4.753904E-8	1
286.474597	4.754677E-8	1
286.583153	4.754568E-8	1
286.690702	4.753839E-8	1
286.797851	4.753975E-8	1
286.906229	4.754626E-8	1
287.013406	4.753736E-8	1
287.121569	4.753317E-8	1
287.229505	4.753633E-8	1
287.338868	4.753884E-8	1
287.446418	4.754658E-8	1
287.556249	4.75489E-8	1
287.663951	4.754226E-8	1
287.771074	4.7538E-8	1
287.879945	4.754071E-8	1
287.988877	4.754045E-8	1
288.097874	4.753749E-8	1
288.20687	4.753807E-8	1
288.314822	4.754058E-8	1
288.423268	4.753394E-8	1
288.5316	4.752518E-8	1
288.639272	4.754194E-8	1
288.74789	4.75451E-8	1
288.856373	4.753433E-8	1
288.965674	4.753091E-8	1
289.074463	4.753646E-8	1
289.182377	4.752666E-8	1
289.291163	4.753388E-8	1
289.399501	4.753543E-8	1
289.507947	4.753182E-8	1
289.616159	4.753265E-8	1
289.72376	4.752737E-8	1
289.831247	4.752531E-8	1
289.938607	4.753085E-8	1
290.046514	4.752827E-8	1
290.154911	4.752885E-8	1
290.264004	4.752286E-8	1
290.371767	4.753813E-8	1
290.479603	4.752827E-8	1
290.587894	4.752176E-8	1
290.697178	4.751899E-8	1
290.804207	4.750984E-8	1
290.912515	4.751467E-8	1
291.020802	4.751706E-8	1
291.127883	4.75119E-8	1
291.23483	4.750565E-8	1
291.343384	4.751209E-8	1
291.449889	4.751493E-8	1
291.557126	4.75148E-8	1
291.664996	4.75148E-8	1
291.773415	4.752982E-8	1
291.881557	4.751622E-8	1
291.990738	4.751093E-8	1
292.098897	4.75139E-8	1
292.207191	4.750784E-8	1
292.315129	4.750565E-8	1
292.423508	4.75148E-8	1
292.530818	4.750874E-8	1
292.6386	4.751216E-8	1
292.746404	4.750996E-8	1
292.854075	4.751499E-8	1
292.961726	4.750745E-8	1
293.069416	4.751312E-8	1
293.178185	4.751042E-8	1
293.286047	4.750352E-8	1
293.393621	4.751873E-8	1
293.503017	4.750693E-8	1
293.610702	4.750468E-8	1
293.719299	4.751035E-8	1
293.826707	4.751764E-8	1
293.934537	4.751454E-8	1
294.042212	4.751635E-8	1
294.150065	4.751396E-8	1
294.257915	4.751345E-8	1
294.36552	4.750255E-8	1
294.472645	4.751641E-8	1
294.579842	4.751261E-8	1
294.688371	4.751383E-8	1
294.795139	4.749134E-8	1
294.905048	4.750307E-8	1
295.01192	4.7503E-8	1
295.121778	4.750184E-8	1
295.230113	4.75032E-8	1
295.33824	4.750371E-8	1
295.446994	4.750262E-8	1
295.554597	4.75081E-8	1
295.663066	4.750184E-8	1
295.771134	4.750352E-8	1
295.879591	4.750732E-8	1
295.987928	4.750971E-8	1
296.095951	4.750777E-8	1
296.204136	4.749127E-8	1
296.313098	4.749262E-8	1
296.420199	4.750113E-8	1
296.527468	4.749256E-8	1
296.636177	4.750197E-8	1
296.744226	4.749662E-8	1
296.853627	4.749907E-8	1
296.961664	4.749501E-8	1
297.069685	4.748727E-8	1
297.177975	4.749043E-8	1
297.285826	4.75061E-8	1
297.394993	4.749082E-8	1
297.503354	4.748657E-8	1
297.611565	4.749134E-8	1
297.718957	4.748882E-8	1
297.826359	4.749643E-8	1
297.935494	4.748798E-8	1
298.044416	4.749037E-8	1
298.153623	4.749314E-8	1
298.261491	4.749972E-8	1
298.370343	4.74932E-8	1
298.477952	4.749211E-8	1
298.586509	4.749727E-8	1
298.694053	4.749565E-8	1
298.802063	4.748553E-8	1
298.909618	4.749024E-8	1
299.018745	4.748218E-8	1
299.126523	4.749372E-8	1
299.234708	4.749056E-8	1
299.344105	4.748244E-8	1
299.451971	4.748031E-8	1
299.560145	4.748147E-8	1
299.667896	4.747703E-8	1
299.776258	4.747213E-8	1
299.883497	4.747219E-8	1
299.991257	4.747168E-8	1
300.098842	1.736554E-8	1
300.207458	1.664355E-10	0
300.315687	1.606985E-10	0
300.423843	1.718501E-10	0
300.532041	1.520609E-10	0
300.639366	1.657909E-10	0
300.748697	1.618588E-10	0
300.856076	1.547037E-10	0
300.963556	1.577978E-10	0
301.072078	1.650818E-10	0
301.181404	1.519964E-10	0
301.289363	1.527699E-10	0
301.399103	1.604407E-10	0
301.507468	1.65662E-10	0
301.61486	1.531567E-10	0
301.721514	1.61601E-10	0
301.829169	1.514807E-10	0
301.937981	1.572822E-10	0
302.046995	1.525121E-10	0
302.154747	1.601184E-10	0
302.263418	1.614076E-10	0
302.372866	1.601184E-10	0
302.480632	1.608275E-10	0
302.588986	1.595383E-10	0
302.696001	1.657264E-10	0
302.80573	1.572822E-10	0
302.914072	1.579912E-10	0
303.022472	1.618588E-10	0
303.129218	1.643083E-10	0
303.237192	1.596027E-10	0
303.344856	1.64824E-10	0
303.453139	1.576045E-10	0
303.560386	1.554773E-10	0
303.667994	1.609564E-10	0
303.784411	1.580557E-10	0
303.893641	1.611498E-10	0
304.00187	1.634059E-10	0
304.10797	1.593449E-10	0
304.215951	1.59216E-10	0
304.323617	1.574755E-10	0
304.432703	1.613431E-10	0
304.541596	1.579268E-10	0
304.648866	1.59216E-10	0
304.757039	1.612142E-10	0
304.864594	1.560574E-10	0
304.972813	1.562508E-10	0
305.081034	1.623745E-10	0
305.203226	1.58378E-10	0
305.322022	1.566375E-10	0
305.432048	1.588937E-10	0
305.539962	1.596672E-10	0
305.646451	1.532212E-10	0
305.75381	1.542525E-10	0
305.861315	1.64824E-10	0
305.969656	1.605696E-10	0
306.078001	1.585714E-10	0
306.185989	1.593449E-10	0
306.294489	1.597316E-10	0
306.41768	1.537368E-10	0
306.526907	1.596672E-10	0
306.634896	1.569598E-10	0
306.742188	1.603762E-10	0
306.84944	1.56702E-10	0
306.958047	1.596027E-10	0
307.065579	1.556706E-10	0
307.173767	1.569598E-10	0
307.282018	1.596672E-10	0
307.39126	1.579912E-10	0
307.499693	1.545748E-10	0
307.607346	1.581201E-10	0
307.715875	1.599895E-10	0
307.823946	1.555417E-10	0
307.931306	1.577334E-10	0
308.03979	1.55864E-10	0
308.14709	1.562508E-10	0
308.254318	1.565086E-10	0
308.362434	1.606341E-10	0
308.469738	1.594738E-10	0
308.577133	1.555417E-10	0
308.685415	1.587003E-10	0
308.793431	1.55026E-10	0
308.900636	1.581846E-10	0
309.00901	1.599895E-10	0
309.118044	1.585714E-10	0
309.225535	1.562508E-10	0
309.334044	1.585714E-10	0
309.442169	1.582491E-10	0
309.55091	1.59216E-10	0
309.659338	1.608275E-10	0
309.767122	1.571532E-10	0
309.874878	1.587647E-10	0
309.982681	1.580557E-10	0
310.090936	1.579912E-10	0
310.19972	1.580557E-10	0
310.307485	1.583135E-10	0
310.415565	1.605696E-10	0
310.522708	1.59925E-10	0
310.63075	1.605696E-10	0
310.739246	1.596027E-10	0
310.846871	1.577334E-10	0
310.956281	1.567665E-10	0
311.065421	1.612142E-10	0
311.173888	1.574755E-10	0
311.28068	1.596672E-10	0
311.388952	1.604407E-10	0
311.497214	1.618588E-10	0
311.604873	1.572822E-10	0
311.712684	1.599895E-10	0
311.822303	1.598606E-10	0
311.93026	1.590226E-10	0
312.038989	1.599895E-10	0
312.14807	1.58378E-10	0
312.25657	1.573466E-10	0
312.365335	1.561219E-10	0
312.474242	1.56702E-10	0
312.583006	1.592804E-10	0
312.692769	1.584424E-10	0
312.802449	1.542525E-10	0
312.911881	1.565086E-10	0
313.020216	1.573466E-10	0
313.128638	1.568309E-10	0
313.236531	1.626968E-10	0
313.344796	1.590226E-10	0
313.4542	1.585069E-10	0
313.562076	1.588937E-10	0
313.669763	1.593449E-10	0
313.779097	1.594738E-10	0
313.887171	1.578623E-10	0
313.996329	1.581846E-10	0
314.105299	1.577978E-10	0
314.214195	1.568954E-10	0
314.322651	1.599895E-10	0
314.432117	1.585069E-10	0
314.540246	1.59087E-10	0
314.648937	1.58378E-10	0
314.758091	1.582491E-10	0
314.865955	1.601829E-10	0
314.97393	1.589581E-10	0
315.081917	1.570243E-10	0
315.189666	1.584424E-10	0
315.296957	1.563152E-10	0
315.405586	1.56702E-10	0
315.512932	1.56702E-10	0
315.620087	1.581201E-10	0
315.728102	1.567665E-10	0
315.836308	1.594738E-10	0
315.945213	1.566375E-10	0
316.053913	1.591515E-10	0
316.16175	1.565086E-10	0
316.269519	1.603118E-10	0
316.378105	1.585069E-10	0
316.486062	1.572177E-10	0
316.594491	1.576045E-10	0
316.701286	1.606341E-10	0
316.807782	1.556706E-10	0
316.915122	1.548971E-10	0
317.023176	1.55155E-10	0
317.130619	1.581201E-10	0
317.241253	1.596672E-10	0
317.350781	1.565731E-10	0
317.458387	1.561863E-10	0
317.567341	1.55155E-10	0
317.675725	1.561863E-10	0
317.78335	1.574111E-10	0
317.890337	1.559285E-10	0
317.997612	1.570888E-10	0
318.106242	1.560574E-10	0
318.214731	1.569598E-10	0
318.322449	1.594738E-10	0
318.432316	1.569598E-10	0
318.539594	1.563797E-10	0
318.649129	1.56702E-10	0
318.756299	1.581846E-10	0
318.864136	1.567665E-10	0
318.972291	1.606341E-10	0
319.080001	1.602473E-10	0
319.188132	1.603118E-10	0
319.297192	1.594093E-10	0
319.405634	1.569598E-10	0
319.514496	1.586358E-10	0
319.622884	1.592804E-10	0
319.73149	1.559929E-10	0
319.839138	1.570888E-10	0
319.948973	1.595383E-10	0
320.055326	1.569598E-10	0
320.163567	1.556062E-10	0
320.271441	1.572177E-10	0
320.378812	1.59216E-10	0
320.488477	1.603118E-10	0
320.597649	1.583135E-10	0
320.705996	1.571532E-10	0
320.813277	1.570243E-10	0
320.921643	1.587003E-10	0
321.029514	1.604407E-10	0
321.138173	1.573466E-10	0
321.246146	1.596027E-10	0
321.353398	1.571532E-10	0
321.461732	1.576045E-10	0
321.569764	1.559285E-10	0
321.679181	1.570243E-10	0
321.788154	1.573466E-10	0
321.894885	1.570243E-10	0
322.003249	1.556706E-10	0
322.112818	1.592804E-10	0
322.221408	1.568954E-10	0
322.329537	1.568954E-10	0
322.436962	1.570888E-10	0
322.545759	1.56702E-10	0
322.654259	1.599895E-10	0
322.762727	1.56702E-10	0
322.869846	1.592804E-10	0
322.978162	1.585069E-10	0
323.086925	1.590226E-10	0
323.193291	1.572822E-10	0
323.300503	1.580557E-10	0
323.407883	1.592804E-10	0
323.515406	1.579268E-10	0
323.623825	1.581201E-10	0
323.731797	1.571532E-10	0
323.839913	1.585714E-10	0
323.949446	1.604407E-10	0
324.058538	1.545748E-10	0
324.166752	1.577334E-10	0
324.275755	1.546393E-10	0
324.38388	1.587647E-10	0
324.492391	1.588292E-10	0
324.600569	1.567665E-10	0
324.707731	1.566375E-10	0
324.814848	1.5754E-10	0
324.922132	1.580557E-10	0
325.030752	1.561219E-10	0
325.139184	1.550905E-10	0
325.247654	1.578623E-10	0
325.356185	1.581846E-10	0
325.465286	1.579912E-10	0
325.573916	1.541881E-10	0
325.682376	1.534145E-10	0
325.789052	1.550905E-10	0
325.896528	1.584424E-10	0
326.003951	1.61601E-10	0
326.1124	1.568954E-10	0
326.21967	1.611498E-10	0
326.326299	1.547682E-10	0
326.434376	1.582491E-10	0
326.542583	1.553483E-10	0
326.650176	1.565086E-10	0
326.758744	1.585069E-10	0
326.867969	1.580557E-10	0
326.976082	1.605052E-10	0
327.086286	1.584424E-10	0
327.193064	1.610208E-10	0
327.302465	1.589581E-10	0
327.411444	1.55864E-10	0
327.522084	1.597316E-10	0
327.631648	1.554128E-10	0
327.740342	1.554128E-10	0
327.848998	1.555417E-10	0
327.956388	1.565731E-10	0
328.064999	1.547682E-10	0
328.173142	1.540591E-10	0
328.281346	1.574755E-10	0
328.390936	1.572177E-10	0
328.497791	1.576689E-10	0
328.605231	1.588937E-10	0
328.711691	1.566375E-10	0
328.819511	1.590226E-10	0
328.928214	1.542525E-10	0
329.03531	1.545748E-10	0
329.144641	1.59925E-10	0
329.252288	1.585714E-10	0
329.358989	1.554128E-10	0
329.466449	1.570888E-10	0
329.575353	1.565731E-10	0
329.684578	1.560574E-10	0
329.791819	1.552839E-10	0
329.899808	1.554773E-10	0
330.008192	1.56702E-10	0
330.115966	1.536724E-10	0
330.224699	1.583135E-10	0
330.332048	1.562508E-10	0
330.440066	1.565731E-10	0
330.547756	1.567665E-10	0
330.655287	1.59087E-10	0
330.762771	1.603762E-10	0
330.871721	1.561863E-10	0
330.979545	1.568309E-10	0
331.088114	1.55155E-10	0
331.196707	1.559929E-10	0
331.305079	1.552839E-10	0
331.413342	1.569598E-10	0
331.520473	1.574111E-10	0
331.628238	1.573466E-10	0
331.735784	1.593449E-10	0
331.844332	1.594738E-10	0
331.951738	1.579912E-10	0
332.05981	1.578623E-10	0
332.168241	1.595383E-10	0
332.275994	1.576689E-10	0
332.385899	1.579268E-10	0
332.49506	1.571532E-10	0
332.602626	1.610208E-10	0
332.710981	1.563797E-10	0
332.81925	1.583135E-10	0
332.928248	1.609564E-10	0
333.036993	1.541881E-10	0
333.144511	1.565086E-10	0
333.25189	1.587647E-10	0
333.360631	1.538013E-10	0
333.468252	1.605696E-10	0
333.575859	1.595383E-10	0
333.684398	1.595383E-10	0
333.792661	1.5754E-10	0
333.901727	1.591515E-10	0
334.008628	1.598606E-10	0
334.117352	1.589581E-10	0
334.224909	1.605696E-10	0
334.332309	1.590226E-10	0
334.44166	1.556706E-10	0
334.549835	1.570888E-10	0
334.658288	1.574111E-10	0
334.765961	1.613431E-10	0
334.873107	1.585069E-10	0
334.981231	1.570888E-10	0
335.089135	1.576045E-10	0
335.197447	1.564442E-10	0
335.306287	1.570888E-10	0
335.414595	1.54317E-10	0
335.523044	1.584424E-10	0
335.630805	1.559285E-10	0
335.738154	1.605696E-10	0
335.847782	1.570243E-10	0
335.955024	1.55864E-10	0
336.062523	1.600539E-10	0
336.172222	1.577334E-10	0
336.28024	1.579268E-10	0
336.388282	1.61601E-10	0
336.496578	1.58378E-10	0
336.605578	1.585714E-10	0
336.712128	1.579912E-10	0
336.819851	1.570243E-10	0
336.928285	1.59216E-10	0
337.037671	1.585714E-10	0
337.146008	1.589581E-10	0
337.253698	1.569598E-10	0
337.360133	1.570888E-10	0
337.468287	1.577334E-10	0
337.576464	1.616654E-10	0
337.685126	1.591515E-10	0
337.792503	1.562508E-10	0
337.901381	1.599895E-10	0
338.009738	1.596027E-10	0
338.117399	1.579268E-10	0
338.226321	1.570243E-10	0
338.333268	1.569598E-10	0
338.441392	1.601184E-10	0
338.549701	1.587003E-10	0
338.656782	1.565086E-10	0
338.76606	1.580557E-10	0
338.873807	1.557996E-10	0
338.9811	1.576045E-10	0
339.090628	1.578623E-10	0
339.199328	1.5754E-10	0
339.30866	1.552194E-10	0
339.417377	1.5754E-10	0
339.524756	1.564442E-10	0
339.632102	1.563797E-10	0
339.739311	1.55864E-10	0
339.847166	1.527055E-10	0
339.956042	1.533501E-10	0
340.063836	1.570888E-10	0
340.17157	1.581201E-10	0
340.279828	1.556062E-10	0
340.388593	1.588937E-10	0
340.496477	1.589581E-10	0
340.603647	1.596672E-10	0
340.711411	1.56702E-10	0
340.81866	1.559929E-10	0
340.927491	1.55864E-10	0
341.035376	1.595383E-10	0
341.143212	1.585714E-10	0
341.250688	1.576045E-10	0
341.358325	1.561863E-10	0
341.465741	1.577978E-10	0
341.573179	1.585069E-10	0
341.680008	1.587647E-10	0
341.787773	1.579912E-10	0
341.894919	1.557351E-10	0
342.003574	1.565731E-10	0
342.111393	1.586358E-10	0
342.219728	1.5754E-10	0
342.327062	1.54317E-10	0
342.435214	1.578623E-10	0
342.543221	1.557351E-10	0
342.650976	1.5754E-10	0
342.759028	1.585069E-10	0
342.866473	1.545104E-10	0
342.97448	1.536079E-10	0
343.082536	1.578623E-10	0
343.190595	1.548971E-10	0
343.297535	1.574755E-10	0
343.405704	1.588292E-10	0
343.514384	1.570243E-10	0
343.621607	1.560574E-10	0
343.729199	1.572822E-10	0
343.837456	1.561863E-10	0
343.946118	1.581846E-10	0
344.055522	1.552194E-10	0
344.163786	1.541881E-10	0
344.273112	1.581846E-10	0
344.381526	1.582491E-10	0
344.48835	1.552839E-10	0
344.597351	1.555417E-10	0
344.704887	1.582491E-10	0
344.812152	1.546393E-10	0
344.920899	1.570243E-10	0
345.029254	1.579268E-10	0
345.137712	1.581201E-10	0
345.245634	1.571532E-10	0
345.354568	1.580557E-10	0
345.462339	1.576689E-10	0
345.571596	1.578623E-10	0
345.680198	1.577334E-10	0
345.788364	1.587003E-10	0
345.896607	1.591515E-10	0
346.004343	1.580557E-10	0
346.111985	1.538658E-10	0
346.218678	1.554773E-10	0
346.326976	1.5754E-10	0
346.435784	1.561863E-10	0
346.54335	1.566375E-10	0
346.65101	1.561863E-10	0
346.759467	1.564442E-10	0
346.867198	1.577978E-10	0
346.974566	1.579912E-10	0
347.082486	1.538658E-10	0
347.19077	1.562508E-10	0
347.299378	1.557351E-10	0
347.406543	1.569598E-10	0
347.514073	1.581846E-10	0
347.622303	1.536079E-10	0
347.73071	1.568954E-10	0
347.839002	1.582491E-10	0
347.947248	1.593449E-10	0
348.055426	1.588292E-10	0
348.163243	1.59087E-10	0
348.270195	1.58378E-10	0
348.376486	1.576045E-10	0
348.483709	1.594093E-10	0
348.591449	1.597961E-10	0
348.698676	1.59216E-10	0
348.806904	1.596027E-10	0
348.915192	1.570888E-10	0
349.021557	1.579268E-10	0
349.129348	1.5754E-10	0
349.236995	1.580557E-10	0
349.344625	1.568954E-10	0
349.452544	1.590226E-10	0
349.560787	1.59087E-10	0
349.667968	1.59216E-10	0
349.776375	1.525766E-10	0
349.884298	1.574111E-10	0
349.992547	1.5754E-10	0
350.101131	1.559929E-10	0
350.209334	1.581846E-10	0
350.31785	1.606985E-10	0
350.426486	1.556706E-10	0
350.535149	1.554773E-10	0
350.643724	1.566375E-10	0
350.751567	1.59087E-10	0
350.859465	1.581201E-10	0
350.96841	1.593449E-10	0
351.076536	1.554773E-10	0
351.185494	1.545104E-10	0
351.29262	1.552839E-10	0
351.399821	1.544459E-10	0
351.507706	1.555417E-10	0
351.615404	1.597316E-10	0
351.723911	1.547037E-10	0
351.832452	1.570888E-10	0
351.940086	1.580557E-10	0
352.048418	1.556062E-10	0
352.157172	1.568954E-10	0
352.264994	1.565086E-10	0
352.372676	1.552839E-10	0
352.48041	1.586358E-10	0
352.588233	1.573466E-10	0
352.697385	1.554773E-10	0
352.806226	1.581846E-10	0
352.914888	1.578623E-10	0
353.022192	1.581846E-10	0
353.129826	1.534145E-10	0
353.237644	1.601829E-10	0
353.346026	1.572822E-10	0
353.453178	1.554773E-10	0
353.560699	1.559929E-10	0
353.66925	1.571532E-10	0
353.777153	1.541236E-10	0
353.884844	1.548327E-10	0
353.992779	1.548971E-10	0
354.100822	1.585069E-10	0
354.209436	1.59216E-10	0
354.3192	1.587003E-10	0
354.427757	1.567665E-10	0
354.535377	1.585714E-10	0
354.643425	1.588937E-10	0
354.750756	1.574755E-10	0
354.85944	1.59216E-10	0
354.968688	1.605052E-10	0
355.075579	1.585714E-10	0
355.184087	1.604407E-10	0
355.291683	1.573466E-10	0
355.399142	1.583135E-10	0
355.507586	1.59087E-10	0
355.616839	1.604407E-10	0
355.725364	1.590226E-10	0
355.833066	1.573466E-10	0
355.940845	1.536724E-10	0
356.049449	1.576045E-10	0
356.156664	1.591515E-10	0
356.264893	1.570888E-10	0
356.373981	1.539302E-10	0
356.481134	1.600539E-10	0
356.591051	1.586358E-10	0
356.699489	1.588937E-10	0
356.80649	1.579912E-10	0
356.914568	1.586358E-10	0
357.022097	1.577334E-10	0
357.130856	1.581846E-10	0
357.239781	1.567665E-10	0
357.348342	1.585069E-10	0
357.456957	1.542525E-10	0
357.565072	1.576045E-10	0
357.673349	1.571532E-10	0
357.779858	1.59216E-10	0
357.887434	1.559285E-10	0
357.995112	1.595383E-10	0
358.102542	1.601829E-10	0
358.211177	1.587647E-10	0
358.318471	1.556062E-10	0
358.427727	1.585714E-10	0
358.535932	1.577978E-10	0
358.643634	1.586358E-10	0
358.752358	1.562508E-10	0
358.862766	1.572177E-10	0
358.970438	1.572177E-10	0
359.077427	1.594738E-10	0
359.186042	1.568954E-10	0
359.295418	1.587003E-10	0
359.404157	1.585069E-10	0
359.513285	1.574111E-10	0
359.621133	1.568309E-10	0
359.72923	1.599895E-10	0
359.837811	1.570243E-10	0
359.946558	1.570243E-10	0
360.054434	1.598606E-10	0
